WASP80b/WASP80b_WLP4/Results/ROEBA_Results/345_radii/WASP80b_WLP4_nrca3_level3_asn_phot.ecsv
# %ECSV 0.9
# ---
# datatype:
# - {name: MJD, datatype: float64}
# - {name: aperture_sum, unit: Jy, datatype: float64}
# - {name: aperture_sum_err, unit: Jy, datatype: float64}
# - {name: annulus_sum, unit: Jy, datatype: float64}
# - {name: annulus_sum_err, unit: Jy, datatype: float64}
# - {name: annulus_mean, unit: Jy, datatype: float64}
# - {name: annulus_mean_err, unit: Jy, datatype: float64}
# - {name: aperture_bkg, unit: Jy, datatype: float64}
# - {name: aperture_bkg_err, unit: Jy, datatype: float64}
# - {name: net_aperture_sum, unit: Jy, datatype: float64}
# - {name: net_aperture_sum_err, unit: Jy, datatype: float64}
# meta: !!omap
# - {instrument: NIRCAM}
# - {detector: NRCA3}
# - {channel: SHORT}
# - {subarray: SUBGRISM256}
# - {filter: WLP4}
# - {pupil: CLEAR}
# - {target_name: UNKNOWN}
# - {xcenter: 1055.75}
# - {ycenter: 166.5}
# - ra_icrs: !numpy.ndarray
#     buffer: !!binary |
#       N3hKNXpxcnlja0E9
#     dtype: float64
#     order: C
#     shape: !!python/tuple []
# - dec_icrs: !numpy.ndarray
#     buffer: !!binary |
#       OGpMa01hd25BY0E9
#     dtype: float64
#     order: C
#     shape: !!python/tuple []
# - {apertures: Photometry measured in a circular aperture of r=3.0 pixels.  Background calculated as the mean in a circular annulus with
#     r_inner=4.0 pixels and r_outer=5.0 pixels.}
# - {number_of_integrations: 1227}
# - __serialized_columns__:
#     annulus_mean:
#       __class__: astropy.units.quantity.Quantity
#       unit: &id001 !astropy.units.Unit {unit: Jy}
#       value: !astropy.table.SerializedColumn {name: annulus_mean}
#     annulus_mean_err:
#       __class__: astropy.units.quantity.Quantity
#       unit: *id001
#       value: !astropy.table.SerializedColumn {name: annulus_mean_err}
#     annulus_sum:
#       __class__: astropy.units.quantity.Quantity
#       unit: *id001
#       value: !astropy.table.SerializedColumn {name: annulus_sum}
#     annulus_sum_err:
#       __class__: astropy.units.quantity.Quantity
#       unit: *id001
#       value: !astropy.table.SerializedColumn {name: annulus_sum_err}
#     aperture_bkg:
#       __class__: astropy.units.quantity.Quantity
#       unit: *id001
#       value: !astropy.table.SerializedColumn {name: aperture_bkg}
#     aperture_bkg_err:
#       __class__: astropy.units.quantity.Quantity
#       unit: *id001
#       value: !astropy.table.SerializedColumn {name: aperture_bkg_err}
#     aperture_sum:
#       __class__: astropy.units.quantity.Quantity
#       unit: *id001
#       value: !astropy.table.SerializedColumn {name: aperture_sum}
#     aperture_sum_err:
#       __class__: astropy.units.quantity.Quantity
#       unit: *id001
#       value: !astropy.table.SerializedColumn {name: aperture_sum_err}
#     net_aperture_sum:
#       __class__: astropy.units.quantity.Quantity
#       unit: *id001
#       value: !astropy.table.SerializedColumn {name: net_aperture_sum}
#     net_aperture_sum_err:
#       __class__: astropy.units.quantity.Quantity
#       unit: *id001
#       value: !astropy.table.SerializedColumn {name: net_aperture_sum_err}
# schema: astropy-2.0
MJD aperture_sum aperture_sum_err annulus_sum annulus_sum_err annulus_mean annulus_mean_err aperture_bkg aperture_bkg_err net_aperture_sum net_aperture_sum_err
[from data line 942]
59852.38886920359 0.0025628399898001038 6.591807235512014e-06 0.0011749693010698436 4.210830370901871e-06 4.1556038276998893e-05 1.489276595667804e-07 0.0011749693010698436 4.210830370901871e-06 0.0013878706887302601 7.821957238610943e-06
59852.389071830556 0.0025734232771395084 6.600110150487477e-06 0.0011723519716338897 4.209768075605965e-06 4.146346918423623e-05 1.4889008855625448e-07 0.0011723519716338897 4.209768075605965e-06 0.0014010713055056187 7.828384331965247e-06
59852.38927445752 0.0025678096992335143 6.5965966743088215e-06 0.0011759358061838505 4.213025694772519e-06 4.159022140286951e-05 1.4900530326582513e-07 0.0011759358061838505 4.213025694772519e-06 0.0013918738930496638 7.827175300727312e-06
59852.38947708449 0.002565525856280677 6.595127163284876e-06 0.0011791666654598684 4.213935726874141e-06 4.1704489674916744e-05 1.4903748906745745e-07 0.0011791666654598684 4.213935726874141e-06 0.0013863591908208086 7.826426809861848e-06
59852.38967971146 0.0025741531617119056 6.602130908907445e-06 0.001184617835161398 4.2163771311428345e-06 4.1897285364612564e-05 1.4912383608022373e-07 0.001184617835161398 4.2163771311428345e-06 0.0013895353265505077 7.833643382895045e-06
59852.38988233842 0.002570884181683261 6.597441417632412e-06 0.0011786629574817205 4.214107250399827e-06 4.1686674649450726e-05 1.4904355547122846e-07 0.0011786629574817205 4.214107250399827e-06 0.0013922212242015407 7.82846940193062e-06
59852.390084965395 0.0025701168215507483 6.597757523575722e-06 0.0011795898958236915 4.214410438144977e-06 4.171945838702097e-05 1.4905427854418967e-07 0.0011795898958236915 4.214410438144977e-06 0.0013905269257270569 7.828899008228769e-06
59852.39028759236 0.0025591703006264165 6.591293938351497e-06 0.001175595770688754 4.212198302241641e-06 4.157819510734255e-05 1.4897604024112144e-07 0.001175595770688754 4.212198302241641e-06 0.0013835745299376626 7.822261202437345e-06
59852.39049021933 0.00257215854457633 6.5981853980983816e-06 0.0011753496813995375 4.211976690261825e-06 4.156949147916016e-05 1.48968202320669e-07 0.0011753496813995375 4.211976690261825e-06 0.0013968088631767924 7.827949807388116e-06
59852.3906928463 0.002564526967485054 6.594097249958966e-06 0.0011708784527420738 4.209220217242524e-06 4.141135411415361e-05 1.4887071203033095e-07 0.0011708784527420738 4.209220217242524e-06 0.0013936485147429802 7.823020732374394e-06
59852.39089547326 0.0025645186700539663 6.593681314115007e-06 0.0011748479623055756 4.211838820605642e-06 4.155174679608291e-05 1.4896332617905035e-07 0.0011748479623055756 4.211838820605642e-06 0.0013896707077483907 7.8240794680825e-06
59852.391098100234 0.002560304280795873 6.592598329258361e-06 0.0011740435816644697 4.211352758477e-06 4.152329765049192e-05 1.489461352478452e-07 0.0011740435816644697 4.211352758477e-06 0.0013862606991314032 7.822905137304937e-06
59852.3913007272 0.0025614310696878595 6.59197955602479e-06 0.0011735942907925554 4.2101885386396755e-06 4.150740723645832e-05 1.4890495939407724e-07 0.0011735942907925554 4.2101885386396755e-06 0.001387836778895304 7.821756963620237e-06
59852.39150335416 0.002567848173857719 6.622319304495238e-06 0.001171354801207407 4.31174666133843e-06 4.1428201494796275e-05 1.5249684322488611e-07 0.001171354801207407 4.31174666133843e-06 0.0013964933726503123 7.902295378069172e-06
59852.391705981136 0.0025657800786981345 6.595128947730932e-06 0.0011826551098828655 4.215746738746862e-06 4.182786815794371e-05 1.4910154051002226e-07 0.0011826551098828655 4.215746738746862e-06 0.001383124968815269 7.82740355433737e-06
59852.3919086081 0.0025710497590395406 6.599279274003016e-06 0.0011783547464741745 4.213747498142746e-06 4.167577391492489e-05 1.4903083183789447e-07 0.0011783547464741745 4.213747498142746e-06 0.001392695012565366 7.829824705214673e-06
59852.39211123507 0.0025720353655920374 6.600729484014917e-06 0.0011808647478553146 4.215929432576532e-06 4.176454705425287e-05 1.4910800198248102e-07 0.0011808647478553146 4.215929432576532e-06 0.0013911706177367228 7.832221313370103e-06
59852.39231386204 0.0025639853097567545 6.595411996102819e-06 0.001176024306039899 4.211639381183609e-06 4.159335144499241e-05 1.489562724524139e-07 0.001176024306039899 4.211639381183609e-06 0.0013879610037168554 7.825430702234454e-06
59852.392516489 0.002572078084822687 6.598338033907224e-06 0.0011736378267533261 4.210509519702082e-06 4.150894700609363e-05 1.489163117769041e-07 0.0011736378267533261 4.210509519702082e-06 0.0013984402580693607 7.827289136425748e-06
59852.392719115975 0.002568245199466215 6.59947588962925e-06 0.001171467112140776 4.2102097639590834e-06 4.143217368150938e-05 1.489057100861889e-07 0.001171467112140776 4.2102097639590834e-06 0.001396778087325439 7.828087140185283e-06
59852.39292174294 0.0025668312365194185 6.5975510604613705e-06 0.001177851172387613 4.2130085811188995e-06 4.165796362490506e-05 1.4900469799414337e-07 0.001177851172387613 4.2130085811188995e-06 0.0013889800641318055 7.827970445778166e-06
59852.393124369904 0.0025666738661366327 6.5936371997575e-06 0.0011811268818844296 4.215420257529052e-06 4.17738181490276e-05 1.490899935989909e-07 0.0011811268818844296 4.215420257529052e-06 0.001385546984252203 7.825970832402343e-06
59852.39332699688 0.0025676448618311724 6.5958914711333415e-06 0.0011766661249186887 4.212180673060195e-06 4.161605114435443e-05 1.4897541673637261e-07 0.0011766661249186887 4.212180673060195e-06 0.0013909787369124837 7.826126137590128e-06
59852.39352962384 0.0025694640603382162 6.5969031836346925e-06 0.0011780720588853535 4.212499462751982e-06 4.166577588667787e-05 1.4898669161531808e-07 0.0011780720588853535 4.212499462751982e-06 0.0013913920014528628 7.827150397043313e-06
59852.39373225081 0.002555473465692124 6.585466975069845e-06 0.0011830664394072727 4.215530787037185e-06 4.184241596395461e-05 1.4909390278067468e-07 0.0011830664394072727 4.215530787037185e-06 0.0013724070262848514 7.819147977637584e-06
59852.39393487778 0.0025633245836335986 6.59145908021716e-06 0.001178044763637946 4.213488429579422e-06 4.166481051477835e-05 1.4902166916179387e-07 0.001178044763637946 4.213488429579422e-06 0.0013852798199956527 7.823095138906142e-06
59852.39413750474 0.002567820968527397 6.596773539218739e-06 0.001184050310480061 4.215431135813761e-06 4.1877213284976695e-05 1.4909037833960954e-07 0.001184050310480061 4.215431135813761e-06 0.001383770658047336 7.828619341143406e-06
59852.394340131716 0.0025606319682245143 6.605749380723317e-06 0.001175151057690965 4.237889959051301e-06 4.1562466602485815e-05 1.4988469672500544e-07 0.001175151057690965 4.237889959051301e-06 0.0013854809105335493 7.848288742519246e-06
59852.39454275868 0.0025665604742080125 6.597143800978243e-06 0.0011752545108462168 4.211705587473933e-06 4.156612550938288e-05 1.489586140209403e-07 0.0011752545108462168 4.211705587473933e-06 0.0013913059633617957 7.82692597935772e-06
59852.394745385645 0.002570653016766919 6.596978929860663e-06 0.00117873271394437 4.213698739512636e-06 4.1689141779638126e-05 1.490291073541166e-07 0.00117873271394437 4.213698739512636e-06 0.001391920302822549 7.827859737399228e-06
59852.39494801262 0.0025638429881170034 6.596674566739681e-06 0.0011738252967260817 4.2110933170535964e-06 4.151557740005927e-05 1.4893695938451687e-07 0.0011738252967260817 4.2110933170535964e-06 0.0013900176913909216 7.826201010988896e-06
59852.39515063958 0.0025615685973329597 6.590663202816634e-06 0.0011739510015177973 4.210457092760332e-06 4.152002329760857e-05 1.489144575531417e-07 0.0011739510015177973 4.210457092760332e-06 0.0013876175958151625 7.820792183847938e-06
59852.39535326655 0.002566374116025335 6.59744132634017e-06 0.0011743327296406397 4.209333784595126e-06 4.153352416820136e-05 1.4887472865378437e-07 0.0011743327296406397 4.209333784595126e-06 0.0013920413863846952 7.825900776564642e-06
59852.39555589352 0.002572410860607132 6.60120370880474e-06 0.0011758942195446472 4.212866633667177e-06 4.158875057638156e-05 1.4899967763000984e-07 0.0011758942195446472 4.212866633667177e-06 0.0013965166410624846 7.83097284366404e-06
59852.395758520484 0.002566788726418124 6.596710350833823e-06 0.0011834795671098466 4.21597745194208e-06 4.185702736750857e-05 1.4910970032012346e-07 0.0011834795671098466 4.21597745194208e-06 0.0013833091593082774 7.828860282830582e-06
59852.39596114746 0.0025687896923584012 6.598724338269406e-06 0.001180377512746391 4.214094973344951e-06 4.174731463735663e-05 1.490431212592351e-07 0.001180377512746391 4.214094973344951e-06 0.0013884121796120103 7.829544005677483e-06
59852.39616377442 0.002555455852309767 6.583616322074965e-06 0.001168139311168651 4.208526252382255e-06 4.131447679832277e-05 1.4884616804414342e-07 0.001168139311168651 4.208526252382255e-06 0.0013873165411411158 7.813814503383256e-06
59852.396366401386 0.0025541735732906782 6.584623693993783e-06 0.0011820312146721887 4.214924689680717e-06 4.1805802378665806e-05 1.4907246647172426e-07 0.0011820312146721887 4.214924689680717e-06 0.0013721423586184895 7.818110982275989e-06
59852.39656902836 0.002572684459795921 6.6005161608832494e-06 0.001179172309427358 4.214303385573454e-06 4.1704689289433324e-05 1.4905049233398333e-07 0.001179172309427358 4.214303385573454e-06 0.001393512150368563 7.831166363686626e-06
59852.39677165532 0.002560177805218949 6.5897914559249846e-06 0.001187120344799198 4.218542670735446e-06 4.198579353772167e-05 1.4920042637591825e-07 0.001187120344799198 4.218542670735446e-06 0.0013730574604197512 7.824413952328805e-06
59852.39697428229 0.002564398879438987 6.592564310505372e-06 0.0011725716721780217 4.210212351937745e-06 4.147123950148036e-05 1.4890580161721035e-07 0.0011725716721780217 4.210212351937745e-06 0.0013918272072609655 7.822262603400523e-06
59852.39717690926 0.0025675011707449974 6.595150432017643e-06 0.00118012100285218 4.214863186108974e-06 4.173824245566426e-05 1.490702912278441e-07 0.00118012100285218 4.214863186108974e-06 0.0013873801678928174 7.826945821874532e-06
59852.397379536225 0.0025757313780231717 6.600036489659058e-06 0.001175000458262774 4.212447544802571e-06 4.1557140237280605e-05 1.489848553934772e-07 0.001175000458262774 4.212447544802571e-06 0.0014007309197603978 7.82976346913138e-06
59852.3975821632 0.0025648984834081693 6.594273812787689e-06 0.001178380384344513 4.212913021755161e-06 4.167668066910149e-05 1.4900131827301054e-07 0.001178380384344513 4.212913021755161e-06 0.0013865180990636564 7.825157074902183e-06
59852.39778479016 0.002561152111745603 6.592957824881007e-06 0.0011710836130851632 4.210280290843179e-06 4.1418610176982294e-05 1.4890820446446106e-07 0.0011710836130851632 4.210280290843179e-06 0.0013900684986604397 7.822630823969787e-06
59852.39798741713 0.002563501602502433 6.594169339959821e-06 0.0011752428279033758 4.212073675797627e-06 4.156571230980443e-05 1.489716324823204e-07 0.0011752428279033758 4.212073675797627e-06 0.0013882587745990573 7.824617174943032e-06
59852.3981900441 0.002548472572762804 6.582057658992958e-06 0.0011827496356365504 4.21537758351498e-06 4.183121132259892e-05 1.4908848431448398e-07 0.0011827496356365504 4.21537758351498e-06 0.0013657229371262538 7.816194163268237e-06
59852.398392671064 0.002568793541502595 6.595516998501639e-06 0.0011796031434230334 4.213854790516337e-06 4.171992692500305e-05 1.4903462652936404e-07 0.0011796031434230334 4.213854790516337e-06 0.0013891903980795617 7.826711740768377e-06
59852.39859529803 0.0025675781466039695 6.597759565505866e-06 0.0011805952211083716 4.213544631346676e-06 4.175501449557033e-05 1.490236568926981e-07 0.0011805952211083716 4.213544631346676e-06 0.0013869829254955978 7.828434686741312e-06
59852.398797925 0.0025645639150825386 6.592479046309319e-06 0.0011745206718841055 4.210748746680257e-06 4.154017126532655e-05 1.4892477270048133e-07 0.0011745206718841055 4.210748746680257e-06 0.001390043243198433 7.822479465214133e-06
59852.399000551966 0.0025687265248561567 6.596638887544892e-06 0.0011768373188390307 4.213575352908042e-06 4.1622105890721026e-05 1.4902474344566495e-07 0.0011768373188390307 4.213575352908042e-06 0.001391889206017126 7.827506746551142e-06
59852.39920317894 0.002567682382456945 6.598485406246661e-06 0.0011704885059458283 4.209651227149549e-06 4.13975625674502e-05 1.4888595588749195e-07 0.0011704885059458283 4.209651227149549e-06 0.0013971938765111166 7.826951712556547e-06
59852.3994058059 0.0025576420209403785 6.588856091117482e-06 0.0011774616535009752 4.2120308811970116e-06 4.1644187212408156e-05 1.4897011893293693e-07 0.0011774616535009752 4.2120308811970116e-06 0.0013801803674394033 7.820116925827466e-06
59852.39960843287 0.002570444306597177 6.596820909842204e-06 0.0011796977434184422 4.214399928184202e-06 4.172327271542212e-05 1.4905390683036544e-07 0.0011796977434184422 4.214399928184202e-06 0.001390746563178735 7.82810404064805e-06
59852.39981105984 0.002564580091825863 6.5950108546771115e-06 0.001184576725124772 4.216735161108117e-06 4.189583139449263e-05 1.4913649879994588e-07 0.001184576725124772 4.216735161108117e-06 0.0013800033667010908 7.827836456661215e-06
59852.400013686805 0.002578500712202165 6.6022837078437335e-06 0.001176004135488902 4.211711348983067e-06 4.1592638057682174e-05 1.4895881779264218e-07 0.001176004135488902 4.211711348983067e-06 0.001402496576713263 7.831261880821734e-06
59852.40021631377 0.002569748242620435 6.598065603740638e-06 0.0011778877713403545 4.213043697660389e-06 4.1659258048069677e-05 1.4900593998773501e-07 0.0011778877713403545 4.213043697660389e-06 0.0013918604712800807 7.828423015503265e-06
59852.40041894074 0.0025662680497168648 6.595755658936383e-06 0.0011830121090084793 4.215518828645681e-06 4.184049441917058e-05 1.490934798390926e-07 0.0011830121090084793 4.215518828645681e-06 0.0013832559407083854 7.827808870115415e-06
59852.40062156771 0.002570761248934725 6.599584825810634e-06 0.0011781038148493427 4.213293132429181e-06 4.1666899024153764e-05 1.4901476193805328e-07 0.0011781038148493427 4.213293132429181e-06 0.001392657434085382 7.829837730939567e-06
59852.40082419468 0.002560078130866317 6.591013549254474e-06 0.0011791540690263163 4.213930156757839e-06 4.170404416721338e-05 1.4903729206489232e-07 0.0011791540690263163 4.213930156757839e-06 0.0013809240618400005 7.822957686993406e-06
59852.401026821644 0.00257091080518095 6.5967155377358554e-06 0.0011763312787484348 4.2123989797083875e-06 4.1604208383649695e-05 1.4898313775463253e-07 0.0011763312787484348 4.2123989797083875e-06 0.0013945795264325154 7.826938165723167e-06
59852.40122944861 0.0025651897938549608 6.5951173435582045e-06 0.0011814488715508182 4.2142562262201725e-06 4.1785206203923207e-05 1.490488244130527e-07 0.0011814488715508182 4.2142562262201725e-06 0.0013837409223041426 7.826591104404122e-06
59852.40143207558 0.0025636496484069344 6.593639194997798e-06 0.001180862983381813 4.213845655161732e-06 4.1764484648768493e-05 1.4903430343228797e-07 0.001180862983381813 4.213845655161732e-06 0.0013827866650251213 7.82512447436695e-06
59852.401634702546 0.0025619254319524795 6.591212955905958e-06 0.0011765130212988589 4.210984572708676e-06 4.1610636211487494e-05 1.4893311334006635e-07 0.0011765130212988589 4.210984572708676e-06 0.0013854124106536206 7.821539445767248e-06
59852.40183732951 0.0025607163459378138 6.594074449248121e-06 0.001180312465991835 4.214698369565812e-06 4.1745014079018924e-05 1.4906446203505575e-07 0.001180312465991835 4.214698369565812e-06 0.0013804038799459788 7.825950433567007e-06
59852.40203995648 0.0025465654804558676 6.582588266064368e-06 0.001175218674594468 4.21063950829692e-06 4.1564858061247825e-05 1.4892090918299612e-07 0.001175218674594468 4.21063950829692e-06 0.0013713468058613996 7.814086853200393e-06
