WASP80b/WASP80b_WLP4/Results/ROEBA_Results/345_radii/WASP80b_WLP4_nrca3_level3_asn_phot.ecsv
# %ECSV 0.9
# ---
# datatype:
# - {name: MJD, datatype: float64}
# - {name: aperture_sum, unit: Jy, datatype: float64}
# - {name: aperture_sum_err, unit: Jy, datatype: float64}
# - {name: annulus_sum, unit: Jy, datatype: float64}
# - {name: annulus_sum_err, unit: Jy, datatype: float64}
# - {name: annulus_mean, unit: Jy, datatype: float64}
# - {name: annulus_mean_err, unit: Jy, datatype: float64}
# - {name: aperture_bkg, unit: Jy, datatype: float64}
# - {name: aperture_bkg_err, unit: Jy, datatype: float64}
# - {name: net_aperture_sum, unit: Jy, datatype: float64}
# - {name: net_aperture_sum_err, unit: Jy, datatype: float64}
# meta: !!omap
# - {instrument: NIRCAM}
# - {detector: NRCA3}
# - {channel: SHORT}
# - {subarray: SUBGRISM256}
# - {filter: WLP4}
# - {pupil: CLEAR}
# - {target_name: UNKNOWN}
# - {xcenter: 1055.75}
# - {ycenter: 166.5}
# - ra_icrs: !numpy.ndarray
#     buffer: !!binary |
#       N3hKNXpxcnlja0E9
#     dtype: float64
#     order: C
#     shape: !!python/tuple []
# - dec_icrs: !numpy.ndarray
#     buffer: !!binary |
#       OGpMa01hd25BY0E9
#     dtype: float64
#     order: C
#     shape: !!python/tuple []
# - {apertures: Photometry measured in a circular aperture of r=3.0 pixels.  Background calculated as the mean in a circular annulus with
#     r_inner=4.0 pixels and r_outer=5.0 pixels.}
# - {number_of_integrations: 1227}
# - __serialized_columns__:
#     annulus_mean:
#       __class__: astropy.units.quantity.Quantity
#       unit: &id001 !astropy.units.Unit {unit: Jy}
#       value: !astropy.table.SerializedColumn {name: annulus_mean}
#     annulus_mean_err:
#       __class__: astropy.units.quantity.Quantity
#       unit: *id001
#       value: !astropy.table.SerializedColumn {name: annulus_mean_err}
#     annulus_sum:
#       __class__: astropy.units.quantity.Quantity
#       unit: *id001
#       value: !astropy.table.SerializedColumn {name: annulus_sum}
#     annulus_sum_err:
#       __class__: astropy.units.quantity.Quantity
#       unit: *id001
#       value: !astropy.table.SerializedColumn {name: annulus_sum_err}
#     aperture_bkg:
#       __class__: astropy.units.quantity.Quantity
#       unit: *id001
#       value: !astropy.table.SerializedColumn {name: aperture_bkg}
#     aperture_bkg_err:
#       __class__: astropy.units.quantity.Quantity
#       unit: *id001
#       value: !astropy.table.SerializedColumn {name: aperture_bkg_err}
#     aperture_sum:
#       __class__: astropy.units.quantity.Quantity
#       unit: *id001
#       value: !astropy.table.SerializedColumn {name: aperture_sum}
#     aperture_sum_err:
#       __class__: astropy.units.quantity.Quantity
#       unit: *id001
#       value: !astropy.table.SerializedColumn {name: aperture_sum_err}
#     net_aperture_sum:
#       __class__: astropy.units.quantity.Quantity
#       unit: *id001
#       value: !astropy.table.SerializedColumn {name: net_aperture_sum}
#     net_aperture_sum_err:
#       __class__: astropy.units.quantity.Quantity
#       unit: *id001
#       value: !astropy.table.SerializedColumn {name: net_aperture_sum_err}
# schema: astropy-2.0
MJD aperture_sum aperture_sum_err annulus_sum annulus_sum_err annulus_mean annulus_mean_err aperture_bkg aperture_bkg_err net_aperture_sum net_aperture_sum_err
[from data line 68]
59852.21177323391 0.002562338502135733 6.601053614824846e-06 0.0011767563195911996 4.219521953180531e-06 4.161924112834791e-05 1.4923506140743344e-07 0.0011767563195911996 4.219521953180531e-06 0.0013855821825445335 7.834428781932005e-06
59852.21197586088 0.002568031210562502 6.603561389135235e-06 0.0011774900354235974 4.2179844637354255e-06 4.164519101758144e-05 1.4918068384184676e-07 0.0011774900354235974 4.2179844637354255e-06 0.0013905411751389046 7.835714131870247e-06
59852.21217848785 0.002572085183071214 6.606239056420567e-06 0.0011825517105668632 4.220432943346133e-06 4.182421115522058e-05 1.492672810936476e-07 0.0011825517105668632 4.220432943346133e-06 0.0013895334725043508 7.839288787884894e-06
59852.21238111481 0.0025630952844366865 6.6005710717453565e-06 0.0011806657634768792 4.2198746343311815e-06 4.175750942149153e-05 1.4924753495153597e-07 0.0011806657634768792 4.2198746343311815e-06 0.0013824295209598073 7.83421217498182e-06
59852.212583741784 0.0025725618651853775 6.60623660358076e-06 0.0011755909906167677 4.218052997162121e-06 4.157802604687923e-05 1.4918310771598576e-07 0.0011755909906167677 4.218052997162121e-06 0.0013969708745686098 7.838005686994531e-06
59852.21278636875 0.0025691564497860478 6.604160839511818e-06 0.0011768683703854079 4.21891687187126e-06 4.1623204114520266e-05 1.4921366103380166e-07 0.0011768683703854079 4.21891687187126e-06 0.00139228807940064 7.836721251001685e-06
59852.212988995714 0.0025618838461712277 6.600648191843248e-06 0.001184360792860349 4.222344333253523e-06 4.1888194352880194e-05 1.4933488268296693e-07 0.001184360792860349 4.222344333253523e-06 0.0013775230533108788 7.835607712299136e-06
59852.213191622686 0.0025579206829169907 6.599132023256966e-06 0.0011796102299840685 4.2195748443770025e-06 4.172017756082933e-05 1.4923693205084778e-07 0.0011796102299840685 4.2195748443770025e-06 0.0013783104529329223 7.832838267682716e-06
59852.21339424965 0.0025621945943197643 6.60104216045572e-06 0.0011771525678822576 4.219916029927986e-06 4.163325554483982e-05 1.4924899902128124e-07 0.0011771525678822576 4.219916029927986e-06 0.0013850420264375067 7.834631382761866e-06
59852.21359687662 0.002571016604045726 6.604039204202361e-06 0.0011767487828167075 4.2180214982009306e-06 4.161897456947782e-05 1.491819936681245e-07 0.0011767487828167075 4.2180214982009306e-06 0.0013942678212290184 7.836136750333482e-06
59852.21379950359 0.0025699017346020613 6.60690423433463e-06 0.0011763636666010065 4.217967510694693e-06 4.160535386961257e-05 1.4918008425068385e-07 0.0011763636666010065 4.217967510694693e-06 0.0013935380680010548 7.838522404314785e-06
59852.21400213055 0.0025573138855980405 6.597350460517025e-06 0.0011715282544432551 4.21510445141806e-06 4.1434336148103056e-05 1.4907882424263024e-07 0.0011715282544432551 4.21510445141806e-06 0.0013857856311547854 7.82892959702976e-06
59852.214204757525 0.0025682192372077947 6.60423518583985e-06 0.00117477915271938 4.217593558899152e-06 4.154931315479955e-05 1.4916685841140866e-07 0.00117477915271938 4.217593558899152e-06 0.0013934400844884147 7.836071580706288e-06
59852.21440738449 0.002574615828167104 6.610731707986681e-06 0.0011770166503805293 4.217911539959798e-06 4.162844844656143e-05 1.4917810469087784e-07 0.0011770166503805293 4.217911539959798e-06 0.0013975991777865748 7.841718655620497e-06
59852.214610011455 0.0025521119191142367 6.593115810501886e-06 0.001176195829974593 4.216407481292645e-06 4.1599417863229105e-05 1.4912490949719393e-07 0.001176195829974593 4.216407481292645e-06 0.0013759160891396436 7.82606338710533e-06
59852.21481263843 0.002565933585702181 6.604069610196263e-06 0.0011746232231181774 4.217179960498589e-06 4.154379827328716e-05 1.4915223036031876e-07 0.0011746232231181774 4.217179960498589e-06 0.0013913103625840036 7.835709427712892e-06
59852.21501526539 0.002555568830404709 6.597355896888559e-06 0.0011786802863887466 4.2194751777763075e-06 4.1687287534164416e-05 1.4923340706592292e-07 0.0011786802863887466 4.2194751777763075e-06 0.0013768885440159622 7.831288246902973e-06
59852.215217892364 0.0025679871341875242 6.604988899338994e-06 0.0011768303706239111 4.217356319690776e-06 4.1621860147880595e-05 1.491584677908068e-07 0.0011768303706239111 4.217356319690776e-06 0.0013911567635636131 7.836579144475418e-06
59852.21542051933 0.0025596401013494763 6.598977214439584e-06 0.0011809155093019422 4.221356702993932e-06 4.1766342373174936e-05 1.4929995240790894e-07 0.0011809155093019422 4.221356702993932e-06 0.001378724592047534 7.833667895092606e-06
59852.215623146294 0.0025669096632248154 6.603219073489406e-06 0.0011728397391837272 4.2157604438317086e-06 4.1480720432377664e-05 1.4910202522824422e-07 0.0011728397391837272 4.2157604438317086e-06 0.0013940699240410882 7.834228631605693e-06
59852.215825773266 0.0025672672411004593 6.604371115746438e-06 0.001173838231605099 4.217148650727996e-06 4.151603487782236e-05 1.491511230037061e-07 0.001173838231605099 4.217148650727996e-06 0.0013934290094953603 7.83594669308328e-06
59852.21602840023 0.0025647374712674366 6.599190311992814e-06 0.0011780379508554981 4.219146340888752e-06 4.166456956188884e-05 1.4922177684011729e-07 0.0011780379508554981 4.219146340888752e-06 0.0013866995204119385 7.832656549328251e-06
59852.216231027196 0.002562392264052896 6.600983593403534e-06 0.001179208246230864 4.217478977345808e-06 4.1705960293859305e-05 1.4916280591794157e-07 0.001179208246230864 4.217478977345808e-06 0.001383184017822032 7.833269644582425e-06
59852.21643365417 0.0025744344066068467 6.607671497084675e-06 0.001172885518485833 4.216518844468852e-06 4.148233954398243e-05 1.491288481638543e-07 0.001172885518485833 4.216518844468852e-06 0.0014015488881210137 7.83838974401925e-06
59852.21663628113 0.002568967655858759 6.603535716289456e-06 0.0011756986895034328 4.217192084161717e-06 4.158183511580773e-05 1.491526591471888e-07 0.0011756986895034328 4.217192084161717e-06 0.001393268966355326 7.835265983425627e-06
59852.216838908105 0.0025647858093873744 6.602656257353547e-06 0.0011831332504638075 4.2216439845215316e-06 4.184477892171032e-05 1.493101129135037e-07 0.0011831332504638075 4.2216439845215316e-06 0.0013816525589235669 7.836922073417393e-06
59852.21704153507 0.002575611349545072 6.608263399770709e-06 0.0011772725828821965 4.218002402477514e-06 4.1637500207169916e-05 1.491813182950637e-07 0.0011772725828821965 4.218002402477514e-06 0.0013983387666628754 7.839686819513596e-06
59852.217244162035 0.0025625924259055914 6.601172329901665e-06 0.001179405521349098 4.219010801002782e-06 4.17129374739073e-05 1.4921698309726434e-07 0.001179405521349098 4.219010801002782e-06 0.0013831869045564935 7.834253523344614e-06
59852.21744678901 0.0025573871027597863 6.5958224289263034e-06 0.0011731569965412912 4.21618469894277e-06 4.149194111608623e-05 1.491170301833681e-07 0.0011731569965412912 4.21618469894277e-06 0.0013842301062184951 7.828223740384942e-06
59852.21764941597 0.0025622808187423015 6.60133872462463e-06 0.0011724024184865268 4.21647299789926e-06 4.146525337667192e-05 1.491272266731489e-07 0.0011724024184865268 4.21647299789926e-06 0.0013898784002557747 7.833027352131633e-06
59852.21785204294 0.0025626826739880014 6.6020724931932835e-06 0.0011747895183838659 4.2168737298995584e-06 4.1549679765186514e-05 1.4914139966841616e-07 0.0011747895183838659 4.2168737298995584e-06 0.0013878931556041355 7.833861452648776e-06
59852.21805466991 0.0025717574852499106 6.60856635612691e-06 0.0011789683188242034 4.220618289464781e-06 4.1697474597691913e-05 1.4927383637163997e-07 0.0011789683188242034 4.220618289464781e-06 0.0013927891664257072 7.841349885619001e-06
59852.218257296874 0.0025684590227275637 6.6057671812031284e-06 0.0011744533016197168 4.2174400024726305e-06 4.153778852963881e-05 1.49161427463781e-07 0.0011744533016197168 4.2174400024726305e-06 0.0013940057211078469 7.837280154920882e-06
59852.21845992384 0.0025666875823958384 6.60579147903428e-06 0.0011822121711266493 4.2209669184718e-06 4.18122024040462e-05 1.4928616660047828e-07 0.0011822121711266493 4.2209669184718e-06 0.001384475411269189 7.83919911670288e-06
59852.21866255081 0.0025570821514402813 6.596108730781741e-06 0.0011755473797155835 4.218090607770847e-06 4.157648362676897e-05 1.4918443791916166e-07 0.0011755473797155835 4.218090607770847e-06 0.0013815347717246978 7.829491603141276e-06
59852.218865177776 0.0025704155065871597 6.606164430721513e-06 0.0011744732944407126 4.2168499709337045e-06 4.15384956310361e-05 1.4914055936689207e-07 0.0011744732944407126 4.2168499709337045e-06 0.0013959422121464472 7.837297503801528e-06
59852.21906780475 0.0025703392819413427 6.6065705577757655e-06 0.0011802738045534162 4.218932441786928e-06 4.174364671034528e-05 1.4921421170692213e-07 0.0011802738045534162 4.218932441786928e-06 0.0013900654773879265 7.838760455788389e-06
59852.21927043171 0.002566702729504681 6.604058670533096e-06 0.0011766509690397857 4.2189687958016635e-06 4.161551511478902e-05 1.4921549746717687e-07 0.0011766509690397857 4.2189687958016635e-06 0.0013900517604648955 7.836663105160991e-06
59852.21947305868 0.002559801478410399 6.597145497576447e-06 0.0011778038081372876 4.2190376732741265e-06 4.1656288457223916e-05 1.492179335094458e-07 0.0011778038081372876 4.2190376732741265e-06 0.0013819976702731114 7.830875277049146e-06
59852.21967568565 0.002573776223745203 6.608986930457296e-06 0.0011758067729035885 4.217622769693927e-06 4.158565778411905e-05 1.4916789153193754e-07 0.0011758067729035885 4.217622769693927e-06 0.0013979694508416147 7.840092478689013e-06
59852.219878312615 0.002564815259643916 6.60092608611541e-06 0.001175613433459527 4.217819990485007e-06 4.1578819800070826e-05 1.4917486679055552e-07 0.001175613433459527 4.217819990485007e-06 0.001389201826184389 7.833404793989255e-06
59852.22008093958 0.002573219524501767 6.6059788337088545e-06 0.001172584574721909 4.214971629078445e-06 4.147169583562216e-05 1.4907412661331851e-07 0.001172584574721909 4.214971629078445e-06 0.001400634949779858 7.836130562040528e-06
59852.22028356655 0.0025670415635655757 6.602567968996435e-06 0.0011771268390474742 4.217812644523444e-06 4.163234557345409e-05 1.491746069803123e-07 0.0011771268390474742 4.217812644523444e-06 0.0013899147245181015 7.834784444355796e-06
59852.22048619352 0.0025657556365401226 6.603086248831871e-06 0.0011720372351860736 4.215323065542953e-06 4.145233765947153e-05 1.4908655613565388e-07 0.0011720372351860736 4.215323065542953e-06 0.001393718401354049 7.833881321312634e-06
59852.22068882049 0.002566194141170335 6.601410431618452e-06 0.001171126060449108 4.214643289305697e-06 4.142011144538075e-05 1.4906251396935263e-07 0.001171126060449108 4.214643289305697e-06 0.001395068080721227 7.832103021715845e-06
59852.220891447454 0.0025533664527314153 6.594860308110938e-06 0.001175809000457682 4.217699274425044e-06 4.1585736567729046e-05 1.4917059733329913e-07 0.001175809000457682 4.217699274425044e-06 0.0013775574522737334 7.828229024050245e-06
59852.22109407442 0.002571848689406138 6.607454594537229e-06 0.001178480039128032 4.219143620495902e-06 4.1680205236079224e-05 1.4922168062590188e-07 0.001178480039128032 4.219143620495902e-06 0.001393368650278106 7.839619194147277e-06
59852.22129670139 0.002571714687727749 6.604135701676596e-06 0.0011741945331660692 4.215427891959381e-06 4.1528636467746744e-05 1.4909026361172968e-07 0.0011741945331660692 4.215427891959381e-06 0.0013975201545616798 7.834822313139497e-06
59852.221499328356 0.0025631004197900096 6.600197762871207e-06 0.0011796999450877795 4.2195158415842e-06 4.1723350583546135e-05 1.4923484525392983e-07 0.0011796999450877795 4.2195158415842e-06 0.0013834004747022301 7.833704388499103e-06
59852.22170195532 0.002570246871494993 6.606295435845209e-06 0.0011721101328277454 4.216149097849447e-06 4.145491588614083e-05 1.4911577105226102e-07 0.0011721101328277454 4.216149097849447e-06 0.0013981367386672475 7.837030853643868e-06
59852.22190458229 0.002564009775477799 6.603031957428823e-06 0.001180400885311466 4.219993686510038e-06 4.174814127274872e-05 1.4925174556103616e-07 0.001180400885311466 4.219993686510038e-06 0.0013836088901663332 7.836349771737533e-06
59852.22210720926 0.0025589239596071956 6.598604291454984e-06 0.0011796708117349395 4.2187736763409265e-06 4.17223202019654e-05 1.4920859652791695e-07 0.0011796708117349395 4.2187736763409265e-06 0.001379253147872256 7.831962073924724e-06
59852.22230983623 0.0025742795111580695 6.607472357533115e-06 0.0011781097186633251 4.217921790071546e-06 4.166710782886008e-05 1.4917846721442273e-07 0.0011781097186633251 4.217921790071546e-06 0.0013961697924947444 7.838976666805724e-06
59852.222512463195 0.0025699278933207226 6.605742725997342e-06 0.0011787937229630373 4.219402051547819e-06 4.169129953228125e-05 1.4923082075464881e-07 0.0011787937229630373 4.219402051547819e-06 0.0013911341703576852 7.838315548296888e-06
59852.22271509016 0.002571336249603272 6.606618985223223e-06 0.0011792488018398965 4.219564455543134e-06 4.170739465511433e-05 1.4923656462101153e-07 0.0011792488018398965 4.219564455543134e-06 0.0013920874477633756 7.839141445999999e-06
59852.22291771713 0.0025630752980308237 6.600481911387973e-06 0.0011775875724857761 4.219023869918794e-06 4.1648640685488195e-05 1.492174453156164e-07 0.0011775875724857761 4.219023869918794e-06 0.0013854877255450476 7.833678821441711e-06
59852.2231203441 0.0025557609055549763 6.5927557212855446e-06 0.0011692011713160882 4.213353078641996e-06 4.1352032418619865e-05 1.4901688210162867e-07 0.0011692011713160882 4.213353078641996e-06 0.001386559734238888 7.824114784807625e-06
59852.22332297106 0.0025603654033057133 6.599190162514077e-06 0.0011747360363297597 4.217151755445918e-06 4.1547788224458137e-05 1.4915123281064034e-07 0.0011747360363297597 4.217151755445918e-06 0.0013856293669759535 7.831582198348118e-06
59852.223525598034 0.002551928828025827 6.596598984364701e-06 0.0011806406447193419 4.2197593228674476e-06 4.1756621027174555e-05 1.4924345664276965e-07 0.0011806406447193419 4.2197593228674476e-06 0.001371288183306485 7.830803720145727e-06
59852.223728225 0.002559545065496274 6.598874096581168e-06 0.0011759857566770934 4.217410188917191e-06 4.159198804018273e-05 1.4916037302495446e-07 0.0011759857566770934 4.217410188917191e-06 0.0013835593088191806 7.831455040036459e-06
59852.22393085197 0.002563618081903179 6.603049188856884e-06 0.0011783504267889873 4.218595436140438e-06 4.1675621137313746e-05 1.4920229257036905e-07 0.0011783504267889873 4.218595436140438e-06 0.0013852676551141915 7.835611402072495e-06
59852.224133478936 0.0025751470588137124 6.609033311674709e-06 0.0011793339250021069 4.219665633444967e-06 4.171040527112264e-05 1.4924014305728007e-07 0.0011793339250021069 4.219665633444967e-06 0.0013958131338116055 7.841230730752826e-06
59852.2243361059 0.0025671254664664006 6.602649344828309e-06 0.0011797508403564166 4.2197526233666175e-06 4.17251506354536e-05 1.492432196963978e-07 0.0011797508403564166 4.2197526233666175e-06 0.001387374626109984 7.83589756015041e-06
59852.22453873287 0.002572308721771155 6.604204734223527e-06 0.0011822553453422293 4.22104050609728e-06 4.1813729379562574e-05 1.4928876923033284e-07 0.0011822553453422293 4.22104050609728e-06 0.0013900533764289258 7.837901704260805e-06
59852.22474135984 0.0025604529263596734 6.598893598895523e-06 0.001177458767469743 4.219880869921389e-06 4.1644085139933376e-05 1.4924775549042588e-07 0.001177458767469743 4.219880869921389e-06 0.0013829941588899303 7.832802262656246e-06
59852.2249439868 0.0025670099765931612 6.603832505380969e-06 0.001177072527000874 4.218276298608632e-06 4.163042467774612e-05 1.491910053890995e-07 0.001177072527000874 4.218276298608632e-06 0.0013899374495922872 7.836099711625013e-06
