WASP80b/WASP80b_WLP4/Results/ROEBA_Results/345_radii/WASP80b_WLP4_nrca3_level3_asn_phot.ecsv
# %ECSV 0.9
# ---
# datatype:
# - {name: MJD, datatype: float64}
# - {name: aperture_sum, unit: Jy, datatype: float64}
# - {name: aperture_sum_err, unit: Jy, datatype: float64}
# - {name: annulus_sum, unit: Jy, datatype: float64}
# - {name: annulus_sum_err, unit: Jy, datatype: float64}
# - {name: annulus_mean, unit: Jy, datatype: float64}
# - {name: annulus_mean_err, unit: Jy, datatype: float64}
# - {name: aperture_bkg, unit: Jy, datatype: float64}
# - {name: aperture_bkg_err, unit: Jy, datatype: float64}
# - {name: net_aperture_sum, unit: Jy, datatype: float64}
# - {name: net_aperture_sum_err, unit: Jy, datatype: float64}
# meta: !!omap
# - {instrument: NIRCAM}
# - {detector: NRCA3}
# - {channel: SHORT}
# - {subarray: SUBGRISM256}
# - {filter: WLP4}
# - {pupil: CLEAR}
# - {target_name: UNKNOWN}
# - {xcenter: 1055.75}
# - {ycenter: 166.5}
# - ra_icrs: !numpy.ndarray
#     buffer: !!binary |
#       N3hKNXpxcnlja0E9
#     dtype: float64
#     order: C
#     shape: !!python/tuple []
# - dec_icrs: !numpy.ndarray
#     buffer: !!binary |
#       OGpMa01hd25BY0E9
#     dtype: float64
#     order: C
#     shape: !!python/tuple []
# - {apertures: Photometry measured in a circular aperture of r=3.0 pixels.  Background calculated as the mean in a circular annulus with
#     r_inner=4.0 pixels and r_outer=5.0 pixels.}
# - {number_of_integrations: 1227}
# - __serialized_columns__:
#     annulus_mean:
#       __class__: astropy.units.quantity.Quantity
#       unit: &id001 !astropy.units.Unit {unit: Jy}
#       value: !astropy.table.SerializedColumn {name: annulus_mean}
#     annulus_mean_err:
#       __class__: astropy.units.quantity.Quantity
#       unit: *id001
#       value: !astropy.table.SerializedColumn {name: annulus_mean_err}
#     annulus_sum:
#       __class__: astropy.units.quantity.Quantity
#       unit: *id001
#       value: !astropy.table.SerializedColumn {name: annulus_sum}
#     annulus_sum_err:
#       __class__: astropy.units.quantity.Quantity
#       unit: *id001
#       value: !astropy.table.SerializedColumn {name: annulus_sum_err}
#     aperture_bkg:
#       __class__: astropy.units.quantity.Quantity
#       unit: *id001
#       value: !astropy.table.SerializedColumn {name: aperture_bkg}
#     aperture_bkg_err:
#       __class__: astropy.units.quantity.Quantity
#       unit: *id001
#       value: !astropy.table.SerializedColumn {name: aperture_bkg_err}
#     aperture_sum:
#       __class__: astropy.units.quantity.Quantity
#       unit: *id001
#       value: !astropy.table.SerializedColumn {name: aperture_sum}
#     aperture_sum_err:
#       __class__: astropy.units.quantity.Quantity
#       unit: *id001
#       value: !astropy.table.SerializedColumn {name: aperture_sum_err}
#     net_aperture_sum:
#       __class__: astropy.units.quantity.Quantity
#       unit: *id001
#       value: !astropy.table.SerializedColumn {name: net_aperture_sum}
#     net_aperture_sum_err:
#       __class__: astropy.units.quantity.Quantity
#       unit: *id001
#       value: !astropy.table.SerializedColumn {name: net_aperture_sum_err}
# schema: astropy-2.0
MJD aperture_sum aperture_sum_err annulus_sum annulus_sum_err annulus_mean annulus_mean_err aperture_bkg aperture_bkg_err net_aperture_sum net_aperture_sum_err
[from data line 740]
59852.34793855614 0.002487341276545561 6.476817248740338e-06 0.0011442738769781428 4.147612408724023e-06 4.047040972711084e-05 1.4669178152838019e-07 0.0011442738769781428 4.147612408724023e-06 0.001343067399567418 7.69102401287253e-06
59852.3481411831 0.0024925330070320875 6.480749407764882e-06 0.0011471702086722952 4.1498732450950465e-06 4.057284650621264e-05 1.4677174225815137e-07 0.0011471702086722952 4.1498732450950465e-06 0.0013453627983597922 7.695554615269815e-06
59852.34834381007 0.0024814133260919174 6.471733705137924e-06 0.0011422658361962673 4.146194585394509e-06 4.039938981236293e-05 1.4664163628586393e-07 0.0011422658361962673 4.146194585394509e-06 0.00133914748989565 7.68597857726477e-06
59852.34854643704 0.0024901691049635574 6.478872082936782e-06 0.0011356974321370759 4.143531563826034e-06 4.0167080040308444e-05 1.465474511644899e-07 0.0011356974321370759 4.143531563826034e-06 0.0013544716728264815 7.690555070180578e-06
59852.348749064004 0.0024774216400416343 6.472122556366946e-06 0.0011412778089424536 4.145612036511757e-06 4.036444549650649e-05 1.466210328338011e-07 0.0011412778089424536 4.145612036511757e-06 0.0013361438310991807 7.685991773473673e-06
59852.348951690976 0.002482417180579442 6.4696901758251775e-06 0.0011450194051091794 4.148761171088788e-06 4.049677739094829e-05 1.4673241068588916e-07 0.0011450194051091794 4.148761171088788e-06 0.0013373977754702624 7.68564312376673e-06
59852.34915431794 0.0024846250303326603 6.4745506606151526e-06 0.0011356953472382212 4.14362103035517e-06 4.0167006302095425e-05 1.465506153956795e-07 0.0011356953472382212 4.14362103035517e-06 0.001348929683094439 7.68696308694622e-06
59852.349356944906 0.0024837264056621956 6.4778414786912026e-06 0.0011437281178158195 4.147273711759422e-06 4.04511074452394e-05 1.4667980257368542e-07 0.0011437281178158195 4.147273711759422e-06 0.001339998287846376 7.691703937574755e-06
59852.34955957188 0.0024889489395929785 6.478786547833738e-06 0.0011453882173118961 4.14727173441734e-06 4.050982145431162e-05 1.4667973263951508e-07 0.0011453882173118961 4.14727173441734e-06 0.0013435607222810823 7.692498811926356e-06
59852.34976219884 0.0024937062163638193 6.480618624648888e-06 0.001138973894597558 4.145606871021036e-06 4.028296119507306e-05 1.4662085014193851e-07 0.001138973894597558 4.145606871021036e-06 0.0013547323217662612 7.693144616293318e-06
59852.34996482581 0.0024862896549307325 6.475323038676288e-06 0.001143235057535803 4.1475145795400624e-06 4.0433669005060094e-05 1.4668832152877887e-07 0.001143235057535803 4.1475145795400624e-06 0.0013430545973949295 7.689712975313793e-06
59852.35016745278 0.0024742100981025605 6.467239724250358e-06 0.0011427602509914913 4.146484611500711e-06 4.0416876158717966e-05 1.466518938610701e-07 0.0011427602509914913 4.146484611500711e-06 0.0013314498471110692 7.68235148143679e-06
59852.350370079745 0.0024867677151919967 6.476619185275645e-06 0.0011392896370539954 4.144229211131155e-06 4.0294128300114386e-05 1.4657212539052205e-07 0.0011392896370539954 4.144229211131155e-06 0.0013474780781380013 7.689033217867725e-06
59852.35057270671 0.002490405398392952 6.477404163573718e-06 0.001142376359338664 4.146083245284944e-06 4.040329876890481e-05 1.466376984350191e-07 0.001142376359338664 4.146083245284944e-06 0.0013480290390542882 7.690693790232105e-06
59852.35077533368 0.002485152151512484 6.477078073439394e-06 0.0011396184726403587 4.144905523759962e-06 4.030575847989977e-05 1.465960450567332e-07 0.0011396184726403587 4.144905523759962e-06 0.0013455336788721253 7.689784273328167e-06
59852.35097796065 0.0024860494186451565 6.477140513777449e-06 0.0011358898413211095 4.142256016729207e-06 4.017388512313849e-05 1.4650233791435513e-07 0.0011358898413211095 4.142256016729207e-06 0.001350159577324047 7.688409077523549e-06
59852.35118058762 0.0024873469676812824 6.475237883976392e-06 0.001146422598895578 4.1489206902769e-06 4.054640521921966e-05 1.4673805252306826e-07 0.001146422598895578 4.1489206902769e-06 0.0013409243687857045 7.690399765180664e-06
59852.35138321458 0.0024771571311944687 6.46965490686127e-06 0.00113705084055267 4.144142277472324e-06 4.021494707127821e-05 1.465690507412945e-07 0.00113705084055267 4.144142277472324e-06 0.0013401062906417988 7.683121099514676e-06
59852.35158584155 0.002488264578479642 6.4792895441751666e-06 0.0011431373310479983 4.147337793299894e-06 4.0430212637592285e-05 1.466820689945581e-07 0.0011431373310479983 4.147337793299894e-06 0.0013451272474316435 7.692958063644391e-06
59852.35178846852 0.0024856700131973683 6.476380822058299e-06 0.0011440281486823013 4.148566173798367e-06 4.0461718866457346e-05 1.4672551406752025e-07 0.0011440281486823013 4.148566173798367e-06 0.001341641864515067 7.691170902450975e-06
59852.351991095486 0.0024840239650096916 6.475781289020896e-06 0.0011413126015868175 4.14614421762343e-06 4.0365676034580655e-05 1.4663985489036622e-07 0.0011413126015868175 4.14614421762343e-06 0.0013427113634228742 7.689359867802087e-06
59852.35219372245 0.0024809264807031575 6.469935569100184e-06 0.0011422615881243128 4.147446429049753e-06 4.039923956755178e-05 1.46685911198244e-07 0.0011422615881243128 4.147446429049753e-06 0.0013386648925788446 7.685140086566105e-06
59852.35239634942 0.0024867396121336597 6.47728420493378e-06 0.00113725793594895 4.144559766656946e-06 4.022227157261367e-05 1.4658381640072118e-07 0.00113725793594895 4.144559766656946e-06 0.0013494816761847096 7.689771539576199e-06
59852.35259897639 0.002478456695559173 6.469929764938862e-06 0.0011464314837307124 4.148887191599799e-06 4.0546719455981926e-05 1.4673686774972434e-07 0.0011464314837307124 4.148887191599799e-06 0.0013320252118284607 7.685912834001093e-06
59852.35280160336 0.0024938426282243866 6.480473791633798e-06 0.0011396879989273906 4.145903744957385e-06 4.0308217469289986e-05 1.4663134990959298e-07 0.0011396879989273906 4.145903744957385e-06 0.001354154629296996 7.693182594122162e-06
59852.353004230325 0.002493040146972702 6.482686058936312e-06 0.001139290695942231 4.145504490928061e-06 4.0294165750624805e-05 1.4661722918685603e-07 0.001139290695942231 4.145504490928061e-06 0.001353749451030471 7.694831123750015e-06
59852.35320685729 0.00247638438896689 6.470762442288289e-06 0.001137975183417636 4.143986589665666e-06 4.0247639012627334e-05 1.4656354441151479e-07 0.001137975183417636 4.143986589665666e-06 0.0013384092055492539 7.6839697708839e-06
59852.35340948426 0.0024926922902513238 6.483190527192191e-06 0.001142613699403534 4.1471494792471465e-06 4.041169295657544e-05 1.4667540874736955e-07 0.001142613699403534 4.1471494792471465e-06 0.0013500785908477897 7.69614242429897e-06
59852.35361211123 0.002481308251352103 6.473114419495183e-06 0.0011434863106487762 4.14815296389696e-06 4.04425552661483e-05 1.4671089975677725e-07 0.0011434863106487762 4.14815296389696e-06 0.0013378219407033268 7.688197662636127e-06
59852.35381473819 0.0024946596610130023 6.482076726022758e-06 0.0011373198505870434 4.144660120214804e-06 4.0224461354991956e-05 1.465873656817856e-07 0.0011373198505870434 4.144660120214804e-06 0.001357339810425959 7.693862891561358e-06
59852.35401736516 0.002492189877409134 6.477503016102708e-06 0.00113138554383846 4.1406555754160045e-06 4.0014578187689594e-05 1.4644573388188298e-07 0.00113138554383846 4.1406555754160045e-06 0.001360804333570674 7.6878523605649e-06
59852.35421999213 0.002492377356443275 6.479628545716057e-06 0.0011430292150037826 4.147339264419383e-06 4.042638881473352e-05 1.4668212102476667e-07 0.0011430292150037826 4.147339264419383e-06 0.0013493481414394925 7.693244378326553e-06
59852.3544226191 0.0024913355066246107 6.479132465544836e-06 0.0011379157516089036 4.144016514727741e-06 4.024553704237475e-05 1.465646027940818e-07 0.0011379157516089036 4.144016514727741e-06 0.001353419755015707 7.691035715715624e-06
59852.354625246066 0.0024962661223194996 6.482050267530568e-06 0.001141192873766658 4.146609307907269e-06 4.036144152915755e-05 1.4665630409429e-07 0.001141192873766658 4.146609307907269e-06 0.0013550732485528415 7.694890799953974e-06
59852.35482787303 0.0024846766393363117 6.47826506215473e-06 0.0011469709526242395 4.14999733348075e-06 4.056579926510396e-05 1.467761309870325e-07 0.0011469709526242395 4.14999733348075e-06 0.0013377056867120722 7.693529494544878e-06
59852.3550305 0.002484637665967293 6.474850100543417e-06 0.001142025218470679 4.147145850556035e-06 4.039087970115783e-05 1.466752804086746e-07 0.001142025218470679 4.147145850556035e-06 0.0013426124474966142 7.689115848411392e-06
59852.35523312697 0.0024920223716499647 6.478761394803071e-06 0.0011452198480440816 4.147916302775911e-06 4.050386660959219e-05 1.4670252958183222e-07 0.0011452198480440816 4.147916302775911e-06 0.001346802523605883 7.692825155014561e-06
59852.35543575393 0.0024849454259418336 6.475948831013391e-06 0.0011407134362714717 4.145646807149281e-06 4.034448489643255e-05 1.4662226259354253e-07 0.0011407134362714717 4.145646807149281e-06 0.001344231989670362 7.689232777821902e-06
59852.355638380905 0.002484590467111343 6.477305162270125e-06 0.001139512135566029 4.145795739477762e-06 4.03019975752301e-05 1.4662752999715677e-07 0.001139512135566029 4.145795739477762e-06 0.0013450783315453142 7.690455414254943e-06
59852.35584100787 0.0024846797480745763 6.474089835332782e-06 0.0011461009434435066 4.148865063231953e-06 4.053502898473753e-05 1.4673608511880764e-07 0.0011461009434435066 4.148865063231953e-06 0.0013385788046310697 7.689403130859114e-06
59852.356043634834 0.002487949771640586 6.477053061518537e-06 0.0011490129640537455 4.149602069716761e-06 4.063802064573863e-05 1.4676215139106272e-07 0.0011490129640537455 4.149602069716761e-06 0.0013389368075868407 7.692295736561633e-06
59852.35624626181 0.0024970518371169436 6.4842163501458395e-06 0.0011366180072554 4.143774747731699e-06 4.019963872487927e-05 1.4655605203574925e-07 0.0011366180072554 4.143774747731699e-06 0.0013604338298615435 7.695188810902404e-06
59852.35644888877 0.0024943216440115514 6.483551507698713e-06 0.0011476385236987984 4.1495368706619266e-06 4.058940976207757e-05 1.4675984544620453e-07 0.0011476385236987984 4.1495368706619266e-06 0.001346683120312753 7.697733198414e-06
59852.35665151574 0.0024872652469525983 6.476814966492488e-06 0.0011395937559455641 4.1449166492708155e-06 4.030488430564345e-05 1.4659643854118804e-07 0.0011395937559455641 4.1449166492708155e-06 0.0013476714910070342 7.689568657576542e-06
59852.35685414271 0.002487318816130751 6.474165048457614e-06 0.0011442130183053443 4.1476758143543645e-06 4.046825729186508e-05 1.4669402404382213e-07 0.0011442130183053443 4.1476758143543645e-06 0.001343105797825407 7.688824860513492e-06
59852.35705676967 0.0024795374875390005 6.471787423254072e-06 0.0011374431627610574 4.144397746168446e-06 4.022882263100034e-05 1.465780860981374e-07 0.0011374431627610574 4.144397746168446e-06 0.001342094324777943 7.685054660198304e-06
59852.357259396646 0.0024817297276310125 6.471061195167601e-06 0.0011361658268130663 4.1437223417158964e-06 4.018364611319773e-05 1.4655419855209084e-07 0.0011361658268130663 4.1437223417158964e-06 0.0013455639008179462 7.684078854152879e-06
59852.35746202361 0.0024889770716867176 6.474836905084241e-06 0.0011412588613058227 4.145422881621139e-06 4.0363775360944333e-05 1.4661434284805626e-07 0.0011412588613058227 4.145422881621139e-06 0.001347718210380895 7.688175584292348e-06
59852.357664650575 0.0024965053656724836 6.482064588348972e-06 0.0011419904571693495 4.1459359914694996e-06 4.038965027161675e-05 1.4663249039665975e-07 0.0011419904571693495 4.1459359914694996e-06 0.001354514908503134 7.694540049469487e-06
59852.35786727755 0.0024915898853645844 6.47835937306116e-06 0.0011382029685539966 4.144709796123214e-06 4.025569526383059e-05 1.4658912260764697e-07 0.0011382029685539966 4.144709796123214e-06 0.0013533869168105878 7.690758055004013e-06
59852.35806990451 0.002481546660030396 6.47327331547049e-06 0.0011364280948734698 4.143319784031143e-06 4.0192921948359586e-05 1.465399609864446e-07 0.0011364280948734698 4.143319784031143e-06 0.0013451185651569262 7.685724835662943e-06
59852.358272531485 0.0024787000955284496 6.472998945139792e-06 0.001144880087813515 4.146572772594127e-06 4.049185004955647e-05 1.4665501192191577e-07 0.001144880087813515 4.146572772594127e-06 0.0013338200077149347 7.687247953734796e-06
59852.35847515845 0.0024886647849163873 6.478439213388838e-06 0.0011408510182539925 4.145851823923079e-06 4.034935086367668e-05 1.4662951357864626e-07 0.0011408510182539925 4.145851823923079e-06 0.0013478137666623948 7.691440826496718e-06
59852.358677785414 0.0024828825792235446 6.473666472938394e-06 0.0011409824345525645 4.145875845168947e-06 4.035399876445903e-05 1.466303631564283e-07 0.0011409824345525645 4.145875845168947e-06 0.00134190014467098 7.687434170541036e-06
59852.35888041239 0.0024856194335920044 6.477780806769582e-06 0.001136630703753387 4.143924788191367e-06 4.0200087771638056e-05 1.4656135863148698e-07 0.001136630703753387 4.143924788191367e-06 0.0013489887298386175 7.689847646783338e-06
59852.35908303935 0.0024802550161382953 6.471046330915015e-06 0.001145783613778635 4.196855071170789e-06 4.052380574368108e-05 1.4843338444824873e-07 0.001145783613778635 4.196855071170789e-06 0.0013344714023596604 7.712848572690937e-06
59852.359285666316 0.0024831770386064783 6.473805890700434e-06 0.001142305182047198 4.1462132426884825e-06 4.040078138717754e-05 1.4664229615265518e-07 0.001142305182047198 4.1462132426884825e-06 0.0013408718565592803 7.687733538846997e-06
59852.35948829329 0.002491670670949419 6.482727481028056e-06 0.0011412044264403638 4.146298273227127e-06 4.0361850121407815e-05 1.4664530349277496e-07 0.0011412044264403638 4.146298273227127e-06 0.0013504662445090552 7.695293689252063e-06
59852.35969092025 0.0024801704208763102 6.4718869505133165e-06 0.0011362797154846377 4.14413836946984e-06 4.018767410098501e-05 1.4656891252398053e-07 0.0011362797154846377 4.14413836946984e-06 0.0013438907053916725 7.68499860283245e-06
59852.359893547226 0.002493163130399856 6.480428640222093e-06 0.0011445376949044534 4.147940472610359e-06 4.0479740377566075e-05 1.4670338441486028e-07 0.0011445376949044534 4.147940472610359e-06 0.0013486254354954025 7.694242362008739e-06
59852.36009617419 0.002494448927581376 6.480623315364297e-06 0.0011403988711195872 4.14633304159134e-06 4.033335943002213e-05 1.4664653317211445e-07 0.0011403988711195872 4.14633304159134e-06 0.001354050056461789 7.693539903544755e-06
59852.360298801155 0.002492333447320821 6.4799609733628075e-06 0.0011425891154373336 4.145826840809328e-06 4.041082347663286e-05 1.4662862998174685e-07 0.0011425891154373336 4.145826840809328e-06 0.0013497443318834872 7.69270917234495e-06
59852.36050142813 0.0024844956703061268 6.47426630882869e-06 0.0011430693128213888 4.1469116359058425e-06 4.0427806984928904e-05 1.466669967599362e-07 0.0011430693128213888 4.1469116359058425e-06 0.001341426357484738 7.688497925709907e-06
59852.36070405509 0.0024857710738745158 6.475763839875161e-06 0.0011379591629062159 4.144089441294294e-06 4.0247072402942145e-05 1.4656718204375949e-07 0.0011379591629062159 4.144089441294294e-06 0.0013478119109683 7.688237418763909e-06
59852.36090668206 0.002491176784862329 6.47958901298385e-06 0.0011398858312842639 4.145347832517037e-06 4.0315214357623295e-05 1.4661168852896905e-07 0.0011398858312842639 4.145347832517037e-06 0.0013512909535780653 7.692137702208321e-06
59852.36110930903 0.002486876977458809 6.478688929962985e-06 0.0011421696670711834 4.147197776647715e-06 4.0395988525334053e-05 1.4667711691848934e-07 0.0011421696670711834 4.147197776647715e-06 0.0013447073103876256 7.69237672308479e-06
