WASP80b/WASP80b_WLP4/Results/ROEBA_Results/345_radii/WASP80b_WLP4_nrca3_level3_asn_phot.ecsv
# %ECSV 0.9
# ---
# datatype:
# - {name: MJD, datatype: float64}
# - {name: aperture_sum, unit: Jy, datatype: float64}
# - {name: aperture_sum_err, unit: Jy, datatype: float64}
# - {name: annulus_sum, unit: Jy, datatype: float64}
# - {name: annulus_sum_err, unit: Jy, datatype: float64}
# - {name: annulus_mean, unit: Jy, datatype: float64}
# - {name: annulus_mean_err, unit: Jy, datatype: float64}
# - {name: aperture_bkg, unit: Jy, datatype: float64}
# - {name: aperture_bkg_err, unit: Jy, datatype: float64}
# - {name: net_aperture_sum, unit: Jy, datatype: float64}
# - {name: net_aperture_sum_err, unit: Jy, datatype: float64}
# meta: !!omap
# - {instrument: NIRCAM}
# - {detector: NRCA3}
# - {channel: SHORT}
# - {subarray: SUBGRISM256}
# - {filter: WLP4}
# - {pupil: CLEAR}
# - {target_name: UNKNOWN}
# - {xcenter: 1055.75}
# - {ycenter: 166.5}
# - ra_icrs: !numpy.ndarray
#     buffer: !!binary |
#       N3hKNXpxcnlja0E9
#     dtype: float64
#     order: C
#     shape: !!python/tuple []
# - dec_icrs: !numpy.ndarray
#     buffer: !!binary |
#       OGpMa01hd25BY0E9
#     dtype: float64
#     order: C
#     shape: !!python/tuple []
# - {apertures: Photometry measured in a circular aperture of r=3.0 pixels.  Background calculated as the mean in a circular annulus with
#     r_inner=4.0 pixels and r_outer=5.0 pixels.}
# - {number_of_integrations: 1227}
# - __serialized_columns__:
#     annulus_mean:
#       __class__: astropy.units.quantity.Quantity
#       unit: &id001 !astropy.units.Unit {unit: Jy}
#       value: !astropy.table.SerializedColumn {name: annulus_mean}
#     annulus_mean_err:
#       __class__: astropy.units.quantity.Quantity
#       unit: *id001
#       value: !astropy.table.SerializedColumn {name: annulus_mean_err}
#     annulus_sum:
#       __class__: astropy.units.quantity.Quantity
#       unit: *id001
#       value: !astropy.table.SerializedColumn {name: annulus_sum}
#     annulus_sum_err:
#       __class__: astropy.units.quantity.Quantity
#       unit: *id001
#       value: !astropy.table.SerializedColumn {name: annulus_sum_err}
#     aperture_bkg:
#       __class__: astropy.units.quantity.Quantity
#       unit: *id001
#       value: !astropy.table.SerializedColumn {name: aperture_bkg}
#     aperture_bkg_err:
#       __class__: astropy.units.quantity.Quantity
#       unit: *id001
#       value: !astropy.table.SerializedColumn {name: aperture_bkg_err}
#     aperture_sum:
#       __class__: astropy.units.quantity.Quantity
#       unit: *id001
#       value: !astropy.table.SerializedColumn {name: aperture_sum}
#     aperture_sum_err:
#       __class__: astropy.units.quantity.Quantity
#       unit: *id001
#       value: !astropy.table.SerializedColumn {name: aperture_sum_err}
#     net_aperture_sum:
#       __class__: astropy.units.quantity.Quantity
#       unit: *id001
#       value: !astropy.table.SerializedColumn {name: net_aperture_sum}
#     net_aperture_sum_err:
#       __class__: astropy.units.quantity.Quantity
#       unit: *id001
#       value: !astropy.table.SerializedColumn {name: net_aperture_sum_err}
# schema: astropy-2.0
MJD aperture_sum aperture_sum_err annulus_sum annulus_sum_err annulus_mean annulus_mean_err aperture_bkg aperture_bkg_err net_aperture_sum net_aperture_sum_err
[from data line 875]
59852.37529319676 0.0025380203143238796 6.578256606913504e-06 0.0011638505194552576 4.205902431381493e-06 4.116279182030541e-05 1.4875336935924128e-07 0.0011638505194552576 4.205902431381493e-06 0.001374169794868622 7.807885453098165e-06
59852.375495823726 0.0025464487542251704 6.580836631602718e-06 0.001164631394244985 4.2074260477593505e-06 4.119040961646562e-05 1.488072562654439e-07 0.001164631394244985 4.2074260477593505e-06 0.0013818173599801854 7.810879894045747e-06
59852.37569845069 0.002538054798307194 6.576722247531078e-06 0.0011615522510307725 4.204671997313339e-06 4.108150720245901e-05 1.48709851656109e-07 0.0011615522510307725 4.204671997313339e-06 0.0013765025472764214 7.805929933464762e-06
59852.37590107766 0.002533165973095823 6.574166200400918e-06 0.0011643114182179628 4.2068801074803476e-06 4.1179092779494184e-05 1.4878794757788028e-07 0.0011643114182179628 4.2068801074803476e-06 0.0013688545548778603 7.804966461760597e-06
59852.37610370463 0.002544172541285051 6.580769937714101e-06 0.0011680699934950853 4.207666567276627e-06 4.131202518712464e-05 1.488157629032405e-07 0.0011680699934950853 4.207666567276627e-06 0.0013761025477899657 7.81095326541512e-06
59852.3763063316 0.0025360434135573767 6.575101393069744e-06 0.0011662046612489789 4.20783491681915e-06 4.124605255435207e-05 1.4882171705032044e-07 0.0011662046612489789 4.20783491681915e-06 0.0013698387523083978 7.806268828086188e-06
59852.376508958565 0.002540740692528256 6.576753146548052e-06 0.0011696077167429695 4.209456555036411e-06 4.13664110217931e-05 1.4887907076991683e-07 0.0011696077167429695 4.209456555036411e-06 0.0013711329757852867 7.808534205557962e-06
59852.37671158553 0.0025463656817634513 6.584156873339981e-06 0.0011701899502501599 4.209630219272954e-06 4.138700331972712e-05 1.4888521288584664e-07 0.0011701899502501599 4.209630219272954e-06 0.0013761757315132914 7.81486457437147e-06
59852.3769142125 0.002548221614886738 6.582198317816162e-06 0.001162765515380043 4.205355328684611e-06 4.1124417651006466e-05 1.4873401955955513e-07 0.001162765515380043 4.205355328684611e-06 0.0013854560995066952 7.810912119308344e-06
59852.37711683947 0.0025477856385812854 6.5822718616305965e-06 0.0011700243575277624 4.20871049385073e-06 4.1381146675213874e-05 1.4885268425312794e-07 0.0011700243575277624 4.20871049385073e-06 0.001377761281053523 7.812780995360306e-06
59852.37731946643 0.0025554488059027535 6.587499283682196e-06 0.0011707960306928066 4.209474365154399e-06 4.140843903047346e-05 1.488797006739868e-07 0.0011707960306928066 4.209474365154399e-06 0.001384652775209947 7.817596896962997e-06
59852.377522093404 0.0025506560964794088 6.58530081492546e-06 0.0011703372146136277 4.210087506465452e-06 4.139221173114649e-05 1.4890138611186858e-07 0.0011703372146136277 4.210087506465452e-06 0.001380318881865781 7.816074694829523e-06
59852.37772472037 0.002555212864400269 6.58727073676066e-06 0.0011706458190878276 4.209720321823289e-06 4.1403126381708535e-05 1.4888839961168465e-07 0.0011706458190878276 4.209720321823289e-06 0.0013845670453124415 7.817536757019779e-06
59852.37792734734 0.0025477358053069975 6.583840780381411e-06 0.001176289998693102 4.211890303526282e-06 4.160274840034807e-05 1.4896514701489583e-07 0.001176289998693102 4.211890303526282e-06 0.0013714458066138955 7.815815974698485e-06
59852.378129974306 0.002555463208533401 6.586587097120147e-06 0.001169084551967244 4.2090338490628856e-06 4.134790785288015e-05 1.488641206043255e-07 0.001169084551967244 4.2090338490628856e-06 0.001386378656566157 7.81659104280803e-06
59852.37833260127 0.002535704494088192 6.57677227228856e-06 0.0011687273658990524 4.208354715723611e-06 4.1335274979912094e-05 1.4884010117588906e-07 0.0011687273658990524 4.208354715723611e-06 0.0013669771281891395 7.807956386590333e-06
59852.37853522824 0.002563299497733903 6.5952848568099984e-06 0.0011760061968849518 4.21241837139504e-06 4.15927109646535e-05 1.4898382359525156e-07 0.0011760061968849518 4.21241837139504e-06 0.0013872933008489512 7.825742832353599e-06
59852.37873785521 0.0025696022139156823 6.598270055024295e-06 0.001172211998255256 4.210638361413511e-06 4.1458518638656044e-05 1.4892086862029306e-07 0.001172211998255256 4.210638361413511e-06 0.0013973902156604262 7.827301139577892e-06
59852.37894048217 0.00254630404976881 6.5818974116647985e-06 0.0011745101993703893 4.212720313457564e-06 4.15398008759211e-05 1.4899450261120223e-07 0.0011745101993703893 4.212720313457564e-06 0.0013717938503984206 7.814626413149753e-06
59852.379143109145 0.002550077995631232 6.583717101757974e-06 0.001175802412776103 4.212046047128595e-06 4.15855035761542e-05 1.4897065531804317e-07 0.001175802412776103 4.212046047128595e-06 0.001374275582855129 7.815795722708728e-06
59852.37934573611 0.0025515391914744355 6.586896290711047e-06 0.0011779582531385026 4.212323903027384e-06 4.166175083175263e-05 1.4898048246021196e-07 0.0011779582531385026 4.212323903027384e-06 0.001373580938335933 7.818623626227241e-06
59852.37954836308 0.002559679812977082 6.5901368291003305e-06 0.0011789665015893994 4.213090692830163e-06 4.169741032615818e-05 1.4900760210186187e-07 0.0011789665015893994 4.213090692830163e-06 0.0013807133113876826 7.821766847220435e-06
59852.37975099005 0.002565299494665821 6.59485650930092e-06 0.0011700632749494756 4.209985805995286e-06 4.138252309744455e-05 1.4889778919352597e-07 0.0011700632749494756 4.209985805995286e-06 0.0013952362197163454 7.824072652075164e-06
59852.37995361701 0.0025639120684440497 6.595374558993325e-06 0.0011766215710940252 4.213348181582476e-06 4.161447537514802e-05 1.490167089035777e-07 0.0011766215710940252 4.213348181582476e-06 0.0013872904973500245 7.82631896057532e-06
59852.380156243984 0.0025556398694465896 6.586040089603311e-06 0.0011713666247755595 4.2092174632552345e-06 4.142861966797771e-05 1.4887061462795533e-07 0.0011713666247755595 4.2092174632552345e-06 0.00138427324467103 7.816228995803208e-06
59852.38035887095 0.0025634848806275487 6.593820644888306e-06 0.0011737334435105286 4.211156577234018e-06 4.1512328757105006e-05 1.489391967557202e-07 0.0011737334435105286 4.211156577234018e-06 0.0013897514371170201 7.82382965145181e-06
59852.380561497914 0.0025666966928181378 6.595647049095934e-06 0.0011758258360108139 4.210958724126152e-06 4.158633200361808e-05 1.4893219913347064e-07 0.0011758258360108139 4.210958724126152e-06 0.0013908708568073239 7.825262511414045e-06
59852.380764124886 0.00255961114522272 6.592496497895553e-06 0.0011806865406191842 4.2144952214826635e-06 4.175824426258068e-05 1.4905727714136404e-07 0.0011806865406191842 4.2144952214826635e-06 0.0013789246046035358 7.824511489330521e-06
59852.38096675185 0.002566980843633525 6.595916172854397e-06 0.001171582832649124 4.210070783558839e-06 4.1436266457269526e-05 1.4890079466003516e-07 0.001171582832649124 4.210070783558839e-06 0.001395398010984401 7.82501157583156e-06
59852.38116937882 0.002566151566970052 6.593850296907106e-06 0.0011761830507501022 4.2117270021644135e-06 4.1598965890618746e-05 1.489593714106836e-07 0.0011761830507501022 4.2117270021644135e-06 0.00138996851621995 7.824161685368138e-06
59852.38137200579 0.0025738529581134056 6.598769090654006e-06 0.0011742443435885316 4.210953589213267e-06 4.15303981510695e-05 1.4893201752307777e-07 0.0011742443435885316 4.210953589213267e-06 0.001399608614524874 7.827891391829525e-06
59852.38157463275 0.0025597594730260805 6.5910364918534835e-06 0.0011812759694463909 4.2158558648134664e-06 4.1779091042903076e-05 1.4910540005511567e-07 0.0011812759694463909 4.2158558648134664e-06 0.0013784835035796897 7.824014488088987e-06
59852.381777259725 0.002563375210500816 6.594478977522342e-06 0.001183761148215209 4.21514362325815e-06 4.18669862619085e-05 1.4908020966307033e-07 0.001183761148215209 4.21514362325815e-06 0.0013796140622856072 7.82653108022181e-06
59852.38197988669 0.0025737771295024393 6.6033231045491136e-06 0.0011769326602233817 4.212406988196438e-06 4.162547790241007e-05 1.4898342099695698e-07 0.0011769326602233817 4.212406988196438e-06 0.0013968444692790576 7.83251228261267e-06
59852.382182513655 0.0025696399707053476 6.597131885896581e-06 0.0011784267852760794 4.213860065409612e-06 4.167832176635102e-05 1.490348130905505e-07 0.0011784267852760794 4.213860065409612e-06 0.0013912131854292682 7.828075483205773e-06
59852.38238514063 0.0025624487705728518 6.592321835067126e-06 0.001175672323902086 4.211953618027333e-06 4.158090262341174e-05 1.489673863072984e-07 0.001175672323902086 4.211953618027333e-06 0.0013867764466707659 7.822995619167655e-06
59852.38258776759 0.002579183945347035 6.605916600406276e-06 0.0011787479278882846 4.213065899918824e-06 4.168967986283322e-05 1.4900672523199673e-07 0.0011787479278882846 4.213065899918824e-06 0.0014004360174587505 7.835053184796004e-06
59852.38279039456 0.002568818155565921 6.598334956775729e-06 0.001179560875160203 4.214855683595039e-06 4.171843199101075e-05 1.4907002588069336e-07 0.001179560875160203 4.214855683595039e-06 0.0013892572804057178 7.829625318962713e-06
59852.38299302153 0.002553387465270117 6.587334402735338e-06 0.0011706527433261455 4.209423851003152e-06 4.140337127654308e-05 1.4887791410134969e-07 0.0011706527433261455 4.209423851003152e-06 0.0013827347219439714 7.817430760221336e-06
59852.383195648494 0.0025671240260341796 6.596712253912719e-06 0.0011801778983556528 4.2147988045398964e-06 4.1740254722468124e-05 1.4906801419563017e-07 0.0011801778983556528 4.2147988045398964e-06 0.0013869461276785268 7.828227227391471e-06
59852.383398275466 0.0025582015034888777 6.589645089705714e-06 0.0011743173987235741 4.212252401835305e-06 4.1532981947927336e-05 1.4897795362284388e-07 0.0011743173987235741 4.212252401835305e-06 0.0013838841047653036 7.82090101619052e-06
59852.38360090243 0.002571233644563526 6.600071161131263e-06 0.0011807152306516665 4.215960228544269e-06 4.1759258964911124e-05 1.4910909116703492e-07 0.0011807152306516665 4.215960228544269e-06 0.0013905184139118593 7.831683087348697e-06
59852.383803529396 0.0025623739639615475 6.59127318787993e-06 0.0011729104433426546 4.211353357908935e-06 4.148322108046443e-05 1.489461564484131e-07 0.0011729104433426546 4.211353357908935e-06 0.001389463520618893 7.821788755932732e-06
59852.38400615637 0.0025568228057395188 6.589913281178627e-06 0.0011742634968219543 4.212056554973782e-06 4.15310755581307e-05 1.4897102695704377e-07 0.0011742634968219543 4.212056554973782e-06 0.0013825593089175645 7.821021511014534e-06
59852.38420878333 0.002567456712370135 6.594573289722414e-06 0.001179249002287962 4.213666398021128e-06 4.170740174451443e-05 1.4902796350784093e-07 0.001179249002287962 4.213666398021128e-06 0.0013882077100821732 7.825815062172926e-06
59852.3844114103 0.002565412654125078 6.5960421585818785e-06 0.0011754271112931188 4.211312263893725e-06 4.15722300014505e-05 1.4894470304493483e-07 0.0011754271112931188 4.211312263893725e-06 0.0013899855428319591 7.825785784303782e-06
59852.38461403727 0.0025685155421103327 6.5983257187661704e-06 0.0011773144451657977 4.213944970303217e-06 4.163898078258419e-05 1.4903781598688603e-07 0.0011773144451657977 4.213944970303217e-06 0.001391201096944535 7.829127314309998e-06
59852.384816664235 0.0025608753068935186 6.5934534212786814e-06 0.0011741317923334572 4.210803925129453e-06 4.152641746471477e-05 1.4892672423891281e-07 0.0011741317923334572 4.210803925129453e-06 0.0013867435145600614 7.823330346754964e-06
59852.38501929121 0.002566176079263563 6.594756434176779e-06 0.0011770282098893055 4.213436827251535e-06 4.1628857280552856e-05 1.4901984410278092e-07 0.0011770282098893055 4.213436827251535e-06 0.0013891478693742576 7.825845789648266e-06
59852.38522191817 0.002568961047697772 6.597114253202984e-06 0.0011802242360245078 4.215008304893178e-06 4.1741893582256935e-05 1.4907542375492002e-07 0.0011802242360245078 4.215008304893178e-06 0.0013887368116732644 7.828678782536196e-06
59852.38542454514 0.002546066079741448 6.582561534330382e-06 0.0011774545937204494 4.21318548875706e-06 4.164393752374864e-05 1.490109548219398e-07 0.0011774545937204494 4.21318548875706e-06 0.0013686114860209984 7.815436540329595e-06
59852.38562717211 0.0025607728046115486 6.5922699796775036e-06 0.001178438483362782 4.214148780720547e-06 4.167873550153401e-05 1.490450243058575e-07 0.001178438483362782 4.214148780720547e-06 0.0013823343212487666 7.824134037131886e-06
59852.385829799074 0.002562071375018434 6.593322923997135e-06 0.0011790878253916193 4.214100026991244e-06 4.170170127789995e-05 1.4904329999541022e-07 0.0011790878253916193 4.214100026991244e-06 0.0013829835496268145 7.824994965978812e-06
59852.38603242604 0.00256152138461421 6.591978585360137e-06 0.0011818002917607891 4.215201510965147e-06 4.1797635151371933e-05 1.490822570218954e-07 0.0011818002917607891 4.215201510965147e-06 0.001379721092853421 7.824455600736034e-06
59852.38623505301 0.002567879467272784 6.594644383977893e-06 0.0011691156977210787 4.2084934901387875e-06 4.134900940858662e-05 1.4884500931681127e-07 0.0011691156977210787 4.2084934901387875e-06 0.0013987637695517055 7.82309094972516e-06
59852.386437679976 0.002565402043507278 6.59380851914805e-06 0.0011758800275360767 4.212731808732713e-06 4.158824863675569e-05 1.4899490917339384e-07 0.0011758800275360767 4.212731808732713e-06 0.0013895220159712014 7.82466741015219e-06
59852.38664030695 0.0025608250923405853 6.590815971710343e-06 0.001176005749517581 4.213219703018317e-06 4.159269514226941e-05 1.490121649038961e-07 0.001176005749517581 4.213219703018317e-06 0.0013848193428230044 7.822408544614243e-06
59852.38684293391 0.0025540389639394667 6.591190675472055e-06 0.0011725914491105703 4.209915943754305e-06 4.147193896738576e-05 1.488953183221954e-07 0.0011725914491105703 4.209915943754305e-06 0.0013814475148288964 7.820945388756174e-06
59852.38704556088 0.002559886456039214 6.592454275809407e-06 0.00118180831393211 4.215609707096777e-06 4.1797918877643055e-05 1.490966940068065e-07 0.00118180831393211 4.215609707096777e-06 0.001378078142107104 7.825076266798063e-06
59852.38724818785 0.002577313126301071 6.604242636008707e-06 0.001176288527933592 4.212430947428461e-06 4.160269638287115e-05 1.489842683814479e-07 0.001176288527933592 4.212430947428461e-06 0.0014010245983674791 7.833300408009913e-06
59852.387450814815 0.002569673002631384 6.5963065521811955e-06 0.0011802976371982745 4.214031198740912e-06 4.174448961773109e-05 1.490408656940181e-07 0.0011802976371982745 4.214031198740912e-06 0.0013893753654331095 7.82747207432325e-06
59852.38765344178 0.0025518468736443938 6.5852853546228414e-06 0.0011761915334948562 4.211174716883512e-06 4.1599265906342876e-05 1.4893983831458306e-07 0.0011761915334948562 4.211174716883512e-06 0.0013756553401495376 7.816647343837959e-06
59852.38785606875 0.002569107726797666 6.599997849796782e-06 0.0011759615536647886 4.2125289721155145e-06 4.1591132033728056e-05 1.489877352955567e-07 0.0011759615536647886 4.2125289721155145e-06 0.0013931461731328774 7.829774706735485e-06
59852.38805869572 0.0025695401471651654 6.596848854791471e-06 0.0011775217960377587 4.2149762838018335e-06 4.164631431952353e-05 1.4907429124048208e-07 0.0011775217960377587 4.2149762838018335e-06 0.0013920183511274067 7.828437895645302e-06
59852.38826132269 0.0025652030880926563 6.5936769189434935e-06 0.0011695712622272166 4.209770790192203e-06 4.136512170704197e-05 1.4889018456510296e-07 0.0011695712622272166 4.209770790192203e-06 0.0013956318258654397 7.822962700752423e-06
59852.388463949654 0.0025678829071047833 6.59637727226544e-06 0.001165577613239496 4.207929283501665e-06 4.1223875267626485e-05 1.4882505458898388e-07 0.001165577613239496 4.207929283501665e-06 0.0014023052938652873 7.824248332780017e-06
