WASP80b/WASP80b_WLP8/Results/50520_radii/WASP80b_WLP8_nrca3_level3_asn_phot.ecsv
# %ECSV 0.9
# ---
# datatype:
# - {name: MJD, datatype: float64}
# - {name: aperture_sum, unit: Jy, datatype: float64}
# - {name: aperture_sum_err, unit: Jy, datatype: float64}
# - {name: annulus_sum, unit: Jy, datatype: float64}
# - {name: annulus_sum_err, unit: Jy, datatype: float64}
# - {name: annulus_mean, unit: Jy, datatype: float64}
# - {name: annulus_mean_err, unit: Jy, datatype: float64}
# - {name: aperture_bkg, unit: Jy, datatype: float64}
# - {name: aperture_bkg_err, unit: Jy, datatype: float64}
# - {name: net_aperture_sum, unit: Jy, datatype: float64}
# - {name: net_aperture_sum_err, unit: Jy, datatype: float64}
# meta: !!omap
# - {instrument: NIRCAM}
# - {detector: NRCA3}
# - {channel: SHORT}
# - {subarray: SUBGRISM256}
# - {filter: F210M}
# - {pupil: WLP8}
# - {target_name: UNKNOWN}
# - {xcenter: 1055.0}
# - {ycenter: 166.0}
# - ra_icrs: !numpy.ndarray
#     buffer: !!binary |
#       aE5BSnpLcnlja0E9
#     dtype: float64
#     order: C
#     shape: !!python/tuple []
# - dec_icrs: !numpy.ndarray
#     buffer: !!binary |
#       aHllR0pMQW5BY0E9
#     dtype: float64
#     order: C
#     shape: !!python/tuple []
# - {apertures: Photometry measured in a circular aperture of r=50.0 pixels.  Background calculated as the mean in a circular annulus
#     with r_inner=5.0 pixels and r_outer=20.0 pixels.}
# - {number_of_integrations: 1227}
# - __serialized_columns__:
#     annulus_mean:
#       __class__: astropy.units.quantity.Quantity
#       unit: &id001 !astropy.units.Unit {unit: Jy}
#       value: !astropy.table.SerializedColumn {name: annulus_mean}
#     annulus_mean_err:
#       __class__: astropy.units.quantity.Quantity
#       unit: *id001
#       value: !astropy.table.SerializedColumn {name: annulus_mean_err}
#     annulus_sum:
#       __class__: astropy.units.quantity.Quantity
#       unit: *id001
#       value: !astropy.table.SerializedColumn {name: annulus_sum}
#     annulus_sum_err:
#       __class__: astropy.units.quantity.Quantity
#       unit: *id001
#       value: !astropy.table.SerializedColumn {name: annulus_sum_err}
#     aperture_bkg:
#       __class__: astropy.units.quantity.Quantity
#       unit: *id001
#       value: !astropy.table.SerializedColumn {name: aperture_bkg}
#     aperture_bkg_err:
#       __class__: astropy.units.quantity.Quantity
#       unit: *id001
#       value: !astropy.table.SerializedColumn {name: aperture_bkg_err}
#     aperture_sum:
#       __class__: astropy.units.quantity.Quantity
#       unit: *id001
#       value: !astropy.table.SerializedColumn {name: aperture_sum}
#     aperture_sum_err:
#       __class__: astropy.units.quantity.Quantity
#       unit: *id001
#       value: !astropy.table.SerializedColumn {name: aperture_sum_err}
#     net_aperture_sum:
#       __class__: astropy.units.quantity.Quantity
#       unit: *id001
#       value: !astropy.table.SerializedColumn {name: net_aperture_sum}
#     net_aperture_sum_err:
#       __class__: astropy.units.quantity.Quantity
#       unit: *id001
#       value: !astropy.table.SerializedColumn {name: net_aperture_sum_err}
# schema: astropy-2.0
MJD aperture_sum aperture_sum_err annulus_sum annulus_sum_err annulus_mean annulus_mean_err aperture_bkg aperture_bkg_err net_aperture_sum net_aperture_sum_err
[from data line 899]
59852.380156243984 0.2196863079264817 3.558160614113186e-05 0.014354196776900335 8.12661739060123e-06 1.2184220646173017e-05 6.898087084430644e-09 0.09569464517933558 5.417744927067487e-05 0.12399166274714611 6.481702480875824e-05
59852.38035887095 0.2199272540631996 3.559477320280136e-05 0.014374520412476787 8.128226800839882e-06 1.22014718838455e-05 6.8994531942703465e-09 0.09583013608317859 5.418817867226588e-05 0.12409711798002102 6.483322132345636e-05
59852.380561497914 0.21972621420318236 3.5584030001674366e-05 0.014347085795794808 8.125772553702264e-06 1.2178184657942734e-05 6.897369964598234e-09 0.09564723863863206 5.417181702468176e-05 0.1240789755645503 6.481364787539475e-05
59852.380764124886 0.21983773756490022 3.55899739856412e-05 0.014351963149134185 8.126978661905477e-06 1.2182324684039628e-05 6.898393741037941e-09 0.09567975432756123 5.4179857746036515e-05 0.12415798323733898 6.482363175323772e-05
59852.38096675185 0.2200697116082699 3.560177577529094e-05 0.01440212461262996 8.131986509820525e-06 1.2224903056669367e-05 6.9026445343709135e-09 0.09601416408419973 5.4213243398803504e-05 0.12405554752407018 6.485801568173362e-05
59852.38116937882 0.22017319617279807 3.5609539411255426e-05 0.014410847547530286 8.133099084159758e-06 1.2232307313776866e-05 6.9035889168010265e-09 0.09607231698353524 5.4220660561065054e-05 0.12410087918926282 6.486847715770727e-05
59852.38137200579 0.22025478543308802 3.5614958618478164e-05 0.014409935131135181 8.133423374638024e-06 1.2231532830686525e-05 6.903864183108299e-09 0.09606623420756788 5.422282249758683e-05 0.12418855122552014 6.487325918281522e-05
59852.38157463275 0.2201518983917738 3.5609767138472176e-05 0.014370467671654584 8.12786493498117e-06 1.219803181059257e-05 6.899146032989545e-09 0.09580311781103056 5.41857662332078e-05 0.12434878058074324 6.483943844556378e-05
59852.381777259725 0.22002255802839027 3.5603529046512664e-05 0.014378334356576865 8.12993918470794e-06 1.2204709260145251e-05 6.900906710841398e-09 0.0958555623771791 5.4199594564719596e-05 0.12416699565121117 6.484756997410044e-05
59852.38197988669 0.22025480600294373 3.561663476450598e-05 0.014394788015162956 8.131286317757649e-06 1.2218675559323506e-05 6.902050192888671e-09 0.09596525343441971 5.420857545171766e-05 0.12428955256852402 6.486227196493183e-05
59852.382182513655 0.22019196294320859 3.561278600314584e-05 0.014397767450448875 8.13188761134519e-06 1.2221204582541514e-05 6.902560586737773e-09 0.09598511633632584 5.42125840756346e-05 0.12420684660688275 6.486350899437688e-05
59852.38238514063 0.22000950410752673 3.560113346658129e-05 0.01444722079941399 8.148255025112268e-06 1.2263181888889495e-05 6.916453679039965e-09 0.0963148053294266 5.4321700167415126e-05 0.12369469877810013 6.4948347270611e-05
59852.38258776759 0.21992331533129578 3.5596398267460944e-05 0.014361918236878827 8.12788893390355e-06 1.219077482496482e-05 6.899166403907549e-09 0.09574612157919218 5.4185926226023664e-05 0.12417719375210359 6.483223095488674e-05
59852.38279039456 0.22026165716166607 3.561471686428858e-05 0.014404054845129624 8.132912227859321e-06 1.2226541488902106e-05 6.903430308247093e-09 0.09602703230086417 5.4219414852395475e-05 0.1242346248608019 6.487027828104027e-05
59852.38299302153 0.2202243355325995 3.561430896534937e-05 0.014395324475612675 8.130774752325157e-06 1.2219130921096019e-05 6.9016159626630925e-09 0.09596882983741784 5.420516501550105e-05 0.12425550569518168 6.485814457288354e-05
59852.383195648494 0.22017167562268786 3.561660902029601e-05 0.01448712924291875 8.185288524642004e-06 1.2297057227848888e-05 6.9478886897607585e-09 0.09658086161945834 5.456859016428003e-05 0.12359081400322952 6.516343967764279e-05
59852.383398275466 0.21998397307731815 3.560089108508417e-05 0.014354004722282192 8.126966178361031e-06 1.218405762514997e-05 6.89838314467631e-09 0.09569336481521462 5.4179774522406874e-05 0.12429060826210353 6.48295566339218e-05
59852.38360090243 0.22017737217527633 3.5611299283357166e-05 0.014396942716455799 8.132170327833161e-06 1.22205045265856e-05 6.9028005639460624e-09 0.09597961810970533 5.421446885222108e-05 0.124197754065571 6.486426804934504e-05
59852.383803529396 0.22005294100916664 3.560532644735832e-05 0.014423098845686773 8.145174580559406e-06 1.2242706538634985e-05 6.9138389164932525e-09 0.0961539923045785 5.430116387039605e-05 0.12389894870458815 6.493347110006179e-05
59852.38400615637 0.22018843499536842 3.561110897368359e-05 0.0144001279801838 8.13176092394315e-06 1.2223208262411534e-05 6.902453051131042e-09 0.09600085320122534 5.421173949295434e-05 0.12418758179414308 6.486188234385056e-05
59852.38420878333 0.21992158567196204 3.559694432164111e-05 0.01435479430864408 8.126712835560402e-06 1.2184727846869928e-05 6.8981681006282195e-09 0.09569862872429387 5.417808557040268e-05 0.12422295694766818 6.482597782611453e-05
59852.3844114103 0.22007809966668607 3.5604992626592406e-05 0.014377741932188137 8.130443150178118e-06 1.2204206394705922e-05 6.901334490018607e-09 0.09585161288125425 5.420295433452079e-05 0.12422648678543181 6.485118162786122e-05
59852.38461403727 0.22038188471772402 3.5622915512694035e-05 0.014423320119639 8.134565644129125e-06 1.2242894361799115e-05 6.904833771566175e-09 0.09615546746426 5.42304376275275e-05 0.12422641725346402 6.488399243956623e-05
59852.384816664235 0.22009658859890444 3.5605304385469265e-05 0.014378481887798705 8.129839482474122e-06 1.2204834488535738e-05 6.900822080956868e-09 0.09585654591865804 5.419892988316082e-05 0.1242400426802464 6.48479891813285e-05
59852.38501929121 0.2202162111033158 3.5627413536922455e-05 0.014386066090508177 8.13029900896219e-06 1.2211272159739063e-05 6.901212139154509e-09 0.09590710727005453 5.4201993393081267e-05 0.12430910383326127 6.486269099501277e-05
59852.38522191817 0.22027977198806795 3.561547626457383e-05 0.014410625221591632 8.131862255971656e-06 1.2232118597658923e-05 6.90253906442827e-09 0.09607083481061089 5.421241503981104e-05 0.12420893717745705 6.486484482368821e-05
59852.38542454514 0.22008829505687494 3.560676867906336e-05 0.014370258346121743 8.127905370952532e-06 1.2197854129561814e-05 6.899180356108057e-09 0.09580172230747828 5.4186035806350214e-05 0.12428657274939665 6.483801702837152e-05
59852.38562717211 0.22018519064346642 3.561219253240824e-05 0.014383097796481076 8.129499939640856e-06 1.2208752593515259e-05 6.900533868048572e-09 0.09588731864320718 5.419666626427238e-05 0.12429787200025924 6.484987965390709e-05
59852.385829799074 0.21995328819426407 3.5597141988989385e-05 0.01437641520630548 8.128869640289367e-06 1.220308023480004e-05 6.899998853342347e-09 0.09584276804203654 5.419246426859578e-05 0.12411052015222754 6.48381037761539e-05
59852.38603242604 0.2200382809000866 3.5604562006930224e-05 0.014363788333876729 8.12836221235409e-06 1.2192362212598298e-05 6.899568135133481e-09 0.09575858889251153 5.4189081415693935e-05 0.12427969200757506 6.483935055490643e-05
59852.38623505301 0.219992566827378 3.560230607704553e-05 0.014360880294287177 8.127645254037991e-06 1.2189893791929584e-05 6.898959562013492e-09 0.09573920196191452 5.418430169358661e-05 0.12425336486546348 6.483411716083783e-05
59852.386437679976 0.22028350372747607 3.5616754591237266e-05 0.014404085912158906 8.131340043246896e-06 1.2226567859415585e-05 6.902095796500317e-09 0.09602723941439271 5.4208933621645976e-05 0.12425626431308336 6.486263710340831e-05
59852.38664030695 0.2202878576198213 3.561653146671914e-05 0.014424879498082598 8.135184341434222e-06 1.224421800333218e-05 6.905358938149556e-09 0.09616586332055066 5.423456227622815e-05 0.12412199429927065 6.488393529228837e-05
59852.38684293391 0.22030742052206637 3.561749770820199e-05 0.014417164882063672 8.134325767794947e-06 1.2237669633873684e-05 6.904630158209828e-09 0.09611443254709115 5.422883845196632e-05 0.12419298797497522 6.487968143296663e-05
59852.38704556088 0.22002856472631624 3.5601873308413595e-05 0.014384739533859115 8.130945561497314e-06 1.2210146143483118e-05 6.9017609499914886e-09 0.09589826355906077 5.4206303743315434e-05 0.12413030116725547 6.48522686463697e-05
59852.38724818785 0.2199062686102759 3.5595340830984604e-05 0.014359381896033325 8.127442230759999e-06 1.2188621911989207e-05 6.898787230502798e-09 0.09572921264022217 5.418294820506667e-05 0.12417705597005373 6.482916137871056e-05
59852.387450814815 0.22033337001477432 3.561963181965851e-05 0.014413477410844276 8.132913548499873e-06 1.2234539611089278e-05 6.903431429241611e-09 0.09608984940562851 5.4219423656665824e-05 0.12424352060914581 6.487298415079302e-05
59852.38765344178 0.2200367451658512 3.560220599973677e-05 0.014363881578944578 8.12746381004232e-06 1.2192441361470124e-05 6.89880554756653e-09 0.0957592105262972 5.4183092066948804e-05 0.124277534639554 6.483305127774832e-05
59852.38785606875 0.22011334481753103 3.560711475013865e-05 0.01437492148497797 8.12943636935678e-06 1.220181232475804e-05 6.900479907915533e-09 0.09583280989985313 5.419624246237853e-05 0.1242805349176779 6.484673714128155e-05
59852.38805869572 0.22030988019019526 3.56171407236998e-05 0.014409873451563339 8.132203029203246e-06 1.2231480475439876e-05 6.9028283217311015e-09 0.09606582301042227 5.4214686861354976e-05 0.124244057179773 6.486765746353579e-05
59852.38826132269 0.22020269947182394 3.5611951111121415e-05 0.01439051882085423 8.130387010034378e-06 1.2215051754644821e-05 6.9012868367845685e-09 0.09593679213902821 5.420258006689586e-05 0.12426590733279573 6.485468948232778e-05
59852.388463949654 0.22022395371004871 3.561301177434393e-05 0.014408788266898957 8.132670332300579e-06 1.2230559342087855e-05 6.903224980919702e-09 0.09605858844599305 5.4217802215337195e-05 0.12416536526405567 6.486799430151192e-05
59852.38866657662 0.22005493081846925 3.56037753058305e-05 0.014396264402723626 8.130314473868346e-06 1.2219928756007239e-05 6.901225266174558e-09 0.0959750960181575 5.420209649245564e-05 0.12407983480031175 6.484979630041668e-05
59852.38886920359 0.22004627768568394 3.560367204016058e-05 0.014380368088980357 8.12863834773993e-06 1.2206435545824941e-05 6.899802526128782e-09 0.09586912059320238 5.4190922318266196e-05 0.12417715709248156 6.484040040320289e-05
59852.389071830556 0.22031736625520554 3.561844968026533e-05 0.014413264082346344 8.133494671583914e-06 1.2234358532236221e-05 6.903924701835583e-09 0.0960884272156423 5.422329781055943e-05 0.12422893903956324 6.487557308477677e-05
59852.38927445752 0.22011889141278368 3.560622456124419e-05 0.014384518269703639 8.131095277898566e-06 1.2209958328634728e-05 6.901888033219868e-09 0.09589678846469092 5.420730185265711e-05 0.12422210294809276 6.485549168459701e-05
59852.38947708449 0.2201331726509237 3.5607795347480624e-05 0.014388574139449179 8.130512288297492e-06 1.2213401057800273e-05 6.90139317627703e-09 0.09592382759632787 5.420341525531661e-05 0.12420934505459583 6.485310566849018e-05
59852.38967971146 0.22008685076032447 3.560635893894779e-05 0.014365800903247437 8.128271369598953e-06 1.2194070534537838e-05 6.8994910254080185e-09 0.09577200602164959 5.418847579732635e-05 0.12431484473867488 6.483983116978799e-05
59852.38988233842 0.22018658007716643 3.56118111283751e-05 0.014403732395776934 8.132243264340073e-06 1.222626778539076e-05 6.902862474375965e-09 0.0960248826385129 5.421495509560049e-05 0.12416169743865353 6.486495546796466e-05
59852.390084965395 0.2199596928720963 3.559785408909975e-05 0.014374920894330609 8.128831924355657e-06 1.2201811823400988e-05 6.899966839063502e-09 0.09583280596220406 5.419221282903771e-05 0.12412688690989224 6.483828457829953e-05
59852.39028759236 0.22003993185856296 3.5602483651577774e-05 0.014375229993284902 8.129241851783508e-06 1.2202074194742218e-05 6.9003147962712435e-09 0.09583486662189936 5.419494567855672e-05 0.12420506523666361 6.484311049959415e-05
59852.39049021933 0.22008277340592391 3.560624320549857e-05 0.014367160179203593 8.128925345842834e-06 1.2195224323804228e-05 6.900046137684703e-09 0.09578106786135729 5.4192835638952226e-05 0.12430170554456663 6.484341130600397e-05
59852.3906928463 0.22012670321806466 3.560968658431126e-05 0.014371018962968057 8.129803252081121e-06 1.2198499761193226e-05 6.900791327644142e-09 0.09580679308645372 5.419868834720748e-05 0.12431991013161094 6.485019350156638e-05
59852.39089547326 0.22010007643463936 3.5607789677622554e-05 0.014384779754740994 8.129913693181536e-06 1.2210180284028007e-05 6.9008850729617494e-09 0.0958985316982733 5.419942462121024e-05 0.12420154473636606 6.484976727017649e-05
59852.391098100234 0.22005092440790364 3.560484692027307e-05 0.014428448176009006 8.146736218404823e-06 1.224724719123773e-05 6.915164475866145e-09 0.09618965450672672 5.4311574789365486e-05 0.12386126990117692 6.494191466469801e-05
59852.3913007272 0.22036247808012316 3.562229621509168e-05 0.014426748397661662 8.135809470557631e-06 1.2245804374564983e-05 6.9058895642298825e-09 0.09617832265107776 5.4238729803717545e-05 0.1241841554290454 6.489058327952071e-05
59852.39150335416 0.2203701439748549 3.5623021703705796e-05 0.014421529449397164 8.13418336420075e-06 1.2241374393690126e-05 6.904509282284865e-09 0.09614352966264778 5.4227889094671666e-05 0.12422661431220713 6.488192067877386e-05
59852.391705981136 0.2200917969028744 3.5605470847048344e-05 0.014380194639208532 8.13087009046711e-06 1.2206288317085933e-05 6.901696888191397e-09 0.09586796426139021 5.420580060311407e-05 0.12422383264148418 6.485382311987915e-05
59852.3919086081 0.2199354828161757 3.5597821360228744e-05 0.014361307376273284 8.127448350027815e-06 1.219025631037862e-05 6.898792424698643e-09 0.09574204917515523 5.4182989000185435e-05 0.12419343364102046 6.483055747553751e-05
59852.39211123507 0.22001231467528531 3.560218724259847e-05 0.014358677148949948 8.126276087832558e-06 1.2188023704085477e-05 6.897797377642777e-09 0.09572451432633299 5.417517391888372e-05 0.12428780034895233 6.482642366811808e-05
59852.39231386204 0.21988956831652284 3.559287336949528e-05 0.014367202071140327 8.127034948909059e-06 1.2195259882784532e-05 6.898441518930485e-09 0.09578134714093552 5.418023299272707e-05 0.12410822117558733 6.482553726613546e-05
59852.392516489 0.21999618230615808 3.560055281186735e-05 0.014378071752394648 8.129546248556768e-06 1.220448635479231e-05 6.900573176277246e-09 0.09585381168263099 5.419697499037845e-05 0.12414237062352709 6.484374648814074e-05
59852.392719115975 0.21999495683980264 3.56007771566743e-05 0.014360652434569278 8.12759729713252e-06 1.218970037859393e-05 6.8989188549278334e-09 0.09573768289712853 5.4183981980883475e-05 0.1242572739426741 6.483301039951706e-05
59852.39292174294 0.21998989925879064 3.559974358205532e-05 0.01436083751179398 8.126491680163904e-06 1.2189857477021477e-05 6.897980378097318e-09 0.09573891674529321 5.41766112010927e-05 0.12425098251349743 6.482628282064653e-05
59852.393124369904 0.2200060486862297 3.5602588815219234e-05 0.014367614295852973 8.128242209386219e-06 1.219560978998817e-05 6.899466273450695e-09 0.09578409530568649 5.418828139590813e-05 0.1242219533805432 6.483759843630621e-05
59852.39332699688 0.22010067759786223 3.56039406000689e-05 0.014388930784298194 8.13073820303782e-06 1.22137037873504e-05 6.901584938664446e-09 0.09592620522865462 5.420492135358547e-05 0.1241744723692076 6.485224811216355e-05
59852.39352962384 0.2199831878769467 3.559858188797433e-05 0.014373047113930228 8.129372265659362e-06 1.2200221309198379e-05 6.90042549500719e-09 0.09582031409286819 5.419581510439575e-05 0.12416287378407852 6.484169497526005e-05
59852.39373225081 0.2201371918878255 3.560868103818389e-05 0.014388833806623095 8.130162629408287e-06 1.2213621470143139e-05 6.901096376593761e-09 0.09592555871082063 5.420108419605525e-05 0.12421163317700486 6.485164372093422e-05
59852.39393487778 0.22007216973513294 3.560479539501804e-05 0.014386835686587829 8.130860603790949e-06 1.2211925413180453e-05 6.9016888356505724e-09 0.09591223791058553 5.420573735860633e-05 0.1241599318245474 6.485339943064904e-05
