WASP80b/WASP80b_WLP8/Results/50520_radii/WASP80b_WLP8_nrca3_level3_asn_phot.ecsv
# %ECSV 0.9
# ---
# datatype:
# - {name: MJD, datatype: float64}
# - {name: aperture_sum, unit: Jy, datatype: float64}
# - {name: aperture_sum_err, unit: Jy, datatype: float64}
# - {name: annulus_sum, unit: Jy, datatype: float64}
# - {name: annulus_sum_err, unit: Jy, datatype: float64}
# - {name: annulus_mean, unit: Jy, datatype: float64}
# - {name: annulus_mean_err, unit: Jy, datatype: float64}
# - {name: aperture_bkg, unit: Jy, datatype: float64}
# - {name: aperture_bkg_err, unit: Jy, datatype: float64}
# - {name: net_aperture_sum, unit: Jy, datatype: float64}
# - {name: net_aperture_sum_err, unit: Jy, datatype: float64}
# meta: !!omap
# - {instrument: NIRCAM}
# - {detector: NRCA3}
# - {channel: SHORT}
# - {subarray: SUBGRISM256}
# - {filter: F210M}
# - {pupil: WLP8}
# - {target_name: UNKNOWN}
# - {xcenter: 1055.0}
# - {ycenter: 166.0}
# - ra_icrs: !numpy.ndarray
#     buffer: !!binary |
#       aE5BSnpLcnlja0E9
#     dtype: float64
#     order: C
#     shape: !!python/tuple []
# - dec_icrs: !numpy.ndarray
#     buffer: !!binary |
#       aHllR0pMQW5BY0E9
#     dtype: float64
#     order: C
#     shape: !!python/tuple []
# - {apertures: Photometry measured in a circular aperture of r=50.0 pixels.  Background calculated as the mean in a circular annulus
#     with r_inner=5.0 pixels and r_outer=20.0 pixels.}
# - {number_of_integrations: 1227}
# - __serialized_columns__:
#     annulus_mean:
#       __class__: astropy.units.quantity.Quantity
#       unit: &id001 !astropy.units.Unit {unit: Jy}
#       value: !astropy.table.SerializedColumn {name: annulus_mean}
#     annulus_mean_err:
#       __class__: astropy.units.quantity.Quantity
#       unit: *id001
#       value: !astropy.table.SerializedColumn {name: annulus_mean_err}
#     annulus_sum:
#       __class__: astropy.units.quantity.Quantity
#       unit: *id001
#       value: !astropy.table.SerializedColumn {name: annulus_sum}
#     annulus_sum_err:
#       __class__: astropy.units.quantity.Quantity
#       unit: *id001
#       value: !astropy.table.SerializedColumn {name: annulus_sum_err}
#     aperture_bkg:
#       __class__: astropy.units.quantity.Quantity
#       unit: *id001
#       value: !astropy.table.SerializedColumn {name: aperture_bkg}
#     aperture_bkg_err:
#       __class__: astropy.units.quantity.Quantity
#       unit: *id001
#       value: !astropy.table.SerializedColumn {name: aperture_bkg_err}
#     aperture_sum:
#       __class__: astropy.units.quantity.Quantity
#       unit: *id001
#       value: !astropy.table.SerializedColumn {name: aperture_sum}
#     aperture_sum_err:
#       __class__: astropy.units.quantity.Quantity
#       unit: *id001
#       value: !astropy.table.SerializedColumn {name: aperture_sum_err}
#     net_aperture_sum:
#       __class__: astropy.units.quantity.Quantity
#       unit: *id001
#       value: !astropy.table.SerializedColumn {name: net_aperture_sum}
#     net_aperture_sum_err:
#       __class__: astropy.units.quantity.Quantity
#       unit: *id001
#       value: !astropy.table.SerializedColumn {name: net_aperture_sum_err}
# schema: astropy-2.0
MJD aperture_sum aperture_sum_err annulus_sum annulus_sum_err annulus_mean annulus_mean_err aperture_bkg aperture_bkg_err net_aperture_sum net_aperture_sum_err
[from data line 415]
59852.28208479167 0.22004504586270135 3.5638321150059854e-05 0.014368704772496107 8.13640858619252e-06 1.2196535415311269e-05 6.9063981093753555e-09 0.09579136514997405 5.424272390795013e-05 0.1242536807127273 6.490271975309593e-05
59852.28228741863 0.22018973143252116 3.5644706754339e-05 0.014402866397623986 8.14199379907523e-06 1.2225532703328091e-05 6.911138985314042e-09 0.09601910931749325 5.4279958660501534e-05 0.12417062211502791 6.493734697220526e-05
59852.2824900456 0.2203176808200386 3.565250255159552e-05 0.014411455413544272 8.142396377756041e-06 1.2232823286474803e-05 6.91148070471156e-09 0.09607636942362849 5.428264251837361e-05 0.12424131139641012 6.494386974125477e-05
59852.28269267257 0.2203264148709815 3.5652551880254614e-05 0.01441795499459555 8.143526742326877e-06 1.2238340302220602e-05 6.9124401879592635e-09 0.09611969996397034 5.429017828217918e-05 0.12420671490701117 6.495019563854328e-05
59852.28289529954 0.2203795957084994 3.566097067666037e-05 0.01441094851300384 8.14328928899123e-06 1.2232393015932587e-05 6.9122386313079475e-09 0.09607299008669228 5.428859525994154e-05 0.12430660562180713 6.495349417005507e-05
59852.283097926505 0.22012896963482798 3.564143926755547e-05 0.014398494069423496 8.141332402609317e-06 1.2221821355883142e-05 6.910577574557278e-09 0.0959899604628233 5.4275549350728784e-05 0.12413900917200467 6.493186775679751e-05
59852.28330055347 0.22006131818483649 3.5644519620355166e-05 0.014435079515573896 8.157042009866316e-06 1.2252876047083455e-05 6.9239123033518564e-09 0.09623386343715931 5.438028006577544e-05 0.12382745474767717 6.502112455962337e-05
59852.28350318044 0.2201345677500447 3.564290385766457e-05 0.01438136954078785 8.139274075521724e-06 1.2207285604520572e-05 6.9088304122613286e-09 0.09587579693858567 5.426182717014483e-05 0.12425877081145903 6.492120210878252e-05
59852.28370580741 0.22016230392978875 3.5645880623030736e-05 0.014408691260127358 8.143316549923167e-06 1.2230477000182718e-05 6.91226177110566e-09 0.0960579417341824 5.428877699948778e-05 0.12410436219560635 6.494536252490606e-05
59852.28390843437 0.22003968731297704 3.54427051328415e-05 0.014368148046295085 8.081652782861688e-06 1.2196062851434782e-05 6.8599199399723186e-09 0.09578765364196724 5.387768521907793e-05 0.1242520336710098 6.449023423511188e-05
59852.284111061344 0.22025316269692544 3.545414855613352e-05 0.014404761704917945 8.08603911115005e-06 1.2227141490125489e-05 6.8636431710609406e-09 0.09603174469945298 5.390692740766701e-05 0.12422141799747245 6.45209537466385e-05
59852.28431368831 0.22003698430930502 3.544162161252353e-05 0.01435112973636506 8.080612591442788e-06 1.2181617261309803e-05 6.859036998073226e-09 0.09567419824243374 5.3870750609618586e-05 0.12436278606687128 6.448384537051908e-05
59852.284516315274 0.22015106417889663 3.545218889806366e-05 0.014362254305853325 8.08228478003326e-06 1.2191060089170213e-05 6.860456395832988e-09 0.09574836203902218 5.3881898533555064e-05 0.12440270213987445 6.449896655950629e-05
59852.28471894225 0.22002728845609734 3.5440089476797614e-05 0.01437593891846613 8.082446474191727e-06 1.220267594912555e-05 6.860593646097464e-09 0.0958395927897742 5.388297649461152e-05 0.12418769566632314 6.449321745766976e-05
59852.28492156921 0.22028656489584106 3.5459894786015105e-05 0.014407398046570395 8.086068517486935e-06 1.2229379286422376e-05 6.863668131934932e-09 0.09604932031046931 5.39071234499129e-05 0.12423724458537175 6.452427525264744e-05
59852.28512419618 0.2203531485230971 3.545851855213845e-05 0.014435365154644064 8.090515288594238e-06 1.225311850505656e-05 6.8674426684817345e-09 0.0962357676976271 5.3936768590628255e-05 0.12411738082547 6.454828846616562e-05
59852.28532682315 0.22003468837889079 3.544230979499747e-05 0.014380316283696345 8.084343385962598e-06 1.2206391572134121e-05 6.862203794817162e-09 0.09586877522464231 5.389562257308399e-05 0.12416591315424848 6.450500334194934e-05
59852.28552945011 0.22016150032343043 3.545358901166471e-05 0.014379434447495676 8.084024964453913e-06 1.2205643046319007e-05 6.861933510245993e-09 0.09586289631663784 5.389349976302609e-05 0.12429860400679259 6.450942791960976e-05
59852.285732077085 0.22017285199408929 3.544825478695366e-05 0.014391130319600228 8.08392541417325e-06 1.2215570810901461e-05 6.861849009343307e-09 0.09594086879733485 5.389283609448833e-05 0.12423198319675444 6.450594197241188e-05
59852.28593470405 0.2202983970197266 3.5455440476581945e-05 0.01443120931975505 8.089399461308622e-06 1.2249590922841838e-05 6.866495524864974e-09 0.09620806213170034 5.392932974205748e-05 0.12409033488802625 6.454038166772808e-05
59852.286137331015 0.22030204533873993 3.5456338413110266e-05 0.014417478002064573 8.088678956479668e-06 1.2237935418385281e-05 6.865883941371376e-09 0.09611652001376383 5.392452637653112e-05 0.12418552532497609 6.453686139407617e-05
59852.28633995799 0.22023315145896433 3.545201383933164e-05 0.014392759565489584 8.083885693015897e-06 1.221695375776441e-05 6.861815292977771e-09 0.09595173043659723 5.3892571286772654e-05 0.1242814210223671 6.450778654677306e-05
59852.28654258495 0.22005066587613636 3.544282694411556e-05 0.014374869747938373 8.082670562860818e-06 1.2201768408994878e-05 6.860783858467473e-09 0.09583246498625582 5.3884470419072126e-05 0.12421820088988055 6.449596990614517e-05
59852.286745211924 0.2200052754117224 3.544120785401229e-05 0.014361064270775955 8.082919336009629e-06 1.2190049956023459e-05 6.860995023674629e-09 0.09574042847183971 5.388612890673086e-05 0.1242648469398827 6.449646581560976e-05
59852.28694783889 0.22013881829435777 3.5445937205358896e-05 0.014386080058945136 8.08403282230331e-06 1.2211284016516606e-05 6.86194018019572e-09 0.09590720039296759 5.389355214868874e-05 0.12423161790139019 6.450526666536368e-05
59852.287150465854 0.22013430886577787 3.5446408849652836e-05 0.014397475889980709 8.085981525516533e-06 1.222095709832968e-05 6.863594290857072e-09 0.0959831725998714 5.390654350344356e-05 0.12415113626590647 6.451638034503641e-05
59852.28735309283 0.2203215777147643 3.550237227232027e-05 0.014386671372018111 8.084336417305378e-06 1.2211785938641827e-05 6.862197879637197e-09 0.09591114248012075 5.389557611536919e-05 0.12441043523464354 6.453798541765902e-05
59852.28755571979 0.22027638025268753 3.545405968412847e-05 0.014409816727789012 8.08627356556755e-06 1.223143232680481e-05 6.863842182151473e-09 0.09606544485192675 5.3908490437117004e-05 0.12421093540076078 6.4522210821503e-05
59852.287758346756 0.22012940503627126 3.5446437677725855e-05 0.014385566587481989 8.083698204056235e-06 1.2210848168401957e-05 6.86165614740601e-09 0.09590377724987993 5.3891321360374905e-05 0.12422562778639133 6.450367789520303e-05
59852.28796097373 0.22013118410643473 3.5446490705441476e-05 0.014397847186339973 8.085416323117288e-06 1.2221272264467968e-05 6.863114532160073e-09 0.09598564790893316 5.3902775487448596e-05 0.12414553619750157 6.451327699459421e-05
59852.28816360069 0.22012667459761723 3.544854433400215e-05 0.014391287465412926 8.084942890548004e-06 1.2215704200410138e-05 6.862712670114087e-09 0.09594191643608617 5.389961927032003e-05 0.12418475816153106 6.451176832861715e-05
59852.288366227665 0.2200988547506661 3.544402003122227e-05 0.014376233074222717 8.082816170031507e-06 1.2202925636286615e-05 6.860907453672619e-09 0.09584155382815146 5.388544113354338e-05 0.12425730092251464 6.449743655472095e-05
59852.28856885463 0.22002549191224569 3.544233474944282e-05 0.014363648969671424 8.080404903271902e-06 1.2192243916586755e-05 6.858860706878462e-09 0.0957576597978095 5.386936602181268e-05 0.12426783211443619 6.448308063425311e-05
59852.288771481595 0.21991838612138137 3.543445413044711e-05 0.014352100908612447 8.080517578382194e-06 1.2182441617916552e-05 6.858956348482549e-09 0.09568067272408298 5.387011718921463e-05 0.12423771339729839 6.447937705578798e-05
59852.28897410857 0.22022027669202643 3.5452197401299204e-05 0.014391450425063596 8.084228337786768e-06 1.2215842524857758e-05 6.8621061388924835e-09 0.09594300283375731 5.389485558524512e-05 0.12427727385826912 6.450979583857876e-05
59852.28917673553 0.2203101506915509 3.545665546294e-05 0.014422172186222723 8.088428446130012e-06 1.2241919965652231e-05 6.865671301582345e-09 0.09614781457481816 5.392285630753342e-05 0.12416233611673275 6.453564014543073e-05
59852.2893793625 0.22019603407792304 3.545077240183596e-05 0.014390861038255745 8.085238829483498e-06 1.2215342237797157e-05 6.8629638708844196e-09 0.09593907358837164 5.3901592196556656e-05 0.1242569604895514 6.45146410143517e-05
59852.28958198947 0.22011914322083548 3.544695359201487e-05 0.014375731157369172 8.081583653042586e-06 1.2202499596029214e-05 6.859861260759384e-09 0.09583820771579449 5.387722435361725e-05 0.12428093550504099 6.449218420091277e-05
59852.289784616434 0.22021794281278673 3.545184645548438e-05 0.014399777757432453 8.086053460114796e-06 1.2222910984107212e-05 6.8636553508404995e-09 0.09599851838288302 5.390702306743197e-05 0.1242194244299037 6.451976869995647e-05
59852.289987243406 0.21997741192328155 3.543754859921762e-05 0.01436367847155711 8.081216827817629e-06 1.219226895856509e-05 6.85954988983777e-09 0.09575785647704742 5.387477885211753e-05 0.12421955544623413 6.448497225777864e-05
59852.29018987037 0.2201006003630332 3.545006197273249e-05 0.01439467560728992 8.08579438157469e-06 1.2218580144557447e-05 6.8634354381455305e-09 0.09596450404859948 5.3905295877164606e-05 0.12413609631443372 6.451734509010143e-05
59852.290392497336 0.21999162976002215 3.5438719790958616e-05 0.014369478024313877 8.081706318027816e-06 1.2197191771839552e-05 6.859965382032683e-09 0.09579652016209252 5.387804212018544e-05 0.12419510959792963 6.448834222653392e-05
59852.29059512431 0.22020681726401625 3.545223783285722e-05 0.014375509950789178 8.081918638682152e-06 1.220231183005241e-05 6.860145605401526e-09 0.09583673300526119 5.387945759121435e-05 0.12437008425875506 6.449695432871957e-05
59852.29079775127 0.2201702618189678 3.544838811396378e-05 0.014391546989921842 8.084329285743193e-06 1.2215924491655192e-05 6.862191826179204e-09 0.09594364659947895 5.3895528571621285e-05 0.12422661521948884 6.450826474098226e-05
59852.29100037824 0.2202374283500615 3.545362041841582e-05 0.014385062120781191 8.083506178540145e-06 1.2210419963766985e-05 6.861493151085553e-09 0.09590041413854128 5.3890041190267635e-05 0.12433701421152021 6.450655579289483e-05
59852.29120300521 0.22019505814349483 3.5453399023295804e-05 0.014392437755830125 8.084756770564656e-06 1.2216680597241543e-05 6.862554686565512e-09 0.0959495850388675 5.3898378470431045e-05 0.12424547310462733 6.451339941474838e-05
59852.291405632175 0.2200547073200546 3.544255538623462e-05 0.014446672281415837 8.102511764543482e-06 1.2262716292351998e-05 6.877625593532429e-09 0.09631114854277226 5.401674509695655e-05 0.12374355877728235 6.460637339439422e-05
59852.29160825914 0.2202600260740283 3.545318460405542e-05 0.014401744648590838 8.085696466358531e-06 1.222458053317591e-05 6.8633523251287e-09 0.0960116309906056 5.390464310905688e-05 0.12424839508342271 6.451851553844079e-05
59852.29181088611 0.2200334047115505 3.5441384090662224e-05 0.014385261157934875 8.083636581900474e-06 1.2210588911750281e-05 6.861603840895645e-09 0.09590174105289918 5.389091054600317e-05 0.12413166365865132 6.4500557716497e-05
59852.29201351308 0.2201249912324142 3.544586782131598e-05 0.014390923453461667 8.084328192511534e-06 1.2215395217469407e-05 6.862190898215351e-09 0.09593948968974446 5.389552128341023e-05 0.12418550154266973 6.450687374239065e-05
59852.29221614005 0.22019309810919524 3.544936780855635e-05 0.014408870049448571 8.086104209054331e-06 1.2230628761272014e-05 6.86369842787828e-09 0.09605913366299049 5.390736139369554e-05 0.12413396444620475 6.451868946636167e-05
59852.292418767014 0.22041444763178866 3.556874184589197e-05 0.014387402942452828 8.084687600723315e-06 1.221240691491332e-05 6.862495973380646e-09 0.0959160196163522 5.389791733815544e-05 0.12449842801543647 6.457647319179286e-05
59852.29262139398 0.22000598467324223 3.544048274312586e-05 0.014347034939481368 8.080773141285194e-06 1.2178141489763153e-05 6.859173277012061e-09 0.09564689959654245 5.38718209419013e-05 0.12435908507669978 6.448411361461114e-05
59852.29282402095 0.22003939449968207 3.544115909164656e-05 0.014386196171559684 8.083240135684634e-06 1.2211382575964929e-05 6.861267326896066e-09 0.09590797447706456 5.3888267571230895e-05 0.12413142002261751 6.449822586387921e-05
59852.293026647916 0.2199857362608861 3.543723943845993e-05 0.014374898129595793 8.082298351401074e-06 1.2201792500093926e-05 6.860467915567773e-09 0.09583265419730529 5.38819890093405e-05 0.12415308206358082 6.449082631368147e-05
59852.29322927488 0.21996206455930553 3.5437857707677085e-05 0.014359589392841321 8.080607140537661e-06 1.2188798040750103e-05 6.859032371201251e-09 0.09573059595227547 5.387071427025108e-05 0.12423146860703006 6.448174636977972e-05
59852.29343190185 0.21993771693998682 3.5433322649837286e-05 0.014387910265582261 8.083693725250027e-06 1.2212837544160222e-05 6.861652345677224e-09 0.09591940177054842 5.389129150166685e-05 0.1240183151694384 6.449644683023323e-05
59852.29363452882 0.2199058120184925 3.543233513232634e-05 0.014373048835427544 8.08191696813773e-06 1.2200222770450685e-05 6.86014418739938e-09 0.09582032556951696 5.3879446454251535e-05 0.12408548644897553 6.44860071887386e-05
59852.29383715579 0.21999277375903076 3.543673378324623e-05 0.014365950477023779 8.081444176245634e-06 1.2194197496702434e-05 6.859742869177082e-09 0.09577300318015854 5.387629450830423e-05 0.12421977057887222 6.448579076951912e-05
59852.294039782755 0.21979326574122926 3.5425727462901814e-05 0.014359400901184562 8.079699844918369e-06 1.2188638044062613e-05 6.858262234760419e-09 0.09572933934123043 5.3864665632789127e-05 0.12406392639999883 6.447002691179809e-05
59852.29424240972 0.2197422171726324 3.542231583965674e-05 0.014347905299548701 8.078907597934477e-06 1.2178880274333744e-05 6.8575897546343605e-09 0.09565270199699134 5.385938398622985e-05 0.12408951517564105 6.446373944180208e-05
59852.29444503669 0.21955589952793741 3.5409525577273955e-05 0.01433341584731573 8.077103220185584e-06 1.2166581245290698e-05 6.856058151232006e-09 0.09555610564877154 5.384735480123722e-05 0.12399979387916588 6.444666105158547e-05
59852.29464766366 0.21965770476001872 3.541938934496506e-05 0.014345785849227851 8.079140726388403e-06 1.2177081229026007e-05 6.857787640212055e-09 0.09563857232818568 5.386093817592269e-05 0.12401913243183305 6.446342996428898e-05
59852.29485029062 0.21940060021610006 3.53993739580659e-05 0.014332579428737013 8.077710982363826e-06 1.216587127115045e-05 6.856574035791428e-09 0.09555052952491343 5.385140654909218e-05 0.12385007069118663 6.44444696148444e-05
59852.295052917594 0.21940612098658419 3.539985907217752e-05 0.014377446075528485 8.090052292184347e-06 1.2203955263773494e-05 6.8670496649229715e-09 0.09584964050352324 5.393368194789565e-05 0.12355648048306095 6.45135030112828e-05
59852.29525554456 0.2193438313844049 3.539619582549801e-05 0.014327271629932985 8.076102455583409e-06 1.2161365871595259e-05 6.855208675854367e-09 0.09551514419955325 5.384068303722273e-05 0.12382868718485167 6.443376311245282e-05
59852.29545817153 0.21930090716057263 3.539136331790082e-05 0.014323822478047121 8.075283616038593e-06 1.2158438140544005e-05 6.854513623261531e-09 0.09549214985364748 5.383522410692395e-05 0.12380875730692514 6.442654695187677e-05
59852.295660798496 0.21923885763932355 3.538877022436279e-05 0.01432528157359813 8.074796492260866e-06 1.2159676659314065e-05 6.854100139756876e-09 0.09550187715732086 5.383197661507244e-05 0.12373698048200268 6.442240886739995e-05
59852.29586342546 0.21910366872547843 3.537837432814197e-05 0.014306020284668633 8.07420415761235e-06 1.214332716948233e-05 6.8535973504914036e-09 0.09537346856445755 5.3828027717415664e-05 0.12373020016102088 6.441339874629349e-05
