WASP80b/WASP80b_WLP8/Results/50520_radii/WASP80b_WLP8_nrca3_level3_asn_phot.ecsv
# %ECSV 0.9
# ---
# datatype:
# - {name: MJD, datatype: float64}
# - {name: aperture_sum, unit: Jy, datatype: float64}
# - {name: aperture_sum_err, unit: Jy, datatype: float64}
# - {name: annulus_sum, unit: Jy, datatype: float64}
# - {name: annulus_sum_err, unit: Jy, datatype: float64}
# - {name: annulus_mean, unit: Jy, datatype: float64}
# - {name: annulus_mean_err, unit: Jy, datatype: float64}
# - {name: aperture_bkg, unit: Jy, datatype: float64}
# - {name: aperture_bkg_err, unit: Jy, datatype: float64}
# - {name: net_aperture_sum, unit: Jy, datatype: float64}
# - {name: net_aperture_sum_err, unit: Jy, datatype: float64}
# meta: !!omap
# - {instrument: NIRCAM}
# - {detector: NRCA3}
# - {channel: SHORT}
# - {subarray: SUBGRISM256}
# - {filter: F210M}
# - {pupil: WLP8}
# - {target_name: UNKNOWN}
# - {xcenter: 1055.0}
# - {ycenter: 166.0}
# - ra_icrs: !numpy.ndarray
#     buffer: !!binary |
#       aE5BSnpLcnlja0E9
#     dtype: float64
#     order: C
#     shape: !!python/tuple []
# - dec_icrs: !numpy.ndarray
#     buffer: !!binary |
#       aHllR0pMQW5BY0E9
#     dtype: float64
#     order: C
#     shape: !!python/tuple []
# - {apertures: Photometry measured in a circular aperture of r=50.0 pixels.  Background calculated as the mean in a circular annulus
#     with r_inner=5.0 pixels and r_outer=20.0 pixels.}
# - {number_of_integrations: 1227}
# - __serialized_columns__:
#     annulus_mean:
#       __class__: astropy.units.quantity.Quantity
#       unit: &id001 !astropy.units.Unit {unit: Jy}
#       value: !astropy.table.SerializedColumn {name: annulus_mean}
#     annulus_mean_err:
#       __class__: astropy.units.quantity.Quantity
#       unit: *id001
#       value: !astropy.table.SerializedColumn {name: annulus_mean_err}
#     annulus_sum:
#       __class__: astropy.units.quantity.Quantity
#       unit: *id001
#       value: !astropy.table.SerializedColumn {name: annulus_sum}
#     annulus_sum_err:
#       __class__: astropy.units.quantity.Quantity
#       unit: *id001
#       value: !astropy.table.SerializedColumn {name: annulus_sum_err}
#     aperture_bkg:
#       __class__: astropy.units.quantity.Quantity
#       unit: *id001
#       value: !astropy.table.SerializedColumn {name: aperture_bkg}
#     aperture_bkg_err:
#       __class__: astropy.units.quantity.Quantity
#       unit: *id001
#       value: !astropy.table.SerializedColumn {name: aperture_bkg_err}
#     aperture_sum:
#       __class__: astropy.units.quantity.Quantity
#       unit: *id001
#       value: !astropy.table.SerializedColumn {name: aperture_sum}
#     aperture_sum_err:
#       __class__: astropy.units.quantity.Quantity
#       unit: *id001
#       value: !astropy.table.SerializedColumn {name: aperture_sum_err}
#     net_aperture_sum:
#       __class__: astropy.units.quantity.Quantity
#       unit: *id001
#       value: !astropy.table.SerializedColumn {name: net_aperture_sum}
#     net_aperture_sum_err:
#       __class__: astropy.units.quantity.Quantity
#       unit: *id001
#       value: !astropy.table.SerializedColumn {name: net_aperture_sum_err}
# schema: astropy-2.0
MJD aperture_sum aperture_sum_err annulus_sum annulus_sum_err annulus_mean annulus_mean_err aperture_bkg aperture_bkg_err net_aperture_sum net_aperture_sum_err
[from data line 969]
59852.394340131716 0.2200575591965166 3.560428158163065e-05 0.014371145282821561 8.127675179677174e-06 1.219860698481507e-05 6.898984963684965e-09 0.0958076352188104 5.4184501197847834e-05 0.12424992397770619 6.483536871957787e-05
59852.39454275868 0.22000504922615688 3.5601060440075505e-05 0.014371833000234716 8.129157939876817e-06 1.2199190737485759e-05 6.900243569632662e-09 0.09581222000156478 5.419438626584545e-05 0.1241928292245921 6.484186153396251e-05
59852.394745385645 0.22002742227662128 3.5602219206608664e-05 0.014383009204433927 8.131528389449024e-06 1.2208677394250072e-05 6.902255669722084e-09 0.09588672802955951 5.421018926299349e-05 0.12414069424706177 6.485570624366826e-05
59852.39494801262 0.2202669526424591 3.561677345977397e-05 0.01439800339199579 8.1313546267485e-06 1.2221404855946699e-05 6.902108175360946e-09 0.09598668927997193 5.4209030844989996e-05 0.12428026336248717 6.486272871871747e-05
59852.39515063958 0.22035005092079185 3.562050546887524e-05 0.014416603344630567 8.134015204070527e-06 1.2237192986096565e-05 6.9043665435331e-09 0.09611068896420379 5.422676802713685e-05 0.12423936195658807 6.487960219149838e-05
59852.39535326655 0.22013183965107444 3.561131422242141e-05 0.014361411637740053 8.128771637069106e-06 1.2190344810260275e-05 6.8999156656253145e-09 0.09574274425160036 5.419181091379404e-05 0.12438909539947408 6.484533962255453e-05
59852.39555589352 0.2203145670634219 3.561838650822895e-05 0.014417642777744513 8.133237305615679e-06 1.223807528432642e-05 6.903706242816766e-09 0.09611761851829675 5.422158203743786e-05 0.12419694854512514 6.48741043567631e-05
59852.395758520484 0.2201832698305791 3.5611420187062155e-05 0.014403165008844612 8.13232247662018e-06 1.2225786172404494e-05 6.902929711847606e-09 0.09602110005896408 5.4215483177467866e-05 0.12416216977161501 6.486518221592998e-05
59852.39596114746 0.22031409161465298 3.5617570484299125e-05 0.014422027546148835 8.134143374517535e-06 1.2241797191344347e-05 6.904475337987498e-09 0.0961468503076589 5.422762249678357e-05 0.12416724130699408 6.487870504917375e-05
59852.39616377442 0.21999026470940344 3.559895963059505e-05 0.014383596788906423 8.130058497194656e-06 1.2209176151440908e-05 6.901007986425577e-09 0.09589064525937616 5.4200389981297705e-05 0.12409961945002729 6.484572615759263e-05
59852.396366401386 0.22040715732525723 3.57143057789559e-05 0.01464053547079671 8.512457831458867e-06 1.2427272478344138e-05 7.225598622602639e-09 0.09760356980531142 5.674971887639245e-05 0.12280358751994581 6.705253335872059e-05
59852.39656902836 0.22017134804103583 3.561090430160214e-05 0.014397071401779492 8.132282134685532e-06 1.2220613758080901e-05 6.902895468549937e-09 0.09598047601186328 5.4215214231236885e-05 0.12419087202917255 6.486467420188569e-05
59852.39677165532 0.2201443282480534 3.561036879993843e-05 0.014384263527849436 8.13027646934892e-06 1.2209742097033082e-05 6.90119300693655e-09 0.09589509018566292 5.42018431289928e-05 0.1242492380623905 6.485320473691005e-05
59852.39697428229 0.22000891894664004 3.560084933663135e-05 0.014383426617508861 8.131121017193732e-06 1.2209031705472403e-05 6.9019098814121736e-09 0.0958895107833924 5.420747344795821e-05 0.12411940816324764 6.485268422432967e-05
59852.39717690926 0.2201917378333802 3.561177731800126e-05 0.014400107813375182 8.131978253683929e-06 1.2223191144292717e-05 6.902637526344513e-09 0.09600071875583455 5.4213188357892866e-05 0.12419101907754565 6.486346025055462e-05
59852.397379536225 0.2201190257869755 3.560790633016243e-05 0.014374919857877661 8.128895459849246e-06 1.2201810943632403e-05 6.900020769665457e-09 0.09583279905251775 5.419263639899498e-05 0.12428622673445776 6.484415804905864e-05
59852.3975821632 0.22007508642930224 3.560491027866048e-05 0.014358827409014494 8.126981468466008e-06 1.2188151248789593e-05 6.89839612332051e-09 0.09572551606009662 5.4179876456440055e-05 0.12434957036920562 6.48318490310632e-05
59852.39778479016 0.22008388447744312 3.5604957120825026e-05 0.014379319858404334 8.130355271610238e-06 1.2205545780077346e-05 6.9012598963734336e-09 0.09586213238936223 5.420236847740159e-05 0.1242217520880809 6.48506724725026e-05
59852.39798741713 0.22017630490472007 3.561101528844327e-05 0.014389146878874002 8.130397424832217e-06 1.2213887214123281e-05 6.901295677139541e-09 0.09592764585916001 5.420264949888145e-05 0.12424865904556005 6.48542336518776e-05
59852.3981900441 0.22000285914892131 3.5600800117344726e-05 0.01437471938065471 8.129001470644447e-06 1.220164077328035e-05 6.900110754423203e-09 0.09583146253769807 5.419334313762965e-05 0.12417139661122324 6.484084676674113e-05
59852.398392671064 0.22036842846417082 3.562372413555151e-05 0.014413835736476251 8.132249416415243e-06 1.2234843767332295e-05 6.902867696419558e-09 0.09609223824317502 5.4214996109434953e-05 0.1242761902209958 6.4871530924065e-05
59852.39859529803 0.22000757429408926 3.5600801091602e-05 0.01437270141705832 8.128529893407782e-06 1.2199927872579843e-05 6.899710467232457e-09 0.09581800944705547 5.4190199289385214e-05 0.12418956484703379 6.483821972715703e-05
59852.398797925 0.22033120393750327 3.561995855124812e-05 0.014400789108054151 8.131635408249488e-06 1.2223769445177305e-05 6.9023465101012715e-09 0.096005260720361 5.4210902721663254e-05 0.12432594321714227 6.486604212598662e-05
59852.399000551966 0.2200826806446414 3.560572335187972e-05 0.014369777574887888 8.128305164956978e-06 1.219744603826387e-05 6.899519711798863e-09 0.09579851716591925 5.4188701099713194e-05 0.12428416347872215 6.48396704362742e-05
59852.39920317894 0.2199691026151407 3.560016624249201e-05 0.014351108971942693 8.126880872937445e-06 1.2181599635920682e-05 6.898310735183849e-09 0.0956740598129513 5.4179205819582966e-05 0.12429504280218939 6.482868331019689e-05
59852.3994058059 0.22000095188168217 3.5600939282504156e-05 0.014381507962276472 8.12986986433332e-06 1.2207403100329343e-05 6.900847869879918e-09 0.09587671974850982 5.419913242888881e-05 0.12412423213317235 6.484576188033243e-05
59852.39960843287 0.22026445812076267 3.561489021477836e-05 0.01441306852024216 8.133086724021766e-06 1.2234192533966555e-05 6.9035784251900466e-09 0.09608712346828106 5.422057816014511e-05 0.12417733465248161 6.487134576244832e-05
59852.39981105984 0.22135050281267538 3.67378655471639e-05 0.014385754792289304 8.130197962942041e-06 1.221100792160408e-05 6.901126368628714e-09 0.09590503194859536 5.420131975294694e-05 0.12544547086408003 6.547865169597407e-05
59852.400013686805 0.22008382473634244 3.560671289699705e-05 0.014360026677671977 8.127636469917301e-06 1.2189169219642574e-05 6.8989521058202735e-09 0.09573351118447986 5.418424313278201e-05 0.12435031355186259 6.483648823927473e-05
59852.40021631377 0.22007277555431604 3.5604845106504904e-05 0.014370901433620154 8.129093807068095e-06 1.2198399999184282e-05 6.900189132013875e-09 0.0958060095574677 5.419395871378731e-05 0.12426676599684834 6.484358222777247e-05
59852.40041894074 0.22005195892699084 3.560400662926045e-05 0.014378133681249686 8.129153187946147e-06 1.2204538921637108e-05 6.900239536068632e-09 0.09585422454166459 5.4194354586307646e-05 0.12419773438532625 6.484345269248752e-05
59852.40062156771 0.22002607639976907 3.5601780567037425e-05 0.014370760898968198 8.130057313063661e-06 1.2198280709666765e-05 6.901006981303971e-09 0.095805072659788 5.4200382087091075e-05 0.12422100373998107 6.484726823799247e-05
59852.40082419468 0.22008446014809804 3.560663185667447e-05 0.014375734162760959 8.129473586555153e-06 1.2202502147084992e-05 6.900511498854676e-09 0.09583822775173972 5.419649057703435e-05 0.12424623239635832 6.484667935247972e-05
59852.401026821644 0.22013430379982815 3.5612817501849646e-05 0.01437628026540096 8.129761761594714e-06 1.2202965693402815e-05 6.9007561094254584e-09 0.0958418684360064 5.419841174396476e-05 0.12429243536382176 6.485168159722912e-05
59852.40122944861 0.22000911998332837 3.560257437679865e-05 0.01443666850583242 8.147626992074411e-06 1.225422482390569e-05 6.915920588040498e-09 0.09624445670554947 5.431751328049608e-05 0.1237646632777789 6.4945635351672e-05
59852.40143207558 0.2201606296643462 3.561081109115992e-05 0.014398416006131386 8.132825832598355e-06 1.2221755093702804e-05 6.903356973671934e-09 0.09598944004087591 5.4218838883989036e-05 0.1241711896234703 6.486765262053375e-05
59852.401634702546 0.22007917332370727 3.560461582100517e-05 0.014379605024711601 8.130179906716464e-06 1.2205787836756839e-05 6.9011110420284256e-09 0.09586403349807734 5.4201199378109764e-05 0.12421513982562993 6.484950795331433e-05
59852.40183732951 0.22009901905136603 3.560625893058911e-05 0.014423620841442702 8.138814098247496e-06 1.2243149622394074e-05 6.908439971424511e-09 0.09615747227628468 5.425876065498331e-05 0.12394154677508135 6.489852681569068e-05
59852.40203995648 0.2202254510904157 3.5613659563747e-05 0.014403596718329307 8.132719593613205e-06 1.2226152618796327e-05 6.9032667952205435e-09 0.09602397812219537 5.421813062408804e-05 0.12420147296822032 6.486862443348974e-05
59852.40224258345 0.2199948201737596 3.5599422491233766e-05 0.014383809658668341 8.129935802039994e-06 1.2209356840906744e-05 6.900903839543669e-09 0.09589206439112229 5.4199572013599966e-05 0.12410275578263731 6.484529657705924e-05
59852.40244521041 0.2201079507435727 3.560893376996299e-05 0.01437892278245372 8.12987952720606e-06 1.220520873154229e-05 6.900856071981043e-09 0.09585948521635815 5.4199196848040405e-05 0.12424846552721455 6.485020511306224e-05
59852.402647837385 0.2200434334741905 3.5603508992852983e-05 0.014367177422381297 8.129142798178534e-06 1.2195238960268047e-05 6.900230716959977e-09 0.09578118281587532 5.4194285321190234e-05 0.12426225065831518 6.484312156334502e-05
59852.40285046435 0.22019045171774862 3.561245125860974e-05 0.014383038409621851 8.130052373064866e-06 1.2208702184383524e-05 6.90100278810276e-09 0.09588692273081235 5.420034915376578e-05 0.12430352898693627 6.485309964093446e-05
59852.40305309132 0.22016706616065176 3.5610766092231556e-05 0.014391299159739752 8.131471582783161e-06 1.2215714126863049e-05 6.902207450726497e-09 0.09594199439826502 5.4209810551887743e-05 0.12422507176238674 6.486008188205738e-05
59852.40325571829 0.2201463194646274 3.560840081697879e-05 0.014386927791967284 8.130514120218701e-06 1.2212003594654723e-05 6.901394731260048e-09 0.09591285194644857 5.420342746812468e-05 0.12423346751817883 6.485344831259837e-05
59852.40345834525 0.2200156144833419 3.560326258880715e-05 0.014360137558303685 8.127490039246834e-06 1.218926333804593e-05 6.898827811606806e-09 0.09573425038869124 5.4183266928312224e-05 0.12428136409465065 6.48337776316658e-05
59852.403660972224 0.22016251475144194 3.561125513470313e-05 0.014384063816573296 8.131072262120393e-06 1.2209572576836873e-05 6.9018684968205855e-09 0.09589375877715531 5.420714841413595e-05 0.12426875597428663 6.485812540816364e-05
59852.40386359919 0.2202602430609287 3.561430105017014e-05 0.014419016409096607 8.134282369998396e-06 1.2239241258831337e-05 6.904593321016012e-09 0.09612677606064406 5.422854913332264e-05 0.12413346700028464 6.487768476446534e-05
59852.404066226154 0.21990802484704072 3.559523316528228e-05 0.014369262330734017 8.128846230717951e-06 1.2197008685442602e-05 6.899978982680978e-09 0.09579508220489345 5.4192308204786344e-05 0.12411294264214727 6.4836925379396e-05
59852.404268853126 0.22003452269376106 3.560335322466782e-05 0.014378188788159954 8.129828942927996e-06 1.2204585697835335e-05 6.900813134712261e-09 0.09585459192106636 5.419885961951998e-05 0.1241799307726947 6.484685917526691e-05
59852.40447148009 0.22036002127042975 3.56202948084656e-05 0.01441988871393565 8.134212254939159e-06 1.2239981694175426e-05 6.904533805505277e-09 0.09613259142623767 5.422808169959439e-05 0.12422742984419208 6.488058451539941e-05
59852.40467410706 0.22027652369407294 3.561490384585028e-05 0.01440909890548242 8.132398998660183e-06 1.2230823020306913e-05 6.902994665772523e-09 0.09606065936988281 5.421599332440122e-05 0.12421586432419013 6.486752121131714e-05
59852.40487673403 0.2201697249182415 3.5611633815171884e-05 0.014371634480850194 8.128725644468449e-06 1.219902222899858e-05 6.899876625893367e-09 0.0958108965390013 5.419150429645633e-05 0.1243588283792402 6.484525889298876e-05
59852.40507936099 0.22033737238629192 3.5664182393839625e-05 0.014384476597035081 8.129401733778235e-06 1.2209922955775034e-05 6.900450508323362e-09 0.09589651064690055 5.419601155852157e-05 0.12444086173939137 6.487789742795665e-05
59852.405281987965 0.21994505202835277 3.55977941692488e-05 0.014350628258501856 8.126388232971473e-06 1.2181191593678977e-05 6.897892569393189e-09 0.09567085505667905 5.417592155314316e-05 0.12427419697167372 6.482463594844576e-05
59852.40548461493 0.22004097036486017 3.5605971200252844e-05 0.01443387935684062 8.14716415689277e-06 1.2251857320710676e-05 6.915527721336525e-09 0.09622586237893747 5.431442771261847e-05 0.1238151079859227 6.494491699018864e-05
59852.405687241895 0.2202959785049916 3.5616683861801964e-05 0.014403946963494558 8.132438251199792e-06 1.2226449916126161e-05 6.903027984362964e-09 0.09602631308996373 5.4216255007998615e-05 0.12426966541502787 6.486871724031453e-05
59852.40588986887 0.22010210698074623 3.5607506012313966e-05 0.014372513932449083 8.129245446334838e-06 1.2199768730700836e-05 6.900317847421176e-09 0.09581675954966055 5.419496964223225e-05 0.12428534743108567 6.484588821921905e-05
59852.40609249583 0.220065099554486 3.5604792174165844e-05 0.014379775724427921 8.13023258662534e-06 1.2205932731176235e-05 6.901155758123889e-09 0.09586517149618615 5.4201550577502275e-05 0.12419992805829985 6.484989830964331e-05
59852.406295122804 0.22012638113995067 3.561023120061164e-05 0.01438231746119821 8.130630362255067e-06 1.220809022435506e-05 6.901493400565022e-09 0.09588211640798806 5.420420241503378e-05 0.12424426473196261 6.485510099915788e-05
59852.40649774977 0.22001403228596578 3.5600994152599366e-05 0.014382417116132643 8.129984845613562e-06 1.2208174814090626e-05 6.900945469021856e-09 0.09588278077421762 5.419989897075708e-05 0.12413125151174816 6.48464326936624e-05
59852.406700376734 0.22035095566801538 3.562047541381245e-05 0.014423656802454565 8.133714803473797e-06 1.2243180147048989e-05 6.904111555587087e-09 0.09615771201636376 5.4224765356491984e-05 0.12419324365165162 6.487791185505766e-05
59852.406903003706 0.22021839607527383 3.561281648892016e-05 0.014407389458934987 8.133230900115225e-06 1.2229371997011043e-05 6.903700805659111e-09 0.09604926305956657 5.42215393341015e-05 0.12416913301570726 6.487101067528562e-05
59852.40710563067 0.22024474940694558 3.563785357717567e-05 0.014389840848250051 8.131018641650322e-06 1.2214476273624896e-05 6.901822982351985e-09 0.09593227232166701 5.420679094433548e-05 0.12431247708527857 6.487243476293381e-05
59852.407308257636 0.22004828825712844 3.56042088184915e-05 0.014377092202432712 8.129476715562841e-06 1.220365488696059e-05 6.9005141548388915e-09 0.09584728134955142 5.419651143708561e-05 0.12420100690757702 6.484536635366399e-05
59852.40751088461 0.22004913377289104 3.560394482861253e-05 0.014377677418978156 8.129788144905608e-06 1.2204151634192518e-05 6.900778504275293e-09 0.0958511827931877 5.419858763270405e-05 0.12419795097970333 6.484695666520354e-05
59852.40771351157 0.22010533659460432 3.5607706056418037e-05 0.014358077986225553 8.127087525145397e-06 1.218751511896919e-05 6.898486147025964e-09 0.09572051990817035 5.4180583500969317e-05 0.12438481668643397 6.48339753455376e-05
59852.407916138545 0.21998951147064477 3.560036790902338e-05 0.014367754720116508 8.128038427653692e-06 1.2195728985805085e-05 6.899293298143797e-09 0.09578503146744338 5.418692285102462e-05 0.12420448000320139 6.483524352788934e-05
