WASP80b/WASP80b_WLP8/Results/50520_radii/WASP80b_WLP8_nrca3_level3_asn_phot.ecsv
# %ECSV 0.9
# ---
# datatype:
# - {name: MJD, datatype: float64}
# - {name: aperture_sum, unit: Jy, datatype: float64}
# - {name: aperture_sum_err, unit: Jy, datatype: float64}
# - {name: annulus_sum, unit: Jy, datatype: float64}
# - {name: annulus_sum_err, unit: Jy, datatype: float64}
# - {name: annulus_mean, unit: Jy, datatype: float64}
# - {name: annulus_mean_err, unit: Jy, datatype: float64}
# - {name: aperture_bkg, unit: Jy, datatype: float64}
# - {name: aperture_bkg_err, unit: Jy, datatype: float64}
# - {name: net_aperture_sum, unit: Jy, datatype: float64}
# - {name: net_aperture_sum_err, unit: Jy, datatype: float64}
# meta: !!omap
# - {instrument: NIRCAM}
# - {detector: NRCA3}
# - {channel: SHORT}
# - {subarray: SUBGRISM256}
# - {filter: F210M}
# - {pupil: WLP8}
# - {target_name: UNKNOWN}
# - {xcenter: 1055.0}
# - {ycenter: 166.0}
# - ra_icrs: !numpy.ndarray
#     buffer: !!binary |
#       aE5BSnpLcnlja0E9
#     dtype: float64
#     order: C
#     shape: !!python/tuple []
# - dec_icrs: !numpy.ndarray
#     buffer: !!binary |
#       aHllR0pMQW5BY0E9
#     dtype: float64
#     order: C
#     shape: !!python/tuple []
# - {apertures: Photometry measured in a circular aperture of r=50.0 pixels.  Background calculated as the mean in a circular annulus
#     with r_inner=5.0 pixels and r_outer=20.0 pixels.}
# - {number_of_integrations: 1227}
# - __serialized_columns__:
#     annulus_mean:
#       __class__: astropy.units.quantity.Quantity
#       unit: &id001 !astropy.units.Unit {unit: Jy}
#       value: !astropy.table.SerializedColumn {name: annulus_mean}
#     annulus_mean_err:
#       __class__: astropy.units.quantity.Quantity
#       unit: *id001
#       value: !astropy.table.SerializedColumn {name: annulus_mean_err}
#     annulus_sum:
#       __class__: astropy.units.quantity.Quantity
#       unit: *id001
#       value: !astropy.table.SerializedColumn {name: annulus_sum}
#     annulus_sum_err:
#       __class__: astropy.units.quantity.Quantity
#       unit: *id001
#       value: !astropy.table.SerializedColumn {name: annulus_sum_err}
#     aperture_bkg:
#       __class__: astropy.units.quantity.Quantity
#       unit: *id001
#       value: !astropy.table.SerializedColumn {name: aperture_bkg}
#     aperture_bkg_err:
#       __class__: astropy.units.quantity.Quantity
#       unit: *id001
#       value: !astropy.table.SerializedColumn {name: aperture_bkg_err}
#     aperture_sum:
#       __class__: astropy.units.quantity.Quantity
#       unit: *id001
#       value: !astropy.table.SerializedColumn {name: aperture_sum}
#     aperture_sum_err:
#       __class__: astropy.units.quantity.Quantity
#       unit: *id001
#       value: !astropy.table.SerializedColumn {name: aperture_sum_err}
#     net_aperture_sum:
#       __class__: astropy.units.quantity.Quantity
#       unit: *id001
#       value: !astropy.table.SerializedColumn {name: net_aperture_sum}
#     net_aperture_sum_err:
#       __class__: astropy.units.quantity.Quantity
#       unit: *id001
#       value: !astropy.table.SerializedColumn {name: net_aperture_sum_err}
# schema: astropy-2.0
MJD aperture_sum aperture_sum_err annulus_sum annulus_sum_err annulus_mean annulus_mean_err aperture_bkg aperture_bkg_err net_aperture_sum net_aperture_sum_err
[from data line 1107]
59852.42230265324 0.22011085066643532 3.5641573918206606e-05 0.01437420100640405 8.138950957605908e-06 1.2201200763550408e-05 6.9085561412559755e-09 0.09582800670936034 5.425967305070605e-05 0.12428284395707498 6.491867151241237e-05
59852.42250528021 0.22060568794222185 3.572785003288831e-05 0.014381014842502326 8.139169019669972e-06 1.2206984527264853e-05 6.908741238084757e-09 0.09587343228334884 5.4261126797799814e-05 0.12473225565887301 6.496729291989521e-05
59852.42270790718 0.22013077087719046 3.564152362366602e-05 0.014399669680663928 8.142380520099138e-06 1.2222819245696844e-05 6.911467244314323e-09 0.09599779787109286 5.428253680066092e-05 0.1241329730060976 6.49377548713493e-05
59852.422910534144 0.2200330595900627 3.563711140485997e-05 0.014374142130276426 8.138290106962657e-06 1.220115078794112e-05 6.907995193807875e-09 0.09582761420184284 5.4255267379751045e-05 0.12420544538821986 6.491253921801764e-05
59852.42311316111 0.2202625702686583 3.5657171123345346e-05 0.014523939623476756 8.209504586603702e-06 1.2328302849304357e-05 6.9684439215656855e-09 0.0968262641565117 5.4730030577358014e-05 0.12343630611214661 6.532082439404815e-05
59852.42331578808 0.2200965146377051 3.5639749326276344e-05 0.014374353098360743 8.137936328851306e-06 1.2201329863212871e-05 6.907694897620253e-09 0.09582902065573828 5.425290885900871e-05 0.12426749398196682 6.491201623508332e-05
59852.423518415046 0.22002609142018437 3.5636500100420753e-05 0.014370420278269062 8.137230109846476e-06 1.2197991581837502e-05 6.90709544031079e-09 0.09580280185512709 5.424820073230984e-05 0.12422328956505728 6.490629724533877e-05
59852.42372104201 0.22007461575013518 3.563832980608845e-05 0.014366168722208682 8.137311447179817e-06 1.2194382748969011e-05 6.907164481583639e-09 0.09577445814805788 5.424874298119878e-05 0.1243001576020773 6.490775505598462e-05
59852.42392366898 0.22032109689823787 3.565273638066259e-05 0.014406561262730511 8.141209596714327e-06 1.2228669002238819e-05 6.910473333676059e-09 0.09604374175153675 5.4274730644762184e-05 0.12427735514670112 6.493738521060506e-05
59852.42412629595 0.2200309542330079 3.563695268280079e-05 0.014362183283921656 8.136183966711512e-06 1.219099980388225e-05 6.906207446438197e-09 0.0957478885594777 5.4241226444743414e-05 0.12428306567353019 6.490071681226729e-05
59852.42432892292 0.2200189553226215 3.5635962758016166e-05 0.014370316137956184 8.138396887920236e-06 1.2197903184794463e-05 6.908085832299752e-09 0.09580210758637457 5.425597925280158e-05 0.12421684773624693 6.491250362119111e-05
59852.424531549885 0.2199710490214124 3.563201513172171e-05 0.014365762877879619 8.137189536537207e-06 1.2194038257603164e-05 6.907061000616242e-09 0.09577175251919746 5.424793024358138e-05 0.12419929650221494 6.490360882154179e-05
59852.42473417685 0.21993991176548813 3.563145154807458e-05 0.014352231526826085 8.135158008952864e-06 1.2182552490099795e-05 6.905336586445171e-09 0.0956815435121739 5.423438672635242e-05 0.12425836825331424 6.489197980495231e-05
59852.42493680382 0.22012544308554838 3.564057283130608e-05 0.014386851134469846 8.139381396719743e-06 1.2211938525749964e-05 6.908921509323532e-09 0.09591234089646564 5.426254264479829e-05 0.12421310218908274 6.49205203770132e-05
59852.42513943079 0.22002734180587566 3.563628984849386e-05 0.014367070554734539 8.137483794467532e-06 1.2195148248192111e-05 6.90731077450507e-09 0.09578047036489694 5.424989196311688e-05 0.12424687144097872 6.490759533502778e-05
59852.42534205775 0.220009089372313 3.5634662896934066e-05 0.014384385022295634 8.14053128620555e-06 1.220984522472199e-05 6.909897565833803e-09 0.09589590014863755 5.427020857470367e-05 0.12411318922367545 6.49236839567809e-05
59852.425544684724 0.22007868411795295 3.5638748250939175e-05 0.014384848525245504 8.139644102173627e-06 1.2210238658245242e-05 6.9091445006385336e-09 0.09589899016830336 5.426429401449084e-05 0.12417969394964959 6.492098260027282e-05
59852.42574731169 0.2200107489349446 3.563498036429881e-05 0.014362645914819602 8.137120509623571e-06 1.2191392497184838e-05 6.907002408752181e-09 0.09575097276546403 5.4247470064157145e-05 0.12425977616948057 6.490485216010886e-05
59852.42594993866 0.22003119995738246 3.563550439290617e-05 0.014441256122479276 8.155666776452198e-06 1.2258118913859598e-05 6.9227449689744594e-09 0.09627504081652852 5.437111184301466e-05 0.12375615914085394 6.500851464525584e-05
59852.426152565626 0.2201733427249586 3.5643265460631535e-05 0.014392500778382245 8.139684501793596e-06 1.2216734092445256e-05 6.909178792901025e-09 0.09595000518921497 5.426456334529064e-05 0.12422333753574362 6.492368757050163e-05
59852.42635519259 0.2202848090606534 3.5650270737001644e-05 0.01440123420037788 8.14065700238873e-06 1.2224147251275724e-05 6.910004277044361e-09 0.0960082280025192 5.427104668259154e-05 0.1242765810581342 6.493295243284064e-05
59852.42655781956 0.22020562901650242 3.564695081391178e-05 0.01440403948860922 8.142283169112234e-06 1.2226528453882739e-05 6.9113846102301595e-09 0.09602692992406146 5.428188779408156e-05 0.12417869909244096 6.494019129028422e-05
59852.42676044653 0.2200935703669664 3.564006264294659e-05 0.01437248638227178 8.138218765666399e-06 1.2199745345384033e-05 6.907934637434829e-09 0.09581657588181187 5.425479177110933e-05 0.12427699448515452 6.491376198711325e-05
59852.42696307349 0.22003655190928634 3.5636412840983e-05 0.014374009165149935 8.137512162315966e-06 1.2201037923636374e-05 6.907334853882687e-09 0.09582672776766625 5.425008108210644e-05 0.12420982414162009 6.490782092774414e-05
59852.427165700465 0.22022381966347737 3.564666733408799e-05 0.014403035358503659 8.14130841059543e-06 1.22256761217771e-05 6.910557209503384e-09 0.09602023572335773 5.427538940396953e-05 0.12420358394011964 6.49346039256394e-05
59852.42736832743 0.2204685410796766 3.567819102980012e-05 0.01442414417957594 8.142765616160206e-06 1.2243593845598412e-05 6.9117941240033055e-09 0.09616096119717295 5.4285104107734714e-05 0.12430757988250364 6.496003265967857e-05
59852.4275709544 0.22004238625973516 3.5637483773940515e-05 0.014370219468133695 8.13723927980825e-06 1.2197821128900613e-05 6.907103224016093e-09 0.0958014631208913 5.4248261865388334e-05 0.12424092313884386 6.490688842606476e-05
59852.42777358137 0.22015689535284433 3.5642193950142203e-05 0.014398547405617919 8.140479563320892e-06 1.222186662905108e-05 6.909853662085726e-09 0.0959903160374528 5.4269863755472615e-05 0.12416657931539153 6.492752961276991e-05
59852.42797620833 0.220177357145927 3.56445432620663e-05 0.014392936076795598 8.140613987163481e-06 1.2217103585214352e-05 6.909967764587152e-09 0.09595290717863733 5.427075991442321e-05 0.12422444996728968 6.492956834948374e-05
59852.428178835304 0.22025723017444648 3.564820749080304e-05 0.014410253728376728 8.142087317392965e-06 1.2231803264424377e-05 6.911218366127574e-09 0.09606835818917818 5.42805821159531e-05 0.1241888719852683 6.493978974522533e-05
59852.42838146227 0.2201287796950233 3.5642709746843994e-05 0.014375993927653732 8.138089170843541e-06 1.2202722642374201e-05 6.9078246339326586e-09 0.09583995951769154 5.425392780562361e-05 0.12428882017733177 6.491449330030688e-05
59852.42858408923 0.22018259468350382 3.564621785473257e-05 0.01437608506241271 8.138083211268234e-06 1.2202799999960223e-05 6.907819575288026e-09 0.0958405670827514 5.425388807512157e-05 0.12434202760075241 6.491638636442168e-05
59852.428786716206 0.22012281514986198 3.5642081506656386e-05 0.014374562147761744 8.137982194132335e-06 1.2201507309855644e-05 6.907733829279943e-09 0.09583041431841163 5.42532146275489e-05 0.12429240083145035 6.491355229495628e-05
59852.42898934317 0.2203186683059189 3.565302481187867e-05 0.014399260091226563 8.139899942515331e-06 1.2222471575384339e-05 6.909361664665332e-09 0.09599506727484376 5.426599961676888e-05 0.12432360103107513 6.493024636210459e-05
59852.429191970135 0.22013115760960533 3.564135047699762e-05 0.014391636925482029 8.140273472514538e-06 1.2216000831329664e-05 6.909678726776088e-09 0.0959442461698802 5.426848981676359e-05 0.12418691143972513 6.492591817461153e-05
59852.42939459711 0.2200945886102934 3.563959704875515e-05 0.01436877591171914 8.137712672997487e-06 1.2196595800159234e-05 6.907505052635256e-09 0.09579183941146094 5.425141781998324e-05 0.12430274919883247 6.491068643356063e-05
59852.42959722407 0.22003077388114178 3.563540774863949e-05 0.014385193071851703 8.138533387260006e-06 1.221053111848792e-05 6.908201696537901e-09 0.09590128714567803 5.4256889248400044e-05 0.12412948673546376 6.491295954064138e-05
59852.429799851045 0.2202147604527055 3.564702095589538e-05 0.01439259898982551 8.140212574743744e-06 1.2216817456907464e-05 6.9096270351427805e-09 0.09595065993217007 5.426808383162496e-05 0.12426410052053542 6.49286918533426e-05
59852.43000247801 0.22020894059818585 3.5647335337194407e-05 0.014389098096937836 8.139645181359917e-06 1.2213845806729818e-05 6.909145416680308e-09 0.09592732064625224 5.426430120906611e-05 0.12428161995193361 6.492570294075101e-05
59852.430205104974 0.22001650688154475 3.5634965364364054e-05 0.014387619395044527 8.139750442823911e-06 1.2212590645579529e-05 6.909234765385971e-09 0.09591746263363018 5.4265002952159414e-05 0.12409904424791457 6.491949862650893e-05
59852.43040773195 0.22028434523009754 3.564803399020655e-05 0.014415215188183103 8.14225797400521e-06 1.2236014682307771e-05 6.911363223959094e-09 0.09610143458788735 5.4281719826701396e-05 0.1241829106422102 6.494064547501378e-05
59852.43061035891 0.21998865577626237 3.563339548769953e-05 0.014362940770970325 8.136706496204622e-06 1.219164277885891e-05 6.9066509832474765e-09 0.0957529384731355 5.4244709974697486e-05 0.12423571730312687 6.490167512646997e-05
59852.43081298588 0.22011634117851586 3.564235365419665e-05 0.01438415780330832 8.140377631101487e-06 1.220965235525535e-05 6.90976713933064e-09 0.09589438535538881 5.426918420734325e-05 0.12422195582312705 6.492704928257082e-05
59852.43101561285 0.22022335311545166 3.56469106472553e-05 0.014387262567241755 8.139698380656551e-06 1.2212287760733427e-05 6.909190573645793e-09 0.0959150837816117 5.426465587104368e-05 0.12430826933383995 6.492576619106007e-05
59852.43121823981 0.22023016263204903 3.564675816633411e-05 0.014410708766787742 8.141876969132023e-06 1.2232189513023896e-05 6.911039816978243e-09 0.09607139177858495 5.4279179794213493e-05 0.12415877085346408 6.493782200614416e-05
59852.431420866786 0.22017976926820657 3.564346138673861e-05 0.014390356382908568 8.139959592297082e-06 1.2214913873034165e-05 6.909412296972638e-09 0.09593570921939044 5.4266397281980546e-05 0.12424406004881612 6.49253279821802e-05
59852.43162349375 0.2201219576045273 3.564393479743523e-05 0.014451757849332237 8.158755249303596e-06 1.2267033056471061e-05 6.92536654615262e-09 0.09634505232888159 5.4391701662023976e-05 0.12377690527564571 6.503035673848357e-05
59852.431826120715 0.21995617299931433 3.5633448835515645e-05 0.014358029969449019 8.13689953269839e-06 1.2187474361063395e-05 6.906814837712437e-09 0.0957201997963268 5.424599688465593e-05 0.12423597320298753 6.490278001691e-05
59852.43202874769 0.22012305977168006 3.5641046244737206e-05 0.014386487115192258 8.139757169888558e-06 1.221162953659045e-05 6.90924047549579e-09 0.09590991410128172 5.4265047799257055e-05 0.12421314567039834 6.492287416677691e-05
59852.43223137465 0.22021694584942092 3.5645641028255097e-05 0.01439711807667485 8.139419407389585e-06 1.2220653376962578e-05 6.908953773782176e-09 0.09598078717783233 5.4262796049263904e-05 0.12423615867158859 6.492351468766331e-05
59852.43243400162 0.22003682253588108 3.5637699581295804e-05 0.01438018831052153 8.139773054541702e-06 1.2206282945129562e-05 6.909253958808148e-09 0.09586792207014354 5.426515369694469e-05 0.12416890046573754 6.492112550780155e-05
59852.43263662859 0.22008525451920685 3.5640765198943506e-05 0.014367864060242102 8.138247740299813e-06 1.2195821796586242e-05 6.907959231867533e-09 0.09578576040161403 5.4254984935332084e-05 0.12429949411759282 6.491430916446184e-05
59852.432839255554 0.22003788020033468 3.563739745594672e-05 0.014433785287810683 8.155525024170597e-06 1.2251777472438109e-05 6.922624645900799e-09 0.09622523525207122 5.437016682780398e-05 0.12381264494826347 6.500876201187309e-05
59852.43304188253 0.220192487296008 3.564513403029036e-05 0.01438650012468429 8.139965807066981e-06 1.221164057939026e-05 6.90941757223317e-09 0.09591000083122861 5.4266438713779875e-05 0.12428248646477938 6.492628089390144e-05
59852.43324450949 0.22019579902367825 3.56448552956563e-05 0.014391915834674487 8.139638489684602e-06 1.2216237576805149e-05 6.909139736609887e-09 0.09594610556449658 5.426425659789735e-05 0.12424969345918167 6.492430402530876e-05
59852.43344713646 0.2202350067687866 3.564737102713502e-05 0.014400096805608657 8.141666589853762e-06 1.2223181800610292e-05 6.910861241500593e-09 0.09600064537072438 5.427777726569175e-05 0.12423436139806222 6.493698611769929e-05
59852.43364976343 0.21991542377824438 3.562863645683736e-05 0.014373839142639462 8.13813383563099e-06 1.2200893604047153e-05 6.907862546581751e-09 0.09582559428426307 5.425422557087327e-05 0.12408982949398131 6.490701601574886e-05
59852.43385239039 0.22006193797754034 3.5638448697921876e-05 0.014356269326170176 8.13375687291055e-06 1.2185979880632197e-05 6.904147265234087e-09 0.09570846217446784 5.4225045819403674e-05 0.1243534758030725 6.488801599456434e-05
59852.43405501736 0.2200582988223441 3.563760880829596e-05 0.014377206777369662 8.138732752211053e-06 1.220375214118763e-05 6.908370922764239e-09 0.09584804518246441 5.4258218348073686e-05 0.12421025363987968 6.491527878612534e-05
59852.43425764433 0.220046976641063 3.5637366683563285e-05 0.014368731505725865 8.137727643051046e-06 1.219655810718146e-05 6.907517759611375e-09 0.09579154337150576 5.425151762034031e-05 0.12425543326955725 6.49095452784014e-05
59852.434460271295 0.22007251935590583 3.563709426715349e-05 0.01438839216458715 8.139532482174952e-06 1.221324659273995e-05 6.909049754641003e-09 0.09592261443058099 5.426354988116634e-05 0.12414990492532484 6.4919452658751e-05
59852.43466289826 0.22015609591556057 3.564459749945386e-05 0.01436896440614716 8.137397651193939e-06 1.2196755799199047e-05 6.9072376538234355e-09 0.09579309604098109 5.424931767462626e-05 0.12436299987457948 6.49116769084006e-05
59852.43486552523 0.22006526864061116 3.563745429686359e-05 0.014371385330748703 8.136833424014737e-06 1.2198810743824051e-05 6.90675872291892e-09 0.0958092355383247 5.4245556160098254e-05 0.12425603310228646 6.490461086763725e-05
59852.4350681522 0.22022504781951746 3.56468655227033e-05 0.014401411869924743 8.141275950903679e-06 1.2224298061871032e-05 6.910529656861286e-09 0.09600941246616496 5.427517300602452e-05 0.1242156353533525 6.493453184883668e-05
59852.43527077917 0.22030262163974373 3.5650369464443685e-05 0.014409692885082995 8.14100248743031e-06 1.2231327205851058e-05 6.91029753385573e-09 0.09606461923388664 5.4273349916202066e-05 0.1242380024058571 6.49349316937952e-05
59852.435473406134 0.22006511886034716 3.563613401001857e-05 0.014375625631169092 8.137882876265275e-06 1.2202410022608581e-05 6.90764952565605e-09 0.09583750420779395 5.425255250843517e-05 0.1242276146525532 6.490973348320356e-05
59852.4356760331 0.2202823020900733 3.565192953425937e-05 0.014426616713731175 8.148832523157118e-06 1.224569259777318e-05 6.916943874605105e-09 0.09617744475820783 5.432555015438079e-05 0.12410485733186546 6.497942350538314e-05
59852.43587866007 0.22012943330812884 3.564274513814095e-05 0.014375409541826804 8.138716264860485e-06 1.220222660027805e-05 6.908356927866419e-09 0.0958360636121787 5.4258108432403235e-05 0.12429336969595015 6.491800683666203e-05
