WASP80b/WASP80b_WLP8/Results/ROEBA_Results/50520_radii/WASP80b_WLP8_nrca3_level3_asn_phot.ecsv
# %ECSV 0.9
# ---
# datatype:
# - {name: MJD, datatype: float64}
# - {name: aperture_sum, unit: Jy, datatype: float64}
# - {name: aperture_sum_err, unit: Jy, datatype: float64}
# - {name: annulus_sum, unit: Jy, datatype: float64}
# - {name: annulus_sum_err, unit: Jy, datatype: float64}
# - {name: annulus_mean, unit: Jy, datatype: float64}
# - {name: annulus_mean_err, unit: Jy, datatype: float64}
# - {name: aperture_bkg, unit: Jy, datatype: float64}
# - {name: aperture_bkg_err, unit: Jy, datatype: float64}
# - {name: net_aperture_sum, unit: Jy, datatype: float64}
# - {name: net_aperture_sum_err, unit: Jy, datatype: float64}
# meta: !!omap
# - {instrument: NIRCAM}
# - {detector: NRCA3}
# - {channel: SHORT}
# - {subarray: SUBGRISM256}
# - {filter: F210M}
# - {pupil: WLP8}
# - {target_name: UNKNOWN}
# - {xcenter: 1055.0}
# - {ycenter: 166.0}
# - ra_icrs: !numpy.ndarray
#     buffer: !!binary |
#       aE5BSnpLcnlja0E9
#     dtype: float64
#     order: C
#     shape: !!python/tuple []
# - dec_icrs: !numpy.ndarray
#     buffer: !!binary |
#       aHllR0pMQW5BY0E9
#     dtype: float64
#     order: C
#     shape: !!python/tuple []
# - {apertures: Photometry measured in a circular aperture of r=50.0 pixels.  Background calculated as the mean in a circular annulus
#     with r_inner=5.0 pixels and r_outer=20.0 pixels.}
# - {number_of_integrations: 1227}
# - __serialized_columns__:
#     annulus_mean:
#       __class__: astropy.units.quantity.Quantity
#       unit: &id001 !astropy.units.Unit {unit: Jy}
#       value: !astropy.table.SerializedColumn {name: annulus_mean}
#     annulus_mean_err:
#       __class__: astropy.units.quantity.Quantity
#       unit: *id001
#       value: !astropy.table.SerializedColumn {name: annulus_mean_err}
#     annulus_sum:
#       __class__: astropy.units.quantity.Quantity
#       unit: *id001
#       value: !astropy.table.SerializedColumn {name: annulus_sum}
#     annulus_sum_err:
#       __class__: astropy.units.quantity.Quantity
#       unit: *id001
#       value: !astropy.table.SerializedColumn {name: annulus_sum_err}
#     aperture_bkg:
#       __class__: astropy.units.quantity.Quantity
#       unit: *id001
#       value: !astropy.table.SerializedColumn {name: aperture_bkg}
#     aperture_bkg_err:
#       __class__: astropy.units.quantity.Quantity
#       unit: *id001
#       value: !astropy.table.SerializedColumn {name: aperture_bkg_err}
#     aperture_sum:
#       __class__: astropy.units.quantity.Quantity
#       unit: *id001
#       value: !astropy.table.SerializedColumn {name: aperture_sum}
#     aperture_sum_err:
#       __class__: astropy.units.quantity.Quantity
#       unit: *id001
#       value: !astropy.table.SerializedColumn {name: aperture_sum_err}
#     net_aperture_sum:
#       __class__: astropy.units.quantity.Quantity
#       unit: *id001
#       value: !astropy.table.SerializedColumn {name: net_aperture_sum}
#     net_aperture_sum_err:
#       __class__: astropy.units.quantity.Quantity
#       unit: *id001
#       value: !astropy.table.SerializedColumn {name: net_aperture_sum_err}
# schema: astropy-2.0
MJD aperture_sum aperture_sum_err annulus_sum annulus_sum_err annulus_mean annulus_mean_err aperture_bkg aperture_bkg_err net_aperture_sum net_aperture_sum_err
[from data line 1106]
59852.42210002627 0.22001328208504647 3.5630447150915e-05 0.014364020881301332 8.135883922620498e-06 1.2192559604982986e-05 6.9059527611036356e-09 0.09576013920867556 5.4239226150803325e-05 0.12425314287637092 6.489547301323979e-05
59852.42230265324 0.22001057357474496 3.5631813692724695e-05 0.014364461061537642 8.13542305293314e-06 1.2192933241572106e-05 6.905561562763026e-09 0.09576307374358428 5.4236153686220936e-05 0.12424749983116068 6.489365541952787e-05
59852.42250528021 0.22001751803592562 3.565013895720336e-05 0.014382070077308642 8.136828633061305e-06 1.2207880238387776e-05 6.906754656231342e-09 0.09588046718205763 5.42455242204087e-05 0.12413705085386799 6.491154986298552e-05
59852.42270790718 0.22000988354203552 3.563204682052091e-05 0.014383952848001924 8.139437450240924e-06 1.2209478383788011e-05 6.908969089030058e-09 0.0958930189866795 5.426291633493949e-05 0.12411686455535602 6.491615245678411e-05
59852.422910534144 0.2200614269621088 3.563856492819127e-05 0.014382070076415806 8.13668926880365e-06 1.2207880237629912e-05 6.906636360175363e-09 0.09588046717610538 5.4244595125357676e-05 0.12418095978600344 6.49044174956904e-05
59852.42311316111 0.2200629854726341 3.563468007568739e-05 0.01438902256351728 8.143960449368172e-06 1.221378169197115e-05 6.912808329929802e-09 0.0959268170901152 5.4293069662454485e-05 0.12413616838251888 6.494280435482231e-05
59852.42331578808 0.22002664286154275 3.563179008812035e-05 0.01437080369890202 8.135252473312324e-06 1.2198317039378934e-05 6.905416770283861e-09 0.09580535799268014 5.4235016488748834e-05 0.12422128486886261 6.489269202628852e-05
59852.423518415046 0.22006567509034283 3.563508714388714e-05 0.014377377603407647 8.135544690704317e-06 1.2203897142832185e-05 6.905664812109956e-09 0.09584918402271765 5.423696460469544e-05 0.12421649106762518 6.489613058791269e-05
59852.42372104201 0.2200005900700545 3.5630164425919734e-05 0.01436112050942349 8.134470098328836e-06 1.2190097692870116e-05 6.904752669772001e-09 0.0957408033961566 5.4229800655525575e-05 0.1242597866738979 6.488744020344861e-05
59852.42392366898 0.2200041658875163 3.563309750836942e-05 0.014362914272097935 8.134123787408277e-06 1.2191620285917432e-05 6.904458711932782e-09 0.09575276181398625 5.4227491916055186e-05 0.12425140407353007 6.488712135352279e-05
59852.42412629595 0.22001082808739603 3.5642010480642215e-05 0.014367559540222912 8.135148765503032e-06 1.2195563311965842e-05 6.905328740361267e-09 0.09578373026815275 5.423432510335354e-05 0.12422709781924328 6.489772669761595e-05
59852.42432892292 0.2201020011843512 3.5636617073741235e-05 0.014378450718051432 8.136856535957724e-06 1.220480803083252e-05 6.90677834094543e-09 0.09585633812034289 5.424571023971816e-05 0.1242456630640083 6.490427995033863e-05
59852.424531549885 0.22005476440198013 3.5632705737023095e-05 0.014373939261543772 8.13565169703174e-06 1.2200978587612582e-05 6.905755641901698e-09 0.09582626174362514 5.423767798021161e-05 0.12422850265835499 6.489541918214575e-05
59852.42473417685 0.2200385581288718 3.563276160382367e-05 0.014364297559290308 8.134067242567595e-06 1.2192794456554135e-05 6.904410715181311e-09 0.09576198372860206 5.422711495045064e-05 0.12427657440026973 6.488662185199903e-05
59852.42493680382 0.22006383069169333 3.5632987049029804e-05 0.014387205076726365 8.137125335299973e-06 1.2212238961268332e-05 6.9070065049135304e-09 0.0959147005115091 5.424750223533315e-05 0.12414913018018423 6.490378467245806e-05
59852.42513943079 0.22003704536420124 3.563269910702466e-05 0.014371606910690128 8.135466337884245e-06 1.2198998826719878e-05 6.905598304170652e-09 0.09581071273793419 5.423644225256164e-05 0.12422633262626705 6.489438276050716e-05
59852.42534205775 0.22000510672171142 3.5631434905378e-05 0.014374832483353677 8.139935494683522e-06 1.2201736777832977e-05 6.909391842282959e-09 0.09583221655569119 5.426623663122348e-05 0.12417289016602023 6.491859203288477e-05
59852.425544684724 0.22000696741422526 3.563260834435848e-05 0.014372524714519502 8.13603536826744e-06 1.2199777882806457e-05 6.906081312161345e-09 0.09581683143013002 5.4240235788449606e-05 0.12419013598409524 6.489750346360833e-05
59852.42574731169 0.22001425206371622 3.563091939584688e-05 0.01436509456098577 8.134961174549812e-06 1.2193470972604723e-05 6.905169508214685e-09 0.09576729707323847 5.4233074496998747e-05 0.12424695499047775 6.48905908925967e-05
59852.42594993866 0.22004141222071244 3.563402023875022e-05 0.014378794561045353 8.145833651498925e-06 1.2205099893830547e-05 6.914398353281906e-09 0.09585863040696903 5.43055576766595e-05 0.12418278181374341 6.495288286865066e-05
59852.426152565626 0.22004506001868296 3.5632175800057576e-05 0.014374776157828256 8.135496159253364e-06 1.220168896724208e-05 6.905623617334945e-09 0.09583184105218838 5.423664106168909e-05 0.12421321896649458 6.489426157913123e-05
59852.42635519259 0.2200427735691697 3.564208749693303e-05 0.014363209023572888 8.134397618040937e-06 1.2191870478739951e-05 6.904691146592824e-09 0.09575472682381926 5.4229317453606254e-05 0.12428804674535045 6.489358421772551e-05
59852.42655781956 0.22006076215558343 3.5634698102451516e-05 0.01438644835062999 8.138052485318091e-06 1.221159663220804e-05 6.907793494291511e-09 0.0959096556708666 5.425368323545394e-05 0.12415110648471683 6.490989025923429e-05
59852.42676044653 0.2200096809521906 3.56311440656764e-05 0.014372824256840964 8.135854423524893e-06 1.2200032142225796e-05 6.905927721493597e-09 0.09581882837893976 5.423902949016596e-05 0.12419085257325083 6.48956912858171e-05
59852.42696307349 0.2200390208459948 3.5637177356675507e-05 0.014374629367686081 8.140993342351105e-06 1.2201564367899552e-05 6.910289771271408e-09 0.09583086245124055 5.427328894900737e-05 0.12420815839475426 6.492763897827789e-05
59852.427165700465 0.22006311758480004 3.563362126700112e-05 0.01438048814183616 8.136472953645748e-06 1.2206537449853918e-05 6.906452746166585e-09 0.0958699209455744 5.424315302430499e-05 0.12419319663922565 6.490049779946408e-05
59852.42736832743 0.21998231128302684 3.565292968891224e-05 0.014370074244848288 8.134540497832674e-06 1.2197697859547414e-05 6.904812426726812e-09 0.09580049496565525 5.423026998555116e-05 0.12418181631737159 6.490033573186113e-05
59852.4275709544 0.2200234993332314 3.563530370752425e-05 0.014367727168344904 8.134642119335819e-06 1.2195705599134997e-05 6.904898685737745e-09 0.09578484778896604 5.423094746223879e-05 0.12423865154426536 6.48912207696819e-05
59852.42777358137 0.2199685776698766 3.56277389024278e-05 0.014373312987309393 8.135485106982785e-06 1.2200446989531877e-05 6.905614235876305e-09 0.09582208658206263 5.423656737988523e-05 0.12414649108781396 6.48917638876645e-05
59852.42797620833 0.21998332913023375 3.562977742892851e-05 0.01436620653736724 8.13544840866542e-06 1.2194414847472523e-05 6.905583085377042e-09 0.09577471024911494 5.423632272443613e-05 0.12420861888111881 6.48926786494761e-05
59852.428178835304 0.2200409670407767 3.563253354979161e-05 0.014373121826836982 8.135917139082665e-06 1.22002847274833e-05 6.9059809561124136e-09 0.09582081217891322 5.4239447593884435e-05 0.12422015486186347 6.489680363828993e-05
59852.42838146227 0.22001257470455654 3.563393130351367e-05 0.01435812338994388 8.133769706725597e-06 1.218755365884229e-05 6.904158158914638e-09 0.09572082259962586 5.422513137817065e-05 0.12429175210493068 6.48856065173425e-05
59852.42858408923 0.21999330365000935 3.563170608700615e-05 0.014350323441525618 8.13303270629611e-06 1.2180932856993607e-05 6.903532573520432e-09 0.09566882294350412 5.422021804197407e-05 0.12432448070650523 6.488027838403595e-05
59852.428786716206 0.22003188657345868 3.5639389559101356e-05 0.014374870675128344 8.135721885176191e-06 1.220176919601817e-05 6.905815219449089e-09 0.0958324711675223 5.423814590117461e-05 0.12419941540593638 6.489948042120589e-05
59852.42898934317 0.219991150661986 3.563102485986046e-05 0.014353859014286392 8.132795383046641e-06 1.218393394436181e-05 6.903331127289693e-09 0.09569239342857594 5.421863588697761e-05 0.12429875723341005 6.48785820591715e-05
59852.429191970135 0.21994602330935686 3.5627069976796e-05 0.01436644561588503 8.13526569779225e-06 1.2194617783621288e-05 6.90542799557106e-09 0.09577630410590021 5.423510465194833e-05 0.12416971920345665 6.489017407696874e-05
59852.42939459711 0.22001011835034828 3.563063252001984e-05 0.014369124359908537 8.13534269001609e-06 1.219689157216859e-05 6.9054933486004134e-09 0.09579416239939026 5.42356179334406e-05 0.12421595595095802 6.489255909885847e-05
59852.42959722407 0.22003785748847116 3.563169077888324e-05 0.014389540283690466 8.136506783869586e-06 1.221422114650289e-05 6.90648146215245e-09 0.09593026855793645 5.424337855913057e-05 0.12410758893053471 6.489962638776204e-05
59852.429799851045 0.22002816105000123 3.563266933744466e-05 0.014367278921463781 8.135192764498256e-06 1.2195325115365096e-05 6.905366087868366e-09 0.09578185947642522 5.4234618429988375e-05 0.12424630157357601 6.489284213500056e-05
59852.43000247801 0.22007957790242771 3.5636160951787396e-05 0.014371167560886394 8.135432573958493e-06 1.219862589502382e-05 6.90556964446035e-09 0.09580778373924262 5.423621715972329e-05 0.1242717941631851 6.489609556189309e-05
59852.430205104974 0.22002741532740067 3.563168643221105e-05 0.014381721698353018 8.136858161936559e-06 1.2207584525145873e-05 6.9067797211191315e-09 0.0958781446556868 5.4245721079577064e-05 0.12414927067171387 6.490158190249823e-05
59852.43040773195 0.2199744401241159 3.562695650200686e-05 0.014371207855147842 8.135137077743937e-06 1.2198660097855222e-05 6.905318819483222e-09 0.09580805236765229 5.423424718495958e-05 0.12416638775646362 6.488939510671359e-05
59852.43061035891 0.22007471780365762 3.563422881687589e-05 0.014371452660739775 8.135223239026834e-06 1.2198867895295503e-05 6.905391955451628e-09 0.09580968440493183 5.423482159351223e-05 0.12426503339872579 6.489386825158112e-05
59852.43081298588 0.22001859193863504 3.563407611910868e-05 0.014378906942505675 8.137525634185419e-06 1.2205195286176797e-05 6.90734628916064e-09 0.0958593796167045 5.425017089456946e-05 0.12415921232193054 6.490661309105894e-05
59852.43101561285 0.2200343906409666 3.563461538915764e-05 0.014376826887299528 8.13648220789899e-06 1.2203429680480998e-05 6.906460601420708e-09 0.09584551258199685 5.4243214719326604e-05 0.12418887805896976 6.490109519122278e-05
59852.43121823981 0.22001251489791207 3.563101354711127e-05 0.014373493819257045 8.135696515434298e-06 1.2200600484456343e-05 6.905793684943344e-09 0.0958232921283803 5.423797676956199e-05 0.12418922276953177 6.489473977488448e-05
59852.431420866786 0.22002422258173746 3.56342916427361e-05 0.014380181143750465 8.136504564509107e-06 1.2206276861785344e-05 6.906479578300767e-09 0.09586787429166978 5.4243363763394056e-05 0.12415634829006768 6.490104200432735e-05
59852.43162349375 0.22011639612719916 3.564958819562107e-05 0.014388565861949839 8.14868909387807e-06 1.2213394031640612e-05 6.916822128051799e-09 0.09592377241299893 5.432459395918713e-05 0.12419262371420023 6.497733949114811e-05
59852.431826120715 0.22006039944449576 3.564173900624571e-05 0.014381269435033536 8.136896205200398e-06 1.2207200632117206e-05 6.906812013244419e-09 0.09587512956689023 5.4245974701335987e-05 0.12418526987760553 6.490731338368059e-05
59852.43202874769 0.2200769551447032 3.56346530554312e-05 0.014375851134404132 8.136298612107563e-06 1.220260143569946e-05 6.90630476047278e-09 0.09583900756269421 5.4241990747383756e-05 0.124237947582009 6.490009290147601e-05
59852.43223137465 0.2199972817140442 3.562978536929324e-05 0.014359729899684707 8.13323635366293e-06 1.2188917306662974e-05 6.903705434774176e-09 0.09573153266456472 5.422157569108621e-05 0.12426574904947948 6.48803581670608e-05
59852.43243400162 0.2200453858189174 3.5634037411015845e-05 0.014384935917747163 8.137786732498625e-06 1.2210312839304592e-05 6.9075679162922644e-09 0.09589957278498108 5.425191154999083e-05 0.1241458130339363 6.490804672024652e-05
59852.43263662859 0.22002470106347136 3.5636578137892854e-05 0.014368888421496598 8.135899069955736e-06 1.2196691301424453e-05 6.905965618561117e-09 0.09579258947664399 5.423932713303824e-05 0.12423211158682737 6.489892379094496e-05
59852.432839255554 0.2200424468875624 3.5637691706326194e-05 0.014370919309198968 8.145703195103957e-06 1.2198415172446836e-05 6.914287618454615e-09 0.09580612872799313 5.430468796735972e-05 0.12423631815956926 6.495417003847755e-05
59852.43304188253 0.2199713696616039 3.563469803434602e-05 0.014360777779386685 8.135669343130735e-06 1.218980677457943e-05 6.905770620375732e-09 0.09573851852924457 5.423779562087157e-05 0.12423285113235934 6.489661145091058e-05
59852.43324450949 0.22000745942232014 3.5630407659072924e-05 0.014365840219160406 8.134548130133791e-06 1.2194103906921257e-05 6.904818905225212e-09 0.09577226812773604 5.423032086755861e-05 0.1242351912945841 6.488800853277966e-05
59852.43344713646 0.22001514315741738 3.5631263689855824e-05 0.014369234833820549 8.136007236887741e-06 1.2196985345337546e-05 6.906057433504625e-09 0.095794898892137 5.4240048245918276e-05 0.12422024426528037 6.489660843106966e-05
59852.43364976343 0.21993026412447186 3.5625733505915565e-05 0.014367502690192928 8.13510153204667e-06 1.2195515056161647e-05 6.905288647358285e-09 0.09578335126795286 5.4234010213644474e-05 0.124146912856519 6.488852557801116e-05
59852.43385239039 0.2199873413144639 3.563160468148694e-05 0.014347607149286772 8.130678004395235e-06 1.2178627196531237e-05 6.901533840469594e-09 0.09565071432857848 5.420452002930157e-05 0.12433662698588542 6.486710448127553e-05
59852.43405501736 0.21998801128257964 3.563130417916111e-05 0.01436444778367138 8.135123918555177e-06 1.2192921970969177e-05 6.905307649616884e-09 0.09576298522447588 5.4234159457034514e-05 0.12422502605810376 6.48917089428145e-05
59852.43425764433 0.22002081986689925 3.563192959205454e-05 0.014360754693184189 8.134393619739881e-06 1.2189787178402126e-05 6.9046877527294795e-09 0.09573836462122794 5.422929079826588e-05 0.12428245524567132 6.488798337855798e-05
59852.434460271295 0.2200054574931341 3.562934792620871e-05 0.014375283933739193 8.135833973532017e-06 1.2202119980821859e-05 6.905910363000517e-09 0.09583522622492795 5.423889315688011e-05 0.12417023126820616 6.489459118085489e-05
59852.43466289826 0.22006795490788636 3.5635496830581254e-05 0.014364662335523228 8.134640810553906e-06 1.219310408823729e-05 6.904897574809153e-09 0.09576441557015486 5.423093873702604e-05 0.1243035393377315 6.489131953244162e-05
59852.43486552523 0.22005681326531884 3.563621215271241e-05 0.014371818381868798 8.136644850563951e-06 1.2199178329031381e-05 6.9065986568025014e-09 0.095812122545792 5.424429900375968e-05 0.12424469071952685 6.490287814113031e-05
59852.4350681522 0.22006334330739646 3.5633752070221796e-05 0.01437890296896701 8.136439135763602e-06 1.2205191913332423e-05 6.906424040656673e-09 0.09585935312644674 5.4242927571757345e-05 0.12420399018094973 6.490038118653041e-05
59852.43527077917 0.21999585167428004 3.56294662333007e-05 0.014365830321044165 8.133893103961212e-06 1.2194095505139247e-05 6.904262901741369e-09 0.09577220214029444 5.422595402640808e-05 0.1242236495339856 6.488384201127456e-05
59852.435473406134 0.2199457877324344 3.562702166483166e-05 0.01435703373445256 8.133500947197481e-06 1.21866287305345e-05 6.903930028741824e-09 0.09571355822968373 5.422333964798321e-05 0.12423222950275066 6.488031469781056e-05
59852.4356760331 0.22008882285786247 3.563788075343649e-05 0.014371509857839311 8.139754654528124e-06 1.2198916445701486e-05 6.90923834039154e-09 0.09581006571892875 5.4265031030187496e-05 0.12427875713893372 6.492112242793843e-05
59852.43587866007 0.2199796707791809 3.5631187863380164e-05 0.01436452489855199 8.135194214666343e-06 1.219298742811283e-05 6.90536731880927e-09 0.09576349932367993 5.423462809777562e-05 0.12421617145550097 6.48920367492e-05
