WASP80b/WASP80b_WLP8/Results/ROEBA_Results/50520_radii/WASP80b_WLP8_nrca3_level3_asn_phot.ecsv
# %ECSV 0.9
# ---
# datatype:
# - {name: MJD, datatype: float64}
# - {name: aperture_sum, unit: Jy, datatype: float64}
# - {name: aperture_sum_err, unit: Jy, datatype: float64}
# - {name: annulus_sum, unit: Jy, datatype: float64}
# - {name: annulus_sum_err, unit: Jy, datatype: float64}
# - {name: annulus_mean, unit: Jy, datatype: float64}
# - {name: annulus_mean_err, unit: Jy, datatype: float64}
# - {name: aperture_bkg, unit: Jy, datatype: float64}
# - {name: aperture_bkg_err, unit: Jy, datatype: float64}
# - {name: net_aperture_sum, unit: Jy, datatype: float64}
# - {name: net_aperture_sum_err, unit: Jy, datatype: float64}
# meta: !!omap
# - {instrument: NIRCAM}
# - {detector: NRCA3}
# - {channel: SHORT}
# - {subarray: SUBGRISM256}
# - {filter: F210M}
# - {pupil: WLP8}
# - {target_name: UNKNOWN}
# - {xcenter: 1055.0}
# - {ycenter: 166.0}
# - ra_icrs: !numpy.ndarray
#     buffer: !!binary |
#       aE5BSnpLcnlja0E9
#     dtype: float64
#     order: C
#     shape: !!python/tuple []
# - dec_icrs: !numpy.ndarray
#     buffer: !!binary |
#       aHllR0pMQW5BY0E9
#     dtype: float64
#     order: C
#     shape: !!python/tuple []
# - {apertures: Photometry measured in a circular aperture of r=50.0 pixels.  Background calculated as the mean in a circular annulus
#     with r_inner=5.0 pixels and r_outer=20.0 pixels.}
# - {number_of_integrations: 1227}
# - __serialized_columns__:
#     annulus_mean:
#       __class__: astropy.units.quantity.Quantity
#       unit: &id001 !astropy.units.Unit {unit: Jy}
#       value: !astropy.table.SerializedColumn {name: annulus_mean}
#     annulus_mean_err:
#       __class__: astropy.units.quantity.Quantity
#       unit: *id001
#       value: !astropy.table.SerializedColumn {name: annulus_mean_err}
#     annulus_sum:
#       __class__: astropy.units.quantity.Quantity
#       unit: *id001
#       value: !astropy.table.SerializedColumn {name: annulus_sum}
#     annulus_sum_err:
#       __class__: astropy.units.quantity.Quantity
#       unit: *id001
#       value: !astropy.table.SerializedColumn {name: annulus_sum_err}
#     aperture_bkg:
#       __class__: astropy.units.quantity.Quantity
#       unit: *id001
#       value: !astropy.table.SerializedColumn {name: aperture_bkg}
#     aperture_bkg_err:
#       __class__: astropy.units.quantity.Quantity
#       unit: *id001
#       value: !astropy.table.SerializedColumn {name: aperture_bkg_err}
#     aperture_sum:
#       __class__: astropy.units.quantity.Quantity
#       unit: *id001
#       value: !astropy.table.SerializedColumn {name: aperture_sum}
#     aperture_sum_err:
#       __class__: astropy.units.quantity.Quantity
#       unit: *id001
#       value: !astropy.table.SerializedColumn {name: aperture_sum_err}
#     net_aperture_sum:
#       __class__: astropy.units.quantity.Quantity
#       unit: *id001
#       value: !astropy.table.SerializedColumn {name: net_aperture_sum}
#     net_aperture_sum_err:
#       __class__: astropy.units.quantity.Quantity
#       unit: *id001
#       value: !astropy.table.SerializedColumn {name: net_aperture_sum_err}
# schema: astropy-2.0
MJD aperture_sum aperture_sum_err annulus_sum annulus_sum_err annulus_mean annulus_mean_err aperture_bkg aperture_bkg_err net_aperture_sum net_aperture_sum_err
[from data line 1037]
59852.40811876551 0.22000733930047836 3.560342232415109e-05 0.01437459939717208 8.126205847205416e-06 1.2201538928137149e-05 6.897737755546694e-09 0.09583066264781387 5.417470564803611e-05 0.12417667665266449 6.482671064648596e-05
59852.408321392475 0.2200486745172766 3.559930930833024e-05 0.014388052732971564 8.128434906050377e-06 1.2212958474236152e-05 6.899629839459325e-09 0.09592035155314377 5.418956604033585e-05 0.12412832296413284 6.483687138403647e-05
59852.40852401945 0.2199671477096441 3.5595516101213375e-05 0.014376820504754431 8.126670296585989e-06 1.2203424262808457e-05 6.898131992425276e-09 0.09584547003169622 5.417780197723993e-05 0.12412167767794788 6.482495656455748e-05
59852.40872664641 0.21997396836078986 3.5595453205896884e-05 0.014361347913859316 8.12516547873228e-06 1.2190290719750343e-05 6.8968546633593e-09 0.09574231942572878 5.416776985821521e-05 0.12423164893506108 6.481653786145757e-05
59852.40892927338 0.22007721612949233 3.5599858754684824e-05 0.014392970731320811 8.129599052361703e-06 1.2217133000888955e-05 6.90061799753895e-09 0.09595313820880541 5.4197327015744687e-05 0.12412407792068691 6.484365966696419e-05
59852.40913190035 0.2200074493967289 3.55990664017768e-05 0.014379637691263977 8.135747996340218e-06 1.2205815564987688e-05 6.905837383293488e-09 0.09586425127509318 5.423831997560145e-05 0.12414319812163571 6.487749133909111e-05
59852.409334527314 0.21999182159349076 3.560176829524501e-05 0.014376318497311228 8.126624543319582e-06 1.2202998145656164e-05 6.89809315584655e-09 0.09584212331540819 5.417749695546388e-05 0.12414969827808257 6.48281349578068e-05
59852.40953715428 0.2200654668232383 3.560370549703452e-05 0.01436404641026464 8.125382106520676e-06 1.2192581274640066e-05 6.897038542737082e-09 0.09576030940176428 5.416921404347117e-05 0.12430515742147402 6.482227699801172e-05
59852.40973978125 0.22003072737382895 3.5598859089091525e-05 0.014374025238611098 8.126479465656119e-06 1.2201051567213956e-05 6.897970010101097e-09 0.095826834924074 5.4176529771040795e-05 0.12420389244975495 6.482572904701855e-05
59852.409942408216 0.22003713642660888 3.55994533261792e-05 0.014367918288817848 8.125706691760934e-06 1.2195867827230971e-05 6.8973140592461054e-09 0.09578612192545233 5.41713779450729e-05 0.12425101450115655 6.48217499423669e-05
59852.41014503519 0.21997465587914666 3.560006075408221e-05 0.014369069263186929 8.124934025094898e-06 1.2196844804618764e-05 6.8966581994100414e-09 0.09579379508791286 5.4166226833965995e-05 0.1241808607912338 6.481777885058236e-05
59852.41034766215 0.21999460681442107 3.559637095668879e-05 0.014362063595550836 8.12589765326728e-06 1.2190898209237734e-05 6.89747615240704e-09 0.09574709063700558 5.4172651021781876e-05 0.12424751617741549 6.482112112586423e-05
59852.41055028912 0.22001498491211435 3.559743733606647e-05 0.0143606819760005 8.126101572248769e-06 1.2189725454139555e-05 6.897649244214475e-09 0.09573787984000333 5.417401048165846e-05 0.12427710507211102 6.482284286084667e-05
59852.41075291609 0.21999459464724322 3.560105191842103e-05 0.014356995323887695 8.12457359701513e-06 1.218659612663442e-05 6.896352258553912e-09 0.0957133021592513 5.416382398010087e-05 0.12428129248799191 6.481631527513316e-05
59852.410955543055 0.2200130703168176 3.5597366817996576e-05 0.01436381244017565 8.125087753736897e-06 1.2192382674660341e-05 6.896788688334142e-09 0.095758749601171 5.416725169157932e-05 0.1242543207156466 6.481715575520039e-05
59852.41115817002 0.2200099901884495 3.559937615972513e-05 0.014370102503815884 8.1267407120445e-06 1.2197721846504107e-05 6.898191762922835e-09 0.09580068335877256 5.417827141363e-05 0.12420930682967693 6.482746853248678e-05
59852.41136079699 0.2200969504019507 3.560348898238468e-05 0.014384576196808045 8.128020186903846e-06 1.2210007498688089e-05 6.899277814914444e-09 0.09589717464538697 5.418680124602564e-05 0.12419977575656374 6.483685569947909e-05
59852.41156342396 0.22006693045559034 3.5600991590545464e-05 0.01437690067013771 8.127734276973138e-06 1.2203492309299198e-05 6.89903512702777e-09 0.09584600446758475 5.418489517982092e-05 0.12422092598800559 6.483389135227245e-05
59852.41176605093 0.22005005182046927 3.559953536748391e-05 0.014372071537515766 8.12640018748818e-06 1.219939321421851e-05 6.897902716702128e-09 0.09581381025010512 5.4176001249921205e-05 0.12423624157036416 6.482565873026051e-05
59852.411968677894 0.22006353904269976 3.560047878569012e-05 0.014369357715358954 8.125506528533457e-06 1.2197089650426889e-05 6.897144155421688e-09 0.09579571810239303 5.417004352355638e-05 0.12426782094030674 6.482119796111736e-05
59852.41217130486 0.2200541476491164 3.560039767912371e-05 0.014365280741945919 8.124739657631813e-06 1.2193629007912015e-05 6.8964932151832346e-09 0.09576853827963946 5.4164931050878754e-05 0.12428560936947694 6.481688106240694e-05
59852.41237393183 0.21998803615930512 3.560408774058206e-05 0.014373656503355588 8.12879684166033e-06 1.2200738575008054e-05 6.899937059946819e-09 0.09582437668903726 5.419197894440221e-05 0.12416365947026786 6.484151174787335e-05
59852.412576558796 0.22004156433465244 3.5600055783797454e-05 0.014382556866305938 8.126433137049825e-06 1.2208293437721974e-05 6.897930685158707e-09 0.09588371244203958 5.4176220913665505e-05 0.12415785189261286 6.482612809890607e-05
59852.41277918576 0.22006174243097143 3.563466418159272e-05 0.014377382701276802 8.136130455628908e-06 1.220390147003792e-05 6.906162024820562e-09 0.09584921800851201 5.424086970419272e-05 0.12421252442245942 6.489916207164849e-05
59852.41298181273 0.2200582492882419 3.5635772387040096e-05 0.01437736972771999 8.139498089790602e-06 1.2203890457740873e-05 6.909020561478475e-09 0.09584913151813326 5.426332059860401e-05 0.12420911777010862 6.491853538095119e-05
59852.4131844397 0.2200441163289893 3.563397033120193e-05 0.014359757289412613 8.134875978981106e-06 1.21889405557861e-05 6.905097191969943e-09 0.09573171526275076 5.423250652654071e-05 0.12431240106623853 6.489179151261166e-05
59852.41338706667 0.2200196019616525 3.5631381387445745e-05 0.014372192278690164 8.135554763632631e-06 1.2199495702510456e-05 6.905673362277064e-09 0.09581461519126776 5.4237031757550876e-05 0.12420498677038473 6.489415192024007e-05
59852.413589693635 0.21991716648060228 3.562481106145479e-05 0.014361203118550207 8.133693448550292e-06 1.219016781367471e-05 6.904093428965034e-09 0.09574135412366805 5.4224622990335285e-05 0.12417581235693423 6.488017340920375e-05
59852.4137923206 0.2200195553567641 3.5635375950266544e-05 0.014375555889374522 8.13563203047997e-06 1.2202350823934737e-05 6.905738948414083e-09 0.09583703926249683 5.423754686986647e-05 0.12418251609426727 6.489677580263751e-05
59852.41399494757 0.2200396448761937 3.563548067516723e-05 0.01436561679068008 8.134893658524243e-06 1.2193914254936877e-05 6.905112198832247e-09 0.09577077860453387 5.423262439016162e-05 0.12426886627165984 6.489271940051958e-05
59852.41419757454 0.22003941511609126 3.563289594534651e-05 0.014373821966416981 8.1355040799884e-06 1.2200879024416693e-05 6.90563034066366e-09 0.09582547977611322 5.4236693866589335e-05 0.12421393533997804 6.489470113214191e-05
59852.4144002015 0.22006038617696844 3.5639897405967675e-05 0.014356176605243546 8.134286143187175e-06 1.2185901176665258e-05 6.904596523798121e-09 0.09570784403495698 5.42285742879145e-05 0.12435254214201145 6.489176031213642e-05
59852.414602828474 0.2199608810550709 3.563033693187226e-05 0.01436881905144936 8.136077816439292e-06 1.2196632418299544e-05 6.90611734328868e-09 0.0957921270096624 5.424051877626194e-05 0.12416875404540849 6.489649287131597e-05
59852.41480545544 0.2200161097217323 3.5632168336956496e-05 0.014371964313107818 8.14039393316649e-06 1.219930219931427e-05 6.909780976953188e-09 0.0958130954207188 5.42692928877766e-05 0.1242030143010135 6.492154935714708e-05
59852.415008082404 0.22006457293097392 3.563436127513471e-05 0.01437838999060919 8.136583155145492e-06 1.2204756483778577e-05 6.906546288104826e-09 0.09585593327072793 5.4243887700969944e-05 0.12420863966024599 6.490151813634453e-05
59852.415210709376 0.21998321318525216 3.562849089128192e-05 0.014367489932531554 8.1348494644573e-06 1.219550422712234e-05 6.9050746857431305e-09 0.09578326621687704 5.4232329763048674e-05 0.12419994696837512 6.488863501968749e-05
59852.41541333634 0.2200603551391322 3.563329241372514e-05 0.014378784049881337 8.1368437186802e-06 1.2205090971677422e-05 6.906767461302365e-09 0.09585856033254225 5.424562479120134e-05 0.12420179480658994 6.490238313983424e-05
59852.41561596331 0.21999356702307601 3.563515572286825e-05 0.01436685611136311 8.134625197726765e-06 1.2194966223005038e-05 6.9048843222298734e-09 0.09577904074242075 5.423083465151177e-05 0.12421452628065527 6.489104522499757e-05
59852.41581859028 0.22005290753482964 3.563760855484307e-05 0.014378035435491451 8.136681989914062e-06 1.2204455528047448e-05 6.9066301816619855e-09 0.09585356956994301 5.424454659942708e-05 0.12419933796488664 6.490385180623443e-05
59852.41602121724 0.22009341972814028 3.56397497043525e-05 0.014380199126647897 8.137125168725682e-06 1.2206292126142769e-05 6.9070063635208815e-09 0.09586799417765265 5.4247501124837886e-05 0.12422542555048763 6.490749677254687e-05
59852.416223844215 0.22001759523822573 3.563034624345288e-05 0.014362946873806764 8.134216965578264e-06 1.2191647959107369e-05 6.904537804019937e-09 0.09575297915871175 5.4228113103855095e-05 0.12426461607951397 6.488612967524598e-05
59852.41642647118 0.2200244755810228 3.563346845387676e-05 0.01438837877280023 8.138368086420324e-06 1.2213235225438164e-05 6.908061384827327e-09 0.09592252515200154 5.4255787242802165e-05 0.12410195042902127 6.49109738286959e-05
59852.416629098145 0.22005685365954208 3.5634406396292965e-05 0.014362934896483753 8.13564085868e-06 1.2191637792439837e-05 6.905746442023007e-09 0.0957528993098917 5.4237605724533326e-05 0.12430395434965039 6.489629260555719e-05
59852.41683172512 0.22001680099234006 3.563194917631963e-05 0.014367342288789334 8.134692305746141e-06 1.219537890322159e-05 6.904941285285899e-09 0.09578228192526224 5.423128203830761e-05 0.12423451906707782 6.48896582948492e-05
59852.41703435208 0.22009745612744896 3.5640298412206415e-05 0.014358014976724686 8.133461215993336e-06 1.2187461634843725e-05 6.903896303848306e-09 0.09572009984483124 5.422307477328891e-05 0.12437735628261773 6.48873848200157e-05
59852.417236979054 0.22004549975924045 3.563367193410842e-05 0.014371321641377988 8.13587178001732e-06 1.2198756682607134e-05 6.9059424541419404e-09 0.09580881094251992 5.423914520011547e-05 0.12423668881672054 6.489717595972011e-05
59852.41743960602 0.22001741175272754 3.563227951297331e-05 0.014372105542484366 8.135495596935046e-06 1.2199422078532335e-05 6.905623140024333e-09 0.09581403694989578 5.423663731290031e-05 0.12420337480283176 6.489431539281193e-05
59852.417642232984 0.21993427700763057 3.5626765517449426e-05 0.01436981636495517 8.134643276605403e-06 1.2197478964295609e-05 6.904899668058677e-09 0.0957987757663678 5.4230955177369356e-05 0.12413550124126277 6.488653882497638e-05
59852.417844859956 0.220068551429059 3.5635630358661624e-05 0.01436298158319853 8.134672996197625e-06 1.2191677421354149e-05 6.904924894832057e-09 0.09575321055465687 5.423115330798417e-05 0.12431534087440214 6.489157218139539e-05
59852.41804748692 0.22004305440979072 3.563230952315369e-05 0.014380477740176312 8.136794091994116e-06 1.220652862065082e-05 6.9067253368629e-09 0.09586985160117542 5.424529394662744e-05 0.1241732028086153 6.49015669865516e-05
59852.418250113886 0.22001612164837642 3.563483675499712e-05 0.014357578298972957 8.136705748117229e-06 1.2187090971255853e-05 6.906650348251175e-09 0.09571718865981972 5.42447049874482e-05 0.1242989329885567 6.490246227787188e-05
59852.41845274086 0.2199859977076764 3.563041131134286e-05 0.014348898453231333 8.135214005308182e-06 1.2179723289362229e-05 6.905384117627807e-09 0.09565932302154223 5.4234760035387886e-05 0.12432667468613418 6.489172062991994e-05
59852.41865536782 0.21995818484478333 3.5627779134358725e-05 0.014365380061185401 8.134804387847728e-06 1.2193713312700856e-05 6.905036423528563e-09 0.09576920040790267 5.4232029252318184e-05 0.12418898443688066 6.488799305627307e-05
59852.418857994795 0.22004339036430504 3.5633124412747603e-05 0.014380329110366264 8.135914486710604e-06 1.22064024597497e-05 6.9059787047090836e-09 0.0958688607357751 5.423942991140403e-05 0.12417452962852994 6.48971132834771e-05
59852.41906062176 0.21995509839208047 3.5627504147349325e-05 0.014365753626967005 8.134558444422768e-06 1.2194030405184655e-05 6.904827660265613e-09 0.09577169084644671 5.423038962948512e-05 0.12418340754563376 6.488647171125242e-05
59852.419263248725 0.21999859322028037 3.5630535432402425e-05 0.014363863499636743 8.135123471684697e-06 1.2192426015277005e-05 6.90530727030144e-09 0.09575908999757829 5.423415647789798e-05 0.12423950322270208 6.489128434596443e-05
59852.4194658757 0.22002985281627957 3.563164100640613e-05 0.014368271677731546 8.134674405603762e-06 1.2196167793057365e-05 6.904926091173143e-09 0.09578847785154365 5.423116270402508e-05 0.12424137496473592 6.488938934093804e-05
59852.41966850266 0.21995978896427365 3.56292675383568e-05 0.014356178990881888 8.13510769982898e-06 1.2185903201657975e-05 6.905293882734512e-09 0.09570785993921259 5.4234051332193205e-05 0.12425192902506106 6.489050030029644e-05
59852.41987112963 0.22001526022737716 3.5637558221126344e-05 0.014364460224175438 8.13561801555656e-06 1.2192932530796992e-05 6.905727052177615e-09 0.09576306816116958 5.4237453437043734e-05 0.12425219206620758 6.489789604678766e-05
59852.4200737566 0.21998547521947193 3.563690397650713e-05 0.01435852841244398 8.133425444269232e-06 1.2187897452618048e-05 6.903865939865831e-09 0.09572352274962653 5.422283629512822e-05 0.1242619524698454 6.488532115139035e-05
59852.420276383564 0.21999845382297362 3.5629999668266135e-05 0.014353971116535757 8.133248396280327e-06 1.2184029099706442e-05 6.903715656865304e-09 0.09569314077690505 5.4221655975202185e-05 0.12430531304606857 6.488054294666333e-05
59852.420479010536 0.2200509088278175 3.564082769962722e-05 0.01437548794081428 8.159243342598085e-06 1.2202293147405464e-05 6.925780852608663e-09 0.0958365862720952 5.4394955617320574e-05 0.1242143225557223 6.503137547157364e-05
59852.4206816375 0.21997933785748364 3.5634088545958426e-05 0.014361630574601757 8.134836290393476e-06 1.2190530649640357e-05 6.905063503250447e-09 0.09574420383067839 5.423224193595651e-05 0.12423513402680525 6.489163529994698e-05
59852.420884264466 0.2200567038084319 3.563434506885582e-05 0.014379400502643695 8.13585956986168e-06 1.2205614233033752e-05 6.9059320898399355e-09 0.09586267001762463 5.423906379907787e-05 0.12419403379080726 6.48974775340824e-05
59852.42108689144 0.21994133283504336 3.5631256099659517e-05 0.014365822197619045 8.135100333648063e-06 1.2194088609761846e-05 6.905287630125954e-09 0.09577214798412698 5.423400222432042e-05 0.12416918485091638 6.48915511334651e-05
59852.4212895184 0.22001874868553578 3.563121519030529e-05 0.014378703841286831 8.136671209738961e-06 1.2205022888507854e-05 6.9066210311651605e-09 0.09585802560857888 5.424447473159308e-05 0.1241607230769569 6.490028146968457e-05
59852.42149214537 0.2200207982949113 3.563257049905208e-05 0.014365297837936436 8.135820435617134e-06 1.219364351943947e-05 6.905898871661462e-09 0.09576865225290958 5.423880290411423e-05 0.12425214604200173 6.489628510817292e-05
59852.42169477234 0.2200746584765257 3.563721369999407e-05 0.014380885926338904 8.138149036599748e-06 1.2206875099826704e-05 6.907875449564778e-09 0.09587257284225936 5.425432691066499e-05 0.12420208563426632 6.49118093171678e-05
