WASP80b/WASP80b_WLP8/Results/ROEBA_Results/50520_radii/WASP80b_WLP8_nrca3_level3_asn_phot.ecsv
# %ECSV 0.9
# ---
# datatype:
# - {name: MJD, datatype: float64}
# - {name: aperture_sum, unit: Jy, datatype: float64}
# - {name: aperture_sum_err, unit: Jy, datatype: float64}
# - {name: annulus_sum, unit: Jy, datatype: float64}
# - {name: annulus_sum_err, unit: Jy, datatype: float64}
# - {name: annulus_mean, unit: Jy, datatype: float64}
# - {name: annulus_mean_err, unit: Jy, datatype: float64}
# - {name: aperture_bkg, unit: Jy, datatype: float64}
# - {name: aperture_bkg_err, unit: Jy, datatype: float64}
# - {name: net_aperture_sum, unit: Jy, datatype: float64}
# - {name: net_aperture_sum_err, unit: Jy, datatype: float64}
# meta: !!omap
# - {instrument: NIRCAM}
# - {detector: NRCA3}
# - {channel: SHORT}
# - {subarray: SUBGRISM256}
# - {filter: F210M}
# - {pupil: WLP8}
# - {target_name: UNKNOWN}
# - {xcenter: 1055.0}
# - {ycenter: 166.0}
# - ra_icrs: !numpy.ndarray
#     buffer: !!binary |
#       aE5BSnpLcnlja0E9
#     dtype: float64
#     order: C
#     shape: !!python/tuple []
# - dec_icrs: !numpy.ndarray
#     buffer: !!binary |
#       aHllR0pMQW5BY0E9
#     dtype: float64
#     order: C
#     shape: !!python/tuple []
# - {apertures: Photometry measured in a circular aperture of r=50.0 pixels.  Background calculated as the mean in a circular annulus
#     with r_inner=5.0 pixels and r_outer=20.0 pixels.}
# - {number_of_integrations: 1227}
# - __serialized_columns__:
#     annulus_mean:
#       __class__: astropy.units.quantity.Quantity
#       unit: &id001 !astropy.units.Unit {unit: Jy}
#       value: !astropy.table.SerializedColumn {name: annulus_mean}
#     annulus_mean_err:
#       __class__: astropy.units.quantity.Quantity
#       unit: *id001
#       value: !astropy.table.SerializedColumn {name: annulus_mean_err}
#     annulus_sum:
#       __class__: astropy.units.quantity.Quantity
#       unit: *id001
#       value: !astropy.table.SerializedColumn {name: annulus_sum}
#     annulus_sum_err:
#       __class__: astropy.units.quantity.Quantity
#       unit: *id001
#       value: !astropy.table.SerializedColumn {name: annulus_sum_err}
#     aperture_bkg:
#       __class__: astropy.units.quantity.Quantity
#       unit: *id001
#       value: !astropy.table.SerializedColumn {name: aperture_bkg}
#     aperture_bkg_err:
#       __class__: astropy.units.quantity.Quantity
#       unit: *id001
#       value: !astropy.table.SerializedColumn {name: aperture_bkg_err}
#     aperture_sum:
#       __class__: astropy.units.quantity.Quantity
#       unit: *id001
#       value: !astropy.table.SerializedColumn {name: aperture_sum}
#     aperture_sum_err:
#       __class__: astropy.units.quantity.Quantity
#       unit: *id001
#       value: !astropy.table.SerializedColumn {name: aperture_sum_err}
#     net_aperture_sum:
#       __class__: astropy.units.quantity.Quantity
#       unit: *id001
#       value: !astropy.table.SerializedColumn {name: net_aperture_sum}
#     net_aperture_sum_err:
#       __class__: astropy.units.quantity.Quantity
#       unit: *id001
#       value: !astropy.table.SerializedColumn {name: net_aperture_sum_err}
# schema: astropy-2.0
MJD aperture_sum aperture_sum_err annulus_sum annulus_sum_err annulus_mean annulus_mean_err aperture_bkg aperture_bkg_err net_aperture_sum net_aperture_sum_err
[from data line 830]
59852.36617498322 0.2136191020146137 3.488465729721522e-05 0.013948955843477391 7.98335594874641e-06 1.1840241458453362e-05 6.776482995760421e-09 0.09299303895651595 5.322237299164273e-05 0.12062606305809775 6.363615561617226e-05
59852.36637761018 0.21364808755399728 3.4900364610286775e-05 0.01396310355498186 7.984338385737588e-06 1.185225040895669e-05 6.777316914178673e-09 0.0930873570332124 5.322892257158392e-05 0.12056073052078488 6.36502446818756e-05
59852.366580237154 0.21360073794800918 3.489264229906554e-05 0.013944755547449046 7.983256986226668e-06 1.1836676136451438e-05 6.7763989937647e-09 0.09296503698299363 5.322171324151112e-05 0.12063570096501555 6.363998151297797e-05
59852.36678286412 0.21367491401357896 3.4888649484259785e-05 0.01395421574568461 7.984697439576501e-06 1.1844706202114475e-05 6.777621688542936e-09 0.09302810497123074 5.323131626384335e-05 0.12064680904234823 6.364582385370507e-05
59852.36698549109 0.21371645322159233 3.489179615546103e-05 0.013958363218828356 7.98472143108939e-06 1.1848226686659372e-05 6.777642053171567e-09 0.09305575479218905 5.3231476207262594e-05 0.12066069842940327 6.36476825827823e-05
59852.367188118056 0.21367565023375346 3.488738891375531e-05 0.013948331310238808 7.983614785747e-06 1.1839711338175784e-05 6.776702703430284e-09 0.09298887540159206 5.322409857164668e-05 0.12068677483216139 6.363909626938442e-05
59852.36739074502 0.2137198838695089 3.4894017485265136e-05 0.013942407392708075 7.982340981952376e-06 1.1834682960802531e-05 6.775621465187917e-09 0.09294938261805384 5.3215606546349176e-05 0.12077050125145507 6.363562867103484e-05
59852.36759337199 0.21378443229206795 3.489520667509259e-05 0.013968933265306703 7.985022376431826e-06 1.1857198820769984e-05 6.777897503512096e-09 0.09312622176871135 5.3233482509545506e-05 0.1206582105233566 6.365123022370828e-05
59852.36779599896 0.21379183753891218 3.4896276714309614e-05 0.013968979516215778 7.985025851574254e-06 1.1857238079760928e-05 6.777900453304606e-09 0.09312653010810519 5.3233505677161694e-05 0.12066530743080699 6.365183622804666e-05
59852.36799862592 0.21385862767171554 3.490103460880941e-05 0.01396487960942627 7.985153986309717e-06 1.1853757970791507e-05 6.778009217446103e-09 0.09309919739617513 5.323435990873145e-05 0.12075943027554041 6.365515919120514e-05
59852.368201252895 0.21377213832960779 3.489583604255473e-05 0.01396071756878848 7.984515649738901e-06 1.1850225120973622e-05 6.777467380536228e-09 0.09307145045858987 5.323010433159268e-05 0.12070068787101791 6.36487500290548e-05
59852.36840387986 0.2138359801270046 3.4900243419576286e-05 0.013968137260117367 7.988037273753181e-06 1.1856523150580066e-05 6.7804566278406744e-09 0.09312091506744911 5.325358182502121e-05 0.1207150650595555 6.367080153366932e-05
59852.36860650683 0.21389063185436913 3.4901923838888544e-05 0.013982509405478113 7.987069141155273e-06 1.186872260645739e-05 6.7796348513685385e-09 0.09321672936985409 5.3247127607701824e-05 0.12067390248451504 6.366632458471636e-05
59852.3688091338 0.21394882492445072 3.490563297500434e-05 0.013980220523201668 7.986625420346889e-06 1.186677974283898e-05 6.779258209448501e-09 0.09320147015467778 5.324416946897926e-05 0.12074735476977294 6.366588408109239e-05
59852.36901176076 0.21404312214895965 3.491339792144884e-05 0.01398004344590284 7.987773723620782e-06 1.1866629434959418e-05 6.78023291954028e-09 0.09320028963935227 5.3251824824138544e-05 0.12084283250960738 6.367654357392654e-05
59852.369214387734 0.21415795158152345 3.491989639269844e-05 0.013988305371368527 7.988260352837292e-06 1.187364237510513e-05 6.780645983248336e-09 0.09325536914245684 5.325506901891528e-05 0.12090258243906661 6.368281982046824e-05
59852.3694170147 0.21410675484284053 3.4916982630879635e-05 0.013985969659389018 7.98849623497767e-06 1.1871659761200181e-05 6.7808462062276876e-09 0.09323979772926012 5.325664156651781e-05 0.1208669571135804 6.36825372216725e-05
59852.369619641664 0.2142259257881589 3.492554466025616e-05 0.013977036530137439 7.986784115824638e-06 1.1864077085585955e-05 6.779392914353728e-09 0.0931802435342496 5.324522743883092e-05 0.12104568225390931 6.367768773148394e-05
59852.369822268636 0.2143025342829034 3.5222509591211563e-05 0.01399635221583274 8.073710434488865e-06 1.1880472748826576e-05 6.85317826528809e-09 0.09330901477221827 5.382473622992577e-05 0.12099351951068514 6.43251693516937e-05
59852.3700248956 0.21442806769337863 3.5234429516587514e-05 0.014000648604529549 8.073530747027415e-06 1.1884119636818796e-05 6.853025741833683e-09 0.09333765736353032 5.38235383135161e-05 0.12109041032984831 6.43306948504826e-05
59852.370227522566 0.2145815513778251 3.5239205107297194e-05 0.014026484507831368 8.0769446634263e-06 1.190604983265735e-05 6.85592356407467e-09 0.09350989671887579 5.384629775617534e-05 0.12107165465894933 6.43523531709669e-05
59852.37043014954 0.21457872808201317 3.524195574815838e-05 0.014011506783941871 8.074649342917302e-06 1.1893336345759862e-05 6.853975235514738e-09 0.09341004522627915 5.3830995619448686e-05 0.12116868285573403 6.434105636633778e-05
59852.3706327765 0.2147552637313314 3.525175955283069e-05 0.014026363628968405 8.07731593856291e-06 1.1905947227491719e-05 6.856238712198609e-09 0.09350909085978938 5.3848772923752735e-05 0.121246172871542 6.436129968361792e-05
59852.370835403475 0.2147913769706563 3.5253551247190394e-05 0.014025516022424318 8.076512064671476e-06 1.1905227756711513e-05 6.855556362846907e-09 0.09350344014949545 5.384341376447651e-05 0.12128793682116086 6.435779736248669e-05
59852.37103803044 0.2149509941872827 3.526434513943868e-05 0.014019657985025032 8.076064001791829e-06 1.190025530013064e-05 6.85517603526231e-09 0.09346438656683355 5.3840426678612194e-05 0.12148660762044915 6.436121178977653e-05
59852.371240657405 0.2150712137048702 3.52715464347354e-05 0.01404329081675144 8.079690329547525e-06 1.1920315470736064e-05 6.858254157862792e-09 0.09362193877834295 5.38646021969835e-05 0.12144927492652725 6.438538155308995e-05
59852.37144328438 0.21520846834856194 3.528033683142199e-05 0.014062530696643755 8.081549991216523e-06 1.1936646788012631e-05 6.859832687713989e-09 0.09375020464429171 5.387699994144349e-05 0.12145826370427024 6.440056901634405e-05
59852.37164591134 0.21523773547795086 3.5284135011161427e-05 0.014055533398243872 8.081626742586785e-06 1.1930707296659935e-05 6.859897836300477e-09 0.09370355598829248 5.387751161724524e-05 0.12153417948965838 6.440307788881106e-05
59852.37184853831 0.21541129281787677 3.5307888294034276e-05 0.014063225420206382 8.082640749981199e-06 1.1937236487687695e-05 6.860758552509291e-09 0.09375483613470922 5.388427166654133e-05 0.12165645668316755 6.442174872523743e-05
59852.37205116528 0.2154723713403873 3.5298217343584556e-05 0.014075752601934648 8.08435234153888e-06 1.1947869889794702e-05 6.862211396546408e-09 0.09383835067956432 5.389568227692587e-05 0.12163402066082298 6.442599409966659e-05
59852.372253792244 0.21567406242444787 3.531233438714079e-05 0.014089432148660513 8.086214875771597e-06 1.1959481449691653e-05 6.863792364705419e-09 0.09392954765773677 5.390809917181064e-05 0.1217445147667111 6.444411622628568e-05
59852.372456419216 0.2157180085819157 3.531653394429557e-05 0.01409166231155015 8.090372278841057e-06 1.196137447074651e-05 6.867321278033046e-09 0.09394441541033434 5.393581519227372e-05 0.12177359317158136 6.446960314980763e-05
59852.37265904618 0.215858392531996 3.532196310293067e-05 0.014118655497426889 8.089334369587135e-06 1.1984286998544277e-05 6.866440273295752e-09 0.09412436998284593 5.392889579724757e-05 0.12173402254915008 6.446678896420374e-05
59852.372861673146 0.21592431849342225 3.5329383911440954e-05 0.014080851771534841 8.084338222511476e-06 1.1952198199381554e-05 6.862199411943725e-09 0.09387234514356561 5.389558815007651e-05 0.12205197334985664 6.444299643564575e-05
59852.37306430012 0.21605405771994196 3.53362456322915e-05 0.014106185480536982 8.089509005925081e-06 1.1973702119459114e-05 6.866588509223366e-09 0.09404123653691322 5.393006003950054e-05 0.12201282118302874 6.447558942149946e-05
59852.37326692708 0.2161722063654837 3.53447718436004e-05 0.014117850551643135 8.090535872758653e-06 1.1983603739342115e-05 6.867460140863153e-09 0.09411900367762091 5.393690581839102e-05 0.1220532026878628 6.448598844662421e-05
59852.37346955405 0.21627228237228568 3.5354999849677276e-05 0.014123476789822155 8.091355928059792e-06 1.1988379438633867e-05 6.868156225422007e-09 0.0941565119321477 5.394237285373195e-05 0.12211577044013798 6.449616735482596e-05
59852.37367218102 0.21647139283160416 3.536351912416821e-05 0.014128495568435376 8.090413631681827e-06 1.1992639510231615e-05 6.867356379414483e-09 0.09418997045623584 5.393609087787885e-05 0.12228142237536832 6.449558422118694e-05
59852.373874807985 0.21656754371947284 3.536931635846806e-05 0.014148009088548642 8.093663831447083e-06 1.2009203100541745e-05 6.870115234660758e-09 0.09432006059032429 5.3957758876313886e-05 0.12224748312914856 6.451688370201886e-05
59852.37407743496 0.21667568432758488 3.537761870626763e-05 0.014149176474132483 8.094941828042499e-06 1.2010194008201279e-05 6.8712000318629716e-09 0.09432784316088322 5.396627885361666e-05 0.12234784116670167 6.452856079777675e-05
59852.37428006192 0.2168091960672926 3.538735421564608e-05 0.014183600905505989 8.099125920306742e-06 1.2039414373087791e-05 6.874751599682741e-09 0.09455733937003993 5.399417280204495e-05 0.12225185669725266 6.455722682210485e-05
59852.37448268889 0.21693424915851914 3.539451999463274e-05 0.014163704894165446 8.09640496047837e-06 1.2022526114140273e-05 6.872441977247329e-09 0.09442469929443631 5.3976033069855806e-05 0.12250954986408283 6.454598509286713e-05
59852.37468531586 0.216973041102285 3.54067295596562e-05 0.014176011284328986 8.098207509296597e-06 1.2032972102546379e-05 6.873972028205117e-09 0.09450674189552657 5.3988050061977315e-05 0.12246629920675842 6.456272955510168e-05
59852.374887942824 0.21710690141407024 3.540659172387458e-05 0.014170360540114342 8.097218767907455e-06 1.2028175601885533e-05 6.873132758447669e-09 0.09446907026742896 5.3981458452716366e-05 0.12263783114664129 6.455714208500472e-05
59852.37509056979 0.21729140522788287 3.5418409580149926e-05 0.01419044201198398 8.100394277499557e-06 1.2045221284619474e-05 6.875828214705903e-09 0.09460294674655988 5.400262851666372e-05 0.122688458481323 6.458132565917207e-05
59852.37529319676 0.21729814751958196 3.5424166532015e-05 0.014176347371507613 8.100847804568742e-06 1.2033257382203917e-05 6.876213180438632e-09 0.09450898247671742 5.400565203045828e-05 0.12278916504286454 6.458701127721328e-05
59852.375495823726 0.21752869768567515 3.543704682431641e-05 0.014213153496198044 8.103266311874881e-06 1.206449939116679e-05 6.87826607319957e-09 0.0947543566413203 5.402177541249921e-05 0.12277434104435485 6.460755765657218e-05
59852.37569845069 0.21755954242992975 3.543770523640431e-05 0.01421523435134784 8.10352680540864e-06 1.2066265675875847e-05 6.878487186978456e-09 0.0947682290089856 5.40235120360576e-05 0.12279131342094415 6.460937087708205e-05
59852.37590107766 0.21767314055701908 3.544397925908734e-05 0.0142083769134964 8.102693078139039e-06 1.2060444901843835e-05 6.877779497292336e-09 0.09472251275664267 5.401795385426026e-05 0.12295062780037641 6.460816515208897e-05
59852.37610370463 0.21787400952813604 3.5462030188629666e-05 0.014228668763814935 8.105917184106463e-06 1.2077669159351439e-05 6.880516203435097e-09 0.09485779175876624 5.4039447894043084e-05 0.1230162177693698 6.463603881575882e-05
59852.3763063316 0.21790959543817523 3.5458227895223904e-05 0.014224538748010628 8.106184341059132e-06 1.2074163493056489e-05 6.880742973299624e-09 0.09483025832007085 5.404122894039422e-05 0.12307933711810438 6.463544190966544e-05
59852.376508958565 0.21807854651281544 3.547006232281848e-05 0.0142377151411599 8.107255786150053e-06 1.2085347962932909e-05 6.881652444139472e-09 0.094918100941066 5.4048371907667025e-05 0.12316044557174945 6.464790659452259e-05
59852.37671158553 0.2181914659169372 3.548000102761097e-05 0.014263994994049144 8.11239233402773e-06 1.2107654994885181e-05 6.88601248139366e-09 0.09509329996032763 5.4082615560184864e-05 0.12309816595660956 6.468198960104756e-05
59852.3769142125 0.21829671153784416 3.548282700266049e-05 0.014258096214126412 8.10945792559804e-06 1.2102647954976307e-05 6.883521678158271e-09 0.09505397476084275 5.406305283732027e-05 0.12324273677700141 6.466718405954921e-05
59852.37711683947 0.21841115189997773 3.549462822826062e-05 0.014266427208532023 8.11177479757657e-06 1.21097195226591e-05 6.8854883001737065e-09 0.09510951472354683 5.407849865051047e-05 0.1233016371764309 6.468657240382812e-05
59852.37731946643 0.2184087302338527 3.5495050590449295e-05 0.014260676431333535 8.110680756955732e-06 1.2104838111364384e-05 6.884559649652374e-09 0.09507117620889023 5.407120504637155e-05 0.12333755402496248 6.46807067956536e-05
59852.377522093404 0.21859956752374352 3.550334411930196e-05 0.014281461641840337 8.113267838788073e-06 1.212248114600632e-05 6.88675563291531e-09 0.09520974427893557 5.4088452258587156e-05 0.12338982324480795 6.469967628499415e-05
59852.37772472037 0.2186932661232102 3.551368920820686e-05 0.014294782975930714 8.114530265775243e-06 1.213378864557465e-05 6.88782721422358e-09 0.09529855317287142 5.4096868438501624e-05 0.12339471295033877 6.471238904591347e-05
59852.37792734734 0.21876611379718278 3.5514691165187304e-05 0.014290135090800347 8.11459363687982e-06 1.2129843398143071e-05 6.887881005287807e-09 0.09526756727200231 5.4097290912532135e-05 0.12349854652518047 6.471329208619945e-05
59852.378129974306 0.2188522778223984 3.5521359148175495e-05 0.01429468614922683 8.114608980869386e-06 1.2133706456515737e-05 6.887894029670667e-09 0.09529790766151221 5.409739320579591e-05 0.1235543701608862 6.471703722665435e-05
59852.37833260127 0.2189174677820917 3.553292649012925e-05 0.01429083690526748 8.113866735655864e-06 1.213043911676482e-05 6.887263992365502e-09 0.09527224603511654 5.409244490437243e-05 0.12364522174697516 6.471925108254495e-05
59852.37853522824 0.2191031786494767 3.5537301757443145e-05 0.014312932375904726 8.11815465798046e-06 1.214919433474807e-05 6.890903693877788e-09 0.09541954917269818 5.412103105320307e-05 0.12368362947677852 6.474554670756394e-05
59852.37873785521 0.21915948463818563 3.554068185216565e-05 0.014317539091319238 8.118270587003925e-06 1.2153104636239467e-05 6.89100209748916e-09 0.09545026060879491 5.4121803913359505e-05 0.12370922402939072 6.474804804280198e-05
59852.37894048217 0.2192922277895603 3.5551820496496e-05 0.01433125250431959 8.120503387970532e-06 1.2164744942723024e-05 6.892897357813298e-09 0.0955416833621306 5.413668925313688e-05 0.1237505444274297 6.476660454204604e-05
59852.379143109145 0.2192816459648449 3.555212317105174e-05 0.014317210488376227 8.131054494449887e-06 1.215282570939843e-05 6.901853415153449e-09 0.09544806992250819 5.420702996299925e-05 0.1238335760423367 6.482557797180935e-05
59852.37934573611 0.21940010770612944 3.555689371226831e-05 0.014345796140497927 8.122753310903304e-06 1.2177089964527356e-05 6.894807151713705e-09 0.09563864093665285 5.415168873935536e-05 0.1237614667694766 6.478192713858992e-05
59852.37954836308 0.21939019786529318 3.5555183289041626e-05 0.014327949215760177 8.119767567731576e-06 1.216194102430868e-05 6.892272774195928e-09 0.09551966143840118 5.413178378487718e-05 0.123870536426892 6.47643503360455e-05
59852.37975099005 0.2195871861648459 3.557481777874733e-05 0.014332968272296503 8.121071352272876e-06 1.2166201331814888e-05 6.89337946088646e-09 0.09555312181531002 5.414047568181918e-05 0.12403406434953589 6.478239550251852e-05
