WASP80b/WASP80b_WLP8/Results/ROEBA_Results/50520_radii/WASP80b_WLP8_nrca3_level3_asn_phot.ecsv
# %ECSV 0.9
# ---
# datatype:
# - {name: MJD, datatype: float64}
# - {name: aperture_sum, unit: Jy, datatype: float64}
# - {name: aperture_sum_err, unit: Jy, datatype: float64}
# - {name: annulus_sum, unit: Jy, datatype: float64}
# - {name: annulus_sum_err, unit: Jy, datatype: float64}
# - {name: annulus_mean, unit: Jy, datatype: float64}
# - {name: annulus_mean_err, unit: Jy, datatype: float64}
# - {name: aperture_bkg, unit: Jy, datatype: float64}
# - {name: aperture_bkg_err, unit: Jy, datatype: float64}
# - {name: net_aperture_sum, unit: Jy, datatype: float64}
# - {name: net_aperture_sum_err, unit: Jy, datatype: float64}
# meta: !!omap
# - {instrument: NIRCAM}
# - {detector: NRCA3}
# - {channel: SHORT}
# - {subarray: SUBGRISM256}
# - {filter: F210M}
# - {pupil: WLP8}
# - {target_name: UNKNOWN}
# - {xcenter: 1055.0}
# - {ycenter: 166.0}
# - ra_icrs: !numpy.ndarray
#     buffer: !!binary |
#       aE5BSnpLcnlja0E9
#     dtype: float64
#     order: C
#     shape: !!python/tuple []
# - dec_icrs: !numpy.ndarray
#     buffer: !!binary |
#       aHllR0pMQW5BY0E9
#     dtype: float64
#     order: C
#     shape: !!python/tuple []
# - {apertures: Photometry measured in a circular aperture of r=50.0 pixels.  Background calculated as the mean in a circular annulus
#     with r_inner=5.0 pixels and r_outer=20.0 pixels.}
# - {number_of_integrations: 1227}
# - __serialized_columns__:
#     annulus_mean:
#       __class__: astropy.units.quantity.Quantity
#       unit: &id001 !astropy.units.Unit {unit: Jy}
#       value: !astropy.table.SerializedColumn {name: annulus_mean}
#     annulus_mean_err:
#       __class__: astropy.units.quantity.Quantity
#       unit: *id001
#       value: !astropy.table.SerializedColumn {name: annulus_mean_err}
#     annulus_sum:
#       __class__: astropy.units.quantity.Quantity
#       unit: *id001
#       value: !astropy.table.SerializedColumn {name: annulus_sum}
#     annulus_sum_err:
#       __class__: astropy.units.quantity.Quantity
#       unit: *id001
#       value: !astropy.table.SerializedColumn {name: annulus_sum_err}
#     aperture_bkg:
#       __class__: astropy.units.quantity.Quantity
#       unit: *id001
#       value: !astropy.table.SerializedColumn {name: aperture_bkg}
#     aperture_bkg_err:
#       __class__: astropy.units.quantity.Quantity
#       unit: *id001
#       value: !astropy.table.SerializedColumn {name: aperture_bkg_err}
#     aperture_sum:
#       __class__: astropy.units.quantity.Quantity
#       unit: *id001
#       value: !astropy.table.SerializedColumn {name: aperture_sum}
#     aperture_sum_err:
#       __class__: astropy.units.quantity.Quantity
#       unit: *id001
#       value: !astropy.table.SerializedColumn {name: aperture_sum_err}
#     net_aperture_sum:
#       __class__: astropy.units.quantity.Quantity
#       unit: *id001
#       value: !astropy.table.SerializedColumn {name: net_aperture_sum}
#     net_aperture_sum_err:
#       __class__: astropy.units.quantity.Quantity
#       unit: *id001
#       value: !astropy.table.SerializedColumn {name: net_aperture_sum_err}
# schema: astropy-2.0
MJD aperture_sum aperture_sum_err annulus_sum annulus_sum_err annulus_mean annulus_mean_err aperture_bkg aperture_bkg_err net_aperture_sum net_aperture_sum_err
[from data line 553]
59852.31004731319 0.2135579418026285 3.5009596624799474e-05 0.013952148211544767 8.020083505086327e-06 1.184295122462985e-05 6.807658313836069e-09 0.09301432141029846 5.3467223367242185e-05 0.12054362039233003 6.39094345964173e-05
59852.310249940165 0.2135242792292576 3.500734548098317e-05 0.013955098343590416 8.020733049087534e-06 1.184545537448499e-05 6.8082096639083235e-09 0.09303398895726944 5.347155366058356e-05 0.12049029027198815 6.391182432462385e-05
59852.31045256713 0.21345315608913906 3.500795658019191e-05 0.013932001081252407 8.018113597354703e-06 1.182584980929574e-05 6.80598620422048e-09 0.0928800072083494 5.345409064903136e-05 0.12057314888078967 6.389754949163123e-05
59852.310655194095 0.21350098847101373 3.5006957335556975e-05 0.013945562493664371 8.018731943679376e-06 1.1837361093672657e-05 6.806511072882424e-09 0.09297041662442915 5.345821295786251e-05 0.12053057184658458 6.390045065992638e-05
59852.31085782107 0.21346371335679568 3.500420600300792e-05 0.01393788104662265 8.018699322854052e-06 1.1830840878916451e-05 6.8064833834659004e-09 0.09291920697748433 5.345799548569368e-05 0.12054450637931134 6.389876148447215e-05
59852.31106044803 0.21350408254727113 3.5007432866651234e-05 0.013957607761829704 8.030627871012443e-06 1.1847585434842684e-05 6.816608649616928e-09 0.09305071841219803 5.353751914008295e-05 0.1204533641350731 6.39670720885976e-05
59852.311263075 0.21344698996639389 3.5002061774678635e-05 0.013931199898356398 8.01735939130315e-06 1.1825169744131897e-05 6.805346014240669e-09 0.09287466598904265 5.3449062608687667e-05 0.12057232397735124 6.389011365012456e-05
59852.31146570197 0.21344335578380352 3.500437426917492e-05 0.013928166665260725 8.023324016068354e-06 1.182259505591469e-05 6.810408944987713e-09 0.0928544444350715 5.348882677378903e-05 0.12058891134873202 6.392464945240518e-05
59852.31166832893 0.21348323066950503 3.500515896586225e-05 0.013947085357481213 8.019048339500358e-06 1.183865374062789e-05 6.806779637996466e-09 0.09298056904987476 5.346032226333573e-05 0.12050266161963027 6.39012301190282e-05
59852.311870955906 0.21340382093139654 3.500000610401534e-05 0.013939075488470846 8.018177055128061e-06 1.1831854752646457e-05 6.806040068851454e-09 0.09292716992313897 5.3454513700853746e-05 0.12047665100825757 6.389354789238011e-05
59852.31207358287 0.21345326786535437 3.500186495926792e-05 0.013933331959832108 8.018053190932375e-06 1.182697949412035e-05 6.8059349296567045e-09 0.09288887973221406 5.345368793954917e-05 0.12056438813314031 6.389387533219073e-05
59852.312276209836 0.21339907159679167 3.4998660193867e-05 0.013952124445108788 8.019212515316353e-06 1.1842931051052432e-05 6.8069189947572755e-09 0.09301416296739191 5.3461416768775695e-05 0.12038490862939975 6.389858604296735e-05
59852.31247883681 0.2134337863321888 3.500440047273508e-05 0.013957068473182406 8.020471576742895e-06 1.1847127672421507e-05 6.8079877192889576e-09 0.09304712315454938 5.34698105116193e-05 0.12038666317763941 6.390875283248836e-05
59852.31268146377 0.2133473597452322 3.499787292512256e-05 0.013922127297269118 8.015994105041958e-06 1.1817468681146609e-05 6.804187123268914e-09 0.09281418198179413 5.3439960700279726e-05 0.12053317776343807 6.388020435886588e-05
59852.31288409074 0.2133636711554683 3.499678168589947e-05 0.013933186098722088 8.0170125560518e-06 1.1826855683364807e-05 6.805051611335651e-09 0.09288790732481392 5.344675037367867e-05 0.12047576383065439 6.388528667758194e-05
59852.31308671771 0.2134269361084285 3.500554266103382e-05 0.013937351804345214 8.018697536309915e-06 1.1830391644118866e-05 6.806481867000139e-09 0.09291567869563476 5.345798357539944e-05 0.12051125741279374 6.389948376114736e-05
59852.313289344675 0.2133359508673609 3.500033613930494e-05 0.013931081135812848 8.016789293804227e-06 1.1825068935353976e-05 6.804862100454014e-09 0.09287387423875232 5.344526195869485e-05 0.12046207662860858 6.388598872755942e-05
59852.31349197165 0.2134109755790421 3.4999404913629056e-05 0.013937846374342368 8.01841345244681e-06 1.1830811448170877e-05 6.806240729127787e-09 0.09291897582894913 5.345608968297873e-05 0.12049199975009296 6.389453707871141e-05
59852.31369459861 0.21335792875413379 3.499838871134558e-05 0.013924497534287419 8.027317255635257e-06 1.1819480600814674e-05 6.8137985120065e-09 0.09282998356191613 5.351544837090171e-05 0.12052794519221766 6.39436504019679e-05
59852.31389722558 0.2133393912510671 3.5002553582903924e-05 0.013933992591096414 8.017697561069736e-06 1.1827540255353819e-05 6.805633061653771e-09 0.09289328394064277 5.345131707379825e-05 0.12044610731042434 6.389226912739737e-05
59852.31409985255 0.21329540785164075 3.499734817461823e-05 0.013927810505531756 8.017418286910813e-06 1.1822292738147247e-05 6.805396006385128e-09 0.09285207003687837 5.344945524607209e-05 0.12044333781476238 6.388785992156349e-05
59852.31430247951 0.21341192635059247 3.499982500817406e-05 0.01395313160214966 8.020052576575522e-06 1.1843785952500564e-05 6.807632060900724e-09 0.09302087734766441 5.346701717717014e-05 0.12039104900292806 6.39039097115866e-05
59852.31450510648 0.21333205518678988 3.4999901189473396e-05 0.013929606452475853 8.016956925976915e-06 1.1823817185260227e-05 6.805004391061505e-09 0.09286404301650569 5.3446379506512766e-05 0.12046801217028419 6.38866853548303e-05
59852.31470773345 0.21332826862597126 3.499555115308596e-05 0.013932013013382986 8.0169015733865e-06 1.1825859937602744e-05 6.804957406323491e-09 0.09288008675588658 5.344601048924333e-05 0.12044818187008469 6.38839935956149e-05
59852.314910360416 0.21332561274073264 3.49936692316969e-05 0.013933636698329057 8.017803637707314e-06 1.182723816419043e-05 6.805723102300262e-09 0.09289091132219372 5.34520242513821e-05 0.12043470141853892 6.388799404322968e-05
59852.31511298739 0.2133242864578761 3.4999649739932546e-05 0.013924729494059394 8.015727749014624e-06 1.1819677494384317e-05 6.803961033250927e-09 0.09283152996039597 5.3438184993430824e-05 0.12049275649748013 6.387969237018988e-05
59852.31531561435 0.21327737836247718 3.4990740692696605e-05 0.013928590108198373 8.017022228306033e-06 1.1822954485443458e-05 6.8050598214000355e-09 0.09285726738798915 5.3446814855373555e-05 0.12042011097448803 6.388203153006417e-05
59852.31551824132 0.2133442978703529 3.4999132994883574e-05 0.013947305455124572 8.018913814429927e-06 1.1838840565310042e-05 6.806665449570178e-09 0.09298203636749715 5.345942542953285e-05 0.12036226150285574 6.389717894906888e-05
59852.31572086829 0.21329570804784273 3.499125763946737e-05 0.013946422294502516 8.019517630419904e-06 1.1838090915291138e-05 6.807177984500966e-09 0.09297614863001678 5.346345086946603e-05 0.12031955941782595 6.389623377057049e-05
59852.315923495255 0.21330247082993595 3.500203082657266e-05 0.013918828889093316 8.016286160244198e-06 1.1814668905330537e-05 6.804435027424073e-09 0.09279219259395545 5.344190773496133e-05 0.1205102782359805 6.388411120408941e-05
59852.31612612222 0.21334834696343405 3.499792853294033e-05 0.013928677320982618 8.017437954218534e-06 1.1823028513953929e-05 6.805412700514414e-09 0.09285784880655078 5.3449586361456896e-05 0.12049049815688327 6.388828753228277e-05
59852.31632874919 0.21323090568228154 3.498886197740341e-05 0.013918069514127046 8.015363466970897e-06 1.1814024327839645e-05 6.803651821048587e-09 0.09278713009418031 5.3435756446472646e-05 0.12044377558810122 6.387175063735555e-05
59852.31653137616 0.21333713014813 3.499569527147993e-05 0.013944923992499938 8.01903650554487e-06 1.183681911705138e-05 6.806769593023067e-09 0.0929661599499996 5.346024337029913e-05 0.1203709701981304 6.38959803801921e-05
59852.31673400312 0.21327673855125154 3.499793995988325e-05 0.013933241204483906 8.017399848968024e-06 1.18269024585882e-05 6.805380355773206e-09 0.09288827469655939 5.3449332326453495e-05 0.12038846385469215 6.388808126387315e-05
59852.31693663009 0.21328215714667914 3.499297460952398e-05 0.013924243779246195 8.017110067524274e-06 1.1819265206845898e-05 6.805134381644198e-09 0.0928282918616413 5.344740045016183e-05 0.12045386528503785 6.388374509139825e-05
59852.31713925706 0.21318374014045002 3.498456929968923e-05 0.013926160945310994 8.016246620964177e-06 1.182089254794425e-05 6.804401465440811e-09 0.09284107296873997 5.344164413976118e-05 0.12034266717171005 6.387432518191975e-05
59852.31734188403 0.2132093554889909 3.500589544796685e-05 0.013923140489382672 8.016216161228454e-06 1.1818328705323537e-05 6.804375610414114e-09 0.09282093659588449 5.344144107485636e-05 0.1203884188931064 6.388583833895686e-05
59852.317544510996 0.2132959790552464 3.500777123773493e-05 0.013924025739912364 8.017475473168087e-06 1.1819080129311137e-05 6.805444547587912e-09 0.09282683826608243 5.344983648778725e-05 0.12046914078916396 6.389388912568067e-05
59852.31774713796 0.2132856454030907 3.4994852132347266e-05 0.013932704780114562 8.016903677756807e-06 1.1826447127441661e-05 6.804959192568486e-09 0.09288469853409709 5.344602451837872e-05 0.12040094686899361 6.388362241282181e-05
59852.31794976493 0.2132580044193636 3.499108855641209e-05 0.0139170997061868 8.015709312292802e-06 1.1813201129292766e-05 6.803945383675395e-09 0.092780664707912 5.343806208195202e-05 0.1204773397114516 6.387489927535879e-05
59852.3181523919 0.21319117816022445 3.4986437132305295e-05 0.013918322400887825 8.015806547898766e-06 1.1814238984789089e-05 6.804027919821175e-09 0.09278881600591884 5.3438710319325114e-05 0.12040236215430561 6.387289365455033e-05
59852.31835501886 0.21325914273463342 3.499420390784656e-05 0.013934114758461697 8.017716691629381e-06 1.1827643954234189e-05 6.805649300177139e-09 0.09289409838974465 5.345144461086254e-05 0.12036504434488877 6.388780195101449e-05
59852.318557645835 0.2132662617817836 3.499159316532642e-05 0.01393078124681507 8.017431345653804e-06 1.1824814381666641e-05 6.805407090990448e-09 0.09287187497876713 5.3449542304358696e-05 0.12039438680301646 6.388478038463582e-05
59852.3187602728 0.21322500946850573 3.498835815812107e-05 0.013925548045796083 8.016302045992041e-06 1.1820372302678026e-05 6.8044485116656404e-09 0.09283698697197389 5.344201363994695e-05 0.12038802249653184 6.387670959350702e-05
59852.31896289977 0.21321219212143466 3.498709057194158e-05 0.013923203741932507 8.015872313973705e-06 1.1818382395755373e-05 6.804083743799383e-09 0.09282135827955004 5.34391487598247e-05 0.12039083384188462 6.387361839495174e-05
59852.31916552674 0.21322357371532005 3.498848797220992e-05 0.013928621105246676 8.01663485289072e-06 1.1822980796555239e-05 6.80473100693508e-09 0.09285747403497785 5.3444232352604806e-05 0.1203660996803422 6.387863697935866e-05
59852.3193681537 0.2132722285344051 3.499066205201797e-05 0.013929197191616147 8.016642878419755e-06 1.1823469793853101e-05 6.804737819215702e-09 0.09286131461077432 5.34442858561317e-05 0.12041091392363079 6.387987258527093e-05
59852.31957078067 0.21324144087161384 3.499459308990442e-05 0.013930910328401184 8.016998853672362e-06 1.1824923949519933e-05 6.8050399803947465e-09 0.09287273552267455 5.3446659024482416e-05 0.12036870534893929 6.38840113518811e-05
59852.31977340764 0.21315006998410435 3.498200168462769e-05 0.013929489477320346 8.016772562022055e-06 1.1823717893664398e-05 6.8048478980762044e-09 0.09286326318213564 5.344515041348037e-05 0.12028680680196871 6.38758525937841e-05
59852.3199760346 0.21315748355990005 3.498353802197033e-05 0.013911787545037373 8.014416632061224e-06 1.1808692026863795e-05 6.8028481226157e-09 0.09274525030024916 5.3429444213741494e-05 0.12041223325965089 6.386355331113325e-05
59852.320178661575 0.21318206888884636 3.499460645262389e-05 0.013932416463894495 8.017247762401757e-06 1.1826202397033142e-05 6.805251260686277e-09 0.0928827764259633 5.344831841601172e-05 0.12029929246288305 6.388540695865842e-05
59852.32038128854 0.21320442226246733 3.498522422754067e-05 0.013915413382502753 8.015082340224039e-06 1.181176973329293e-05 6.803413193254465e-09 0.09276942255001835 5.343388226816026e-05 0.12043499971244898 6.386818995790401e-05
59852.32058391551 0.21314738374402517 3.4991138411002295e-05 0.01392308527948041 8.016026061839147e-06 1.1818281841702989e-05 6.80421424904085e-09 0.0928205685298694 5.344017374559431e-05 0.12032681521415577 6.387669322418958e-05
59852.32078654248 0.21313004180300488 3.498113615101925e-05 0.013906719056885293 8.013765785798952e-06 1.1804389760498962e-05 6.802295667149921e-09 0.09271146037923529 5.342510523865968e-05 0.12041858142376959 6.385860753397312e-05
59852.32098916944 0.21322322810014635 3.499429812671207e-05 0.013935386035894665 8.017471251193836e-06 1.1828723048034178e-05 6.8054409638648634e-09 0.0929025735726311 5.344980834129224e-05 0.12032065452751525 6.388648458869902e-05
59852.321191796414 0.21313335346183654 3.498238423911367e-05 0.013911711497299181 8.014256380104499e-06 1.1808627475538758e-05 6.802712096530084e-09 0.09274474331532787 5.342837586736333e-05 0.12038861014650867 6.386202748799352e-05
59852.32139442338 0.2131581131377357 3.498470161488564e-05 0.013934304393791628 8.017129147715811e-06 1.182780492170162e-05 6.805150577413788e-09 0.09289536262527752 5.344752765143874e-05 0.12026275051245817 6.387932027764455e-05
59852.321597050344 0.21317134387169218 3.4989128840024e-05 0.013911321140999106 8.014971826800833e-06 1.1808296130820231e-05 6.8033193865473655e-09 0.09274214093999404 5.3433145512005557e-05 0.12042920293169813 6.386971251141622e-05
59852.32179967732 0.2132031626636082 3.498746159295654e-05 0.0139330774705968 8.01930164373802e-06 1.1826763476948281e-05 6.806994649311293e-09 0.09288718313731201 5.3462010958253474e-05 0.12031597952629619 6.389295019342137e-05
59852.32200230428 0.21317913067679947 3.498881292539389e-05 0.01390803151564133 8.014417905777957e-06 1.1805503810091642e-05 6.802849203780042e-09 0.09272021010427554 5.342945270518639e-05 0.12045892057252393 6.386645008377998e-05
59852.32220493125 0.21315524520996793 3.4982239690246836e-05 0.013932079490810942 8.016367299327654e-06 1.1825916365396148e-05 6.804503900417192e-09 0.09288052993873962 5.3442448662184364e-05 0.12027471527122831 6.387372239627257e-05
59852.32240755822 0.21319690095596358 3.4986210124225264e-05 0.013918569259812368 8.015017381999698e-06 1.181444852515222e-05 6.80335805500114e-09 0.09279046173208245 5.3433449213331316e-05 0.12040643922388113 6.386836770804543e-05
59852.32261018518 0.21309459734636776 3.4978809949810125e-05 0.013917973412011075 8.014978892594282e-06 1.1813942753830053e-05 6.803325384179122e-09 0.09278648941340717 5.3433192617295216e-05 0.1203081079329606 6.386409960832382e-05
59852.322812812155 0.21315122280277637 3.498413096080214e-05 0.013927008443297913 8.0268357315114e-06 1.182161192657827e-05 6.813389781635675e-09 0.09284672295531943 5.3512238210076005e-05 0.12030449984745695 6.393316085830947e-05
59852.32301543912 0.21320147700283812 3.49851374283299e-05 0.013939305106633887 8.018000648832171e-06 1.1832049658596706e-05 6.805890330536875e-09 0.09292870071089258 5.345333765888114e-05 0.12027277629194554 6.388442022710615e-05
59852.323218066085 0.21313338338674728 3.498233295064948e-05 0.013917728047922219 8.014598815790939e-06 1.181373448232286e-05 6.8030027649684195e-09 0.09278485365281479 5.3430658771939595e-05 0.1203485297339325 6.386390933440844e-05
59852.32342069306 0.21317899262526982 3.49855882187544e-05 0.013912865173274756 8.015150498149484e-06 1.1809606746121368e-05 6.8034710474984414e-09 0.09275243448849838 5.34343366543299e-05 0.12042655813677144 6.386876949417853e-05
59852.32362332002 0.21314863788891403 3.498109976393932e-05 0.013946261105446622 8.019179874490061e-06 1.1837954093771043e-05 6.806891288363403e-09 0.09297507403631082 5.346119916326707e-05 0.12017356385260321 6.388878740960094e-05
