HATP14b/Results/ROEBA_Results/50520_radii/HATP14b_WLP8_nrca3_level3_asn_phot.ecsv
# %ECSV 0.9
# ---
# datatype:
# - {name: MJD, datatype: float64}
# - {name: aperture_sum, unit: Jy, datatype: float64}
# - {name: aperture_sum_err, unit: Jy, datatype: float64}
# - {name: annulus_sum, unit: Jy, datatype: float64}
# - {name: annulus_sum_err, unit: Jy, datatype: float64}
# - {name: annulus_mean, unit: Jy, datatype: float64}
# - {name: annulus_mean_err, unit: Jy, datatype: float64}
# - {name: aperture_bkg, unit: Jy, datatype: float64}
# - {name: aperture_bkg_err, unit: Jy, datatype: float64}
# - {name: net_aperture_sum, unit: Jy, datatype: float64}
# - {name: net_aperture_sum_err, unit: Jy, datatype: float64}
# meta: !!omap
# - {instrument: NIRCAM}
# - {detector: NRCA3}
# - {channel: SHORT}
# - {subarray: SUBGRISM128}
# - {filter: F210M}
# - {pupil: WLP8}
# - {target_name: UNKNOWN}
# - {xcenter: 1051.8}
# - {ycenter: 56.2973}
# - ra_icrs: !numpy.ndarray
#     buffer: !!binary |
#       ZllmeEdOeEJjRUE9
#     dtype: float64
#     order: C
#     shape: !!python/tuple []
# - dec_icrs: !numpy.ndarray
#     buffer: !!binary |
#       ZXo0UCtmd2VRMEE9
#     dtype: float64
#     order: C
#     shape: !!python/tuple []
# - {apertures: Photometry measured in a circular aperture of r=50.0 pixels.  Background calculated as the mean in a circular annulus
#     with r_inner=5.0 pixels and r_outer=20.0 pixels.}
# - {number_of_integrations: 669}
# - __serialized_columns__:
#     annulus_mean:
#       __class__: astropy.units.quantity.Quantity
#       unit: &id001 !astropy.units.Unit {unit: Jy}
#       value: !astropy.table.SerializedColumn {name: annulus_mean}
#     annulus_mean_err:
#       __class__: astropy.units.quantity.Quantity
#       unit: *id001
#       value: !astropy.table.SerializedColumn {name: annulus_mean_err}
#     annulus_sum:
#       __class__: astropy.units.quantity.Quantity
#       unit: *id001
#       value: !astropy.table.SerializedColumn {name: annulus_sum}
#     annulus_sum_err:
#       __class__: astropy.units.quantity.Quantity
#       unit: *id001
#       value: !astropy.table.SerializedColumn {name: annulus_sum_err}
#     aperture_bkg:
#       __class__: astropy.units.quantity.Quantity
#       unit: *id001
#       value: !astropy.table.SerializedColumn {name: aperture_bkg}
#     aperture_bkg_err:
#       __class__: astropy.units.quantity.Quantity
#       unit: *id001
#       value: !astropy.table.SerializedColumn {name: aperture_bkg_err}
#     aperture_sum:
#       __class__: astropy.units.quantity.Quantity
#       unit: *id001
#       value: !astropy.table.SerializedColumn {name: aperture_sum}
#     aperture_sum_err:
#       __class__: astropy.units.quantity.Quantity
#       unit: *id001
#       value: !astropy.table.SerializedColumn {name: aperture_sum_err}
#     net_aperture_sum:
#       __class__: astropy.units.quantity.Quantity
#       unit: *id001
#       value: !astropy.table.SerializedColumn {name: net_aperture_sum}
#     net_aperture_sum_err:
#       __class__: astropy.units.quantity.Quantity
#       unit: *id001
#       value: !astropy.table.SerializedColumn {name: net_aperture_sum_err}
# schema: astropy-2.0
MJD aperture_sum aperture_sum_err annulus_sum annulus_sum_err annulus_mean annulus_mean_err aperture_bkg aperture_bkg_err net_aperture_sum net_aperture_sum_err
[from data line 139]
59650.46375227384 0.13967937081172696 2.1367787538231372e-05 0.009266897017296735 4.821794874492011e-06 7.865986492940355e-06 4.092866607203033e-09 0.0617793134486449 3.214529916328008e-05 0.07790005736308206 3.8599256502888375e-05
59650.46407304664 0.1396596009029952 2.1378932937191612e-05 0.009263961325418242 4.821521938447875e-06 7.863494600279785e-06 4.092634931893314e-09 0.06175974216945495 3.21434795896525e-05 0.07789985873354024 3.860391241394249e-05
59650.46439381944 0.13966922261391262 2.136701214730723e-05 0.009266441221490685 4.821934191569048e-06 7.865599601443964e-06 4.09298486321086e-09 0.06177627480993791 3.2146227943793656e-05 0.07789294780397471 3.859960076370628e-05
59650.46471459224 0.13968095366674882 2.136881737550409e-05 0.009257520667531643 4.8216340528972705e-06 7.858027600069565e-06 4.092730097593652e-09 0.06171680445021095 3.214422701931513e-05 0.07796414921653787 3.859893375077755e-05
59650.46503536504 0.1396854804702979 2.1369435874182835e-05 0.009269557440882703 4.8241241935158305e-06 7.868244730617289e-06 4.094843794598653e-09 0.06179704960588469 3.2160827956772204e-05 0.07788843086441322 3.86131019790681e-05
59650.46535613784 0.1396608277516181 2.1366682207182427e-05 0.00926488003631248 4.822018709784481e-06 7.864274426306935e-06 4.0930566045002865e-09 0.06176586690874988 3.214679139856321e-05 0.0778949608428682 3.859988738021736e-05
59650.46567691065 0.13971835147620248 2.1369984564783836e-05 0.009270272161058952 4.822598110794901e-06 7.868851403945169e-06 4.09354841535277e-09 0.06180181440705968 3.2150654071966004e-05 0.07791653706914281 3.860493229568371e-05
59650.46599768345 0.13966853633274287 2.1367074969939884e-05 0.009268566527332753 4.8216109541568e-06 7.867403617072482e-06 4.092710490773785e-09 0.06179044351555169 3.2144073027712e-05 0.07787809281719119 3.8597840918656496e-05
59650.46631845625 0.13970242747117315 2.137006628426507e-05 0.009264314908474696 4.822046135825402e-06 7.863794730899668e-06 4.093079884446858e-09 0.0617620993898313 3.214697423883602e-05 0.07794032808134185 3.860191297988054e-05
59650.46663922905 0.13969758724140863 2.136830852806742e-05 0.009262079186411986 4.822019220659983e-06 7.86189699107215e-06 4.093057038144881e-09 0.06174719457607991 3.2146794804399894e-05 0.07795039266532872 3.8600790478264446e-05
59650.46696000185 0.13967521889246176 2.136792437190506e-05 0.0092673315724543 4.82226543127546e-06 7.866355354814341e-06 4.093266028206187e-09 0.06178221048302866 3.2148436208503066e-05 0.0778930084094331 3.860194480354125e-05
59650.467280774654 0.13968427268793035 2.136723219873303e-05 0.009269142240846791 4.822237121619964e-06 7.867892297880823e-06 4.09324199822427e-09 0.061794281605645277 3.214824747746643e-05 0.07788999108228507 3.8601404478425395e-05
59650.467601547454 0.13967041108710063 2.136856003472348e-05 0.009263587833786828 4.822313385161722e-06 7.863177570736622e-06 4.093306732729061e-09 0.06175725222524552 3.2148755901078145e-05 0.0779131588618551 3.8602562919379954e-05
59650.467922320255 0.13971746784447284 2.1370328912805985e-05 0.009274041816538837 4.823421961113332e-06 7.872051186896513e-06 4.09424772122235e-09 0.06182694544359225 3.215614640742221e-05 0.0778905224008806 3.860969709305013e-05
59650.468243093055 0.1397011024340675 2.1368555064164932e-05 0.00927175942712091 4.822732046089899e-06 7.870113834587589e-06 4.093662103162122e-09 0.061811729514139414 3.215154697393266e-05 0.07788937291992809 3.860488464362052e-05
59650.468563865856 0.13969102288627205 2.136848225221783e-05 0.009271970147607552 4.823148659434842e-06 7.870292699691906e-06 4.094015735552553e-09 0.06181313431738368 3.2154324396232286e-05 0.07787788856888837 3.860715751180715e-05
59650.468884638656 0.1396700966412714 2.1367536818144397e-05 0.009268223417096143 4.823123013633584e-06 7.867112376058179e-06 4.09399396672034e-09 0.06178815611397429 3.215415342422389e-05 0.0778819405272971 3.860649183885121e-05
59650.46920541146 0.13967492417694194 2.1367406828088643e-05 0.009265498395539928 4.82223029806585e-06 7.864799305921092e-06 4.093236206211647e-09 0.06176998930359952 3.214820198710567e-05 0.07790493487334242 3.8601463256731524e-05
59650.46952618426 0.13968748689331056 2.136885775021008e-05 0.009276068560720553 4.824620851432451e-06 7.87377154078933e-06 4.0952653709317515e-09 0.061840457071470366 3.216413900954967e-05 0.07784702982184019 3.8615539874179516e-05
59650.46984695706 0.13967659070523353 2.1368008163487108e-05 0.00926348513045566 4.821461887760334e-06 7.863090393441543e-06 4.092583959286604e-09 0.061756567536371064 3.214307925173556e-05 0.07792002316886246 3.859752992949426e-05
59650.47016772986 0.13969124603792565 2.1368857044969305e-05 0.009267756946597643 4.822530372696513e-06 7.866716423601417e-06 4.0934909174690685e-09 0.06178504631065095 3.215020248464342e-05 0.0779061997272747 3.860393206931007e-05
59650.47048850266 0.13965342381765738 2.1366243774879126e-05 0.009267199852889471 4.822176375014299e-06 7.866243547775172e-06 4.093190434903909e-09 0.06178133235259648 3.214784250009533e-05 0.07787209146506091 3.8600520080155614e-05
59650.470809275466 0.1396581657899674 2.1367369012523457e-05 0.009264817396850334 4.821787770514462e-06 7.86422125628009e-06 4.092860577159606e-09 0.06176544931233556 3.214525180342975e-05 0.07789271647763184 3.8598985375567206e-05
59650.47113004827 0.1396282976019563 2.1365639208385827e-05 0.009258802897546027 4.82067486323891e-06 7.859115990709407e-06 4.091915912124368e-09 0.061725352650306854 3.2137832421592736e-05 0.07790294495164946 3.85918490298313e-05
59650.47145082107 0.1396938168833378 2.136906219123363e-05 0.0092782153207062 4.823684603290724e-06 7.875593767260516e-06 4.0944706588265974e-09 0.061854768804708006 3.2157897355271494e-05 0.07783904807862979 3.8610454299904165e-05
59650.47177159387 0.1397122943353509 2.1371551546672472e-05 0.00927527000810882 4.824752480951985e-06 7.873093708280121e-06 4.095377101538102e-09 0.061835133387392126 3.2165016539679905e-05 0.07787716094795877 3.861776151604285e-05
59650.47209236667 0.1397025870477629 2.136963281238006e-05 0.009266019609246046 4.822103411123789e-06 7.865241725855685e-06 4.093128501230086e-09 0.06177346406164031 3.21473560741586e-05 0.07792912298612259 3.8601990999101226e-05
59650.47241313947 0.13963627305390827 2.1365022961004185e-05 0.009261746955677684 4.821092909687813e-06 7.861614984866222e-06 4.092270760971221e-09 0.061744979704517894 3.214061939791875e-05 0.07789129334939038 3.859382879951285e-05
59650.47273391227 0.1396678056193389 2.13665871731489e-05 0.009265582777475587 4.821626485176485e-06 7.864870931532654e-06 4.09272367391274e-09 0.06177055184983724 3.2144176567843235e-05 0.07789725376950166 3.8597657113514714e-05
59650.47305468507 0.1396734945961291 2.1367628900458925e-05 0.009275585378374692 4.823126658004551e-06 7.873361402875951e-06 4.093997060158494e-09 0.061837235855831285 3.215417772003034e-05 0.07783625874029781 3.860656303893191e-05
59650.47337545787 0.1396498470809041 2.1366455430010384e-05 0.00927194542735978 4.822391447582679e-06 7.870271716493893e-06 4.093372994169941e-09 0.06181296951573187 3.214927631721786e-05 0.07783687756517224 3.860183137318028e-05
59650.47369623067 0.13965363332154498 2.136794216077261e-05 0.009273515803256444 4.823161378778969e-06 7.871604692955047e-06 4.09402653206717e-09 0.06182343868837629 3.2154409191859796e-05 0.0778301946331687 3.860692920530823e-05
59650.47401700347 0.13967936891694954 2.136794544169862e-05 0.009273447960524202 4.8234651399798786e-06 7.871547106255373e-06 4.094284372582605e-09 0.061822986403494685 3.215643426653252e-05 0.07785638251345486 3.860861765379895e-05
59650.47433777627 0.13967161931664165 2.136923037786474e-05 0.009261776874574608 4.821158511614005e-06 7.861640380814689e-06 4.092326445615648e-09 0.061745179163830724 3.2141056744093375e-05 0.07792644015281093 3.859652232480651e-05
59650.47465854907 0.13967345794980351 2.1367588744517877e-05 0.009266322040503074 4.822975135923777e-06 7.865498437479692e-06 4.093868444221733e-09 0.06177548027002049 3.215316757282518e-05 0.07789797767978301 3.860569949788533e-05
59650.47497932187 0.1396591672199598 2.1367218389368676e-05 0.0092671655623968 4.822538690186466e-06 7.866214441100987e-06 4.0934979775738165e-09 0.061781103749312005 3.2150257934576444e-05 0.0778780634706478 3.8603071211482264e-05
59650.47530009467 0.13966073849657046 2.1366530066941862e-05 0.009262774324180526 4.820985998066227e-06 7.862487042336112e-06 4.092180011568292e-09 0.06175182882787018 3.213990665377485e-05 0.07790890966870029 3.859406958089405e-05
59650.47562086747 0.13968832647825974 2.13678102871798e-05 0.009270474757870285 4.824132718533398e-06 7.86902337345972e-06 4.094851030858311e-09 0.06180316505246857 3.216088479022265e-05 0.07788516142579116 3.861224970082527e-05
59650.47594164028 0.13969089747976687 2.1368689526973113e-05 0.009264624213150167 4.821736435666668e-06 7.864057276862455e-06 4.09281700278745e-09 0.06176416142100111 3.214490957111112e-05 0.07792673605876577 3.859943138745805e-05
59650.47626241308 0.13965330168218804 2.1365704701656566e-05 0.009267534410141316 4.82183255061624e-06 7.866527528790523e-06 4.09289858769054e-09 0.061783562734275446 3.21455503374416e-05 0.07786973894791259 3.8598312707881174e-05
59650.47658318588 0.1396886206321212 2.13681431295331e-05 0.009268561906879524 4.822540239311354e-06 7.867399695109973e-06 4.093499292511861e-09 0.06179041271253017 3.2150268262075696e-05 0.07789820791959104 3.860359167393164e-05
59650.47690395868 0.13969651297896374 2.1368521919815403e-05 0.009273816707933355 4.823079936909582e-06 7.871860108777606e-06 4.093957402061369e-09 0.0618254447195557 3.2153866246063875e-05 0.07787106825940804 3.860679789373106e-05
59650.47722473148 0.13967040483265022 2.136674894418487e-05 0.009269885018831019 4.821800935015629e-06 7.868522787415808e-06 4.092871751535255e-09 0.06179923345887346 3.2145339566770865e-05 0.07787117137377676 3.8598715215753354e-05
59650.47754550428 0.13963652831344459 2.1365168513776026e-05 0.009262297950705801 4.821459721543796e-06 7.862082683972057e-06 4.092582120544898e-09 0.06174865300470535 3.2143064810291974e-05 0.07788787530873924 3.859594591431432e-05
59650.477866277084 0.13968656993191914 2.1368708851059118e-05 0.009270252757035736 4.8225032125247574e-06 7.868834933298712e-06 4.093467863199255e-09 0.06180168504690491 3.2150021416831716e-05 0.07788488488501422 3.8603699240669547e-05
59650.478187049885 0.13967189698290808 2.136823850763943e-05 0.009269505991448341 4.822777157112699e-06 7.868201058981033e-06 4.093700394587544e-09 0.06179670660965561 3.215184771408466e-05 0.07787519037325247 3.860495989311549e-05
59650.478507822685 0.1397052292040949 2.1370400034386415e-05 0.009267743134291732 4.82316397560898e-06 7.866704699352024e-06 4.094028736324944e-09 0.061784954228611556 3.215442650405987e-05 0.07792027497548334 3.8608304047635797e-05
59650.478828595486 0.13969025951468467 2.1368253777265406e-05 0.00926625835625027 4.822031324179226e-06 7.865444380606994e-06 4.093067311931101e-09 0.06177505570833513 3.214687549452817e-05 0.07791520380634953 3.8600827368727644e-05
59650.479149368286 0.13966509789206333 2.1366481006049215e-05 0.009276453482937723 4.823208405114358e-06 7.874098272915028e-06 4.09406644926041e-09 0.061843023219584826 3.2154722700762384e-05 0.07782207467247851 3.860638162978739e-05
59650.47947014109 0.1396511034949901 2.1366818331540276e-05 0.00926732468727353 4.822148149592078e-06 7.866349510491389e-06 4.093166476421417e-09 0.061782164581823534 3.214765433061386e-05 0.07786893891316657 3.8600681400380507e-05
59650.47979091389 0.1396602313516565 2.1365444157857144e-05 0.009274609319417277 4.823543720507931e-06 7.872532898300901e-06 4.094351073806447e-09 0.06183072879611518 3.2156958136719536e-05 0.07782950255554133 3.860766971301486e-05
59650.48011168669 0.13969287747834006 2.1369165043528172e-05 0.009270903307052283 4.82221458311284e-06 7.86938713730331e-06 4.093222866945237e-09 0.06180602204701523 3.214809722075227e-05 0.07788685543132483 3.8602349275303e-05
59650.48043245949 0.13966425352769263 2.136717365982298e-05 0.009265864515233292 4.822079906555257e-06 7.86511007796889e-06 4.0931085499326606e-09 0.06177243010155528 3.2147199377035046e-05 0.07789182342613735 3.860049919360986e-05
59650.48075323229 0.1396914985460761 2.136846211745662e-05 0.009268124516629589 4.822232175150652e-06 7.867028426734839e-06 4.0932377995307135e-09 0.0617874967775306 3.214821450100435e-05 0.0779040017685455 3.860205783203488e-05
59650.481074005096 0.1396571881313116 2.1366154282643225e-05 0.009273756935304812 4.8228635715272265e-06 7.871809372194704e-06 4.093773745420751e-09 0.061825046235365416 3.215242381018151e-05 0.07783214189594617 3.860428610529199e-05
59650.4813947779 0.13967221804682287 2.136818274804001e-05 0.009266275187392379 4.8217614971802e-06 7.865458667324138e-06 4.092838275660836e-09 0.06177516791594919 3.2145076647868e-05 0.07789705013087367 3.859928997599494e-05
59650.4817155507 0.13964272966569402 2.136628418282904e-05 0.0092628125188755 4.821715910112404e-06 7.862519463000139e-06 4.092799580155872e-09 0.06175208345917 3.21447727340827e-05 0.07789064620652403 3.8597985878893174e-05
59650.4820363235 0.13964718142106883 2.136764142376559e-05 0.009265758130262296 4.8217226243835245e-06 7.865019775600867e-06 4.0928052794062085e-09 0.06177172086841532 3.2144817495890164e-05 0.07787546055265351 3.8598774486487386e-05
59650.4823570963 0.13966361670031335 2.1366749412753145e-05 0.009256701209312119 4.821139970723703e-06 7.857332022329328e-06 4.092310707619162e-09 0.06171134139541412 3.214093313815802e-05 0.07795227530489923 3.859504584087097e-05
59650.4826778691 0.13968030191390454 2.136772204218516e-05 0.009270523768407028 4.821983180087066e-06 7.86906497489538e-06 4.093026445956445e-09 0.06180349178938019 3.214655453391377e-05 0.07787681012452435 3.8600265720250914e-05
59650.4829986419 0.13967207220297764 2.1366934697351394e-05 0.009272827829585521 4.823269589291817e-06 7.87102072276601e-06 4.094118384003246e-09 0.061818852197236804 3.215513059527878e-05 0.07785322000574084 3.8606972452658244e-05
59650.4833194147 0.1396790492318473 2.1369312222309128e-05 0.009272829377518714 4.823427180968321e-06 7.871022036692513e-06 4.094252151972876e-09 0.06181886251679143 3.215618120645547e-05 0.07786018671505586 3.860916335064683e-05
59650.4836401875 0.13968399826985198 2.136814491537345e-05 0.009273687966346048 4.823119165885345e-06 7.871750829524266e-06 4.093990700650196e-09 0.061824586442306984 3.2154127772568964e-05 0.077859411827545 3.860680704149323e-05
59650.4839609603 0.13965527272601375 2.1366321272263145e-05 0.009263537279168515 4.8218645769386605e-06 7.86313465864382e-06 4.0929257724773255e-09 0.06175691519445678 3.214576384625774e-05 0.07789835753155697 3.859883182129915e-05
59650.4842817331 0.13969074713487367 2.1368028872056756e-05 0.009270557611947427 4.823450178921632e-06 7.869093702184694e-06 4.094271673241945e-09 0.06180371741298286 3.2156334526144214e-05 0.07788702972189082 3.860858075654097e-05
59650.4846025059 0.13964654770636598 2.136532515799386e-05 0.009269354532765641 4.822509500671982e-06 7.868072496858228e-06 4.093473200744394e-09 0.06179569688510427 3.2150063337813214e-05 0.0778508508212617 3.860186124699438e-05
59650.4849232787 0.13966053685430208 2.136665464296974e-05 0.009260055255601557 4.821974381295441e-06 7.860179025243051e-06 4.09301897731015e-09 0.06173370170401038 3.214649587530294e-05 0.0779268351502917 3.8599626004571715e-05
59650.4852440515 0.13965436982426555 2.1366166248589536e-05 0.00925524850055583 4.820169367906985e-06 7.856098924839002e-06 4.0914868343601774e-09 0.0617016566703722 3.213446245271323e-05 0.07795271315389335 3.8589334501740284e-05
