HATP14b/Results/ROEBA_Results/50520_radii/HATP14b_WLP8_nrca3_level3_asn_phot.ecsv
# %ECSV 0.9
# ---
# datatype:
# - {name: MJD, datatype: float64}
# - {name: aperture_sum, unit: Jy, datatype: float64}
# - {name: aperture_sum_err, unit: Jy, datatype: float64}
# - {name: annulus_sum, unit: Jy, datatype: float64}
# - {name: annulus_sum_err, unit: Jy, datatype: float64}
# - {name: annulus_mean, unit: Jy, datatype: float64}
# - {name: annulus_mean_err, unit: Jy, datatype: float64}
# - {name: aperture_bkg, unit: Jy, datatype: float64}
# - {name: aperture_bkg_err, unit: Jy, datatype: float64}
# - {name: net_aperture_sum, unit: Jy, datatype: float64}
# - {name: net_aperture_sum_err, unit: Jy, datatype: float64}
# meta: !!omap
# - {instrument: NIRCAM}
# - {detector: NRCA3}
# - {channel: SHORT}
# - {subarray: SUBGRISM128}
# - {filter: F210M}
# - {pupil: WLP8}
# - {target_name: UNKNOWN}
# - {xcenter: 1051.8}
# - {ycenter: 56.2973}
# - ra_icrs: !numpy.ndarray
#     buffer: !!binary |
#       ZllmeEdOeEJjRUE9
#     dtype: float64
#     order: C
#     shape: !!python/tuple []
# - dec_icrs: !numpy.ndarray
#     buffer: !!binary |
#       ZXo0UCtmd2VRMEE9
#     dtype: float64
#     order: C
#     shape: !!python/tuple []
# - {apertures: Photometry measured in a circular aperture of r=50.0 pixels.  Background calculated as the mean in a circular annulus
#     with r_inner=5.0 pixels and r_outer=20.0 pixels.}
# - {number_of_integrations: 669}
# - __serialized_columns__:
#     annulus_mean:
#       __class__: astropy.units.quantity.Quantity
#       unit: &id001 !astropy.units.Unit {unit: Jy}
#       value: !astropy.table.SerializedColumn {name: annulus_mean}
#     annulus_mean_err:
#       __class__: astropy.units.quantity.Quantity
#       unit: *id001
#       value: !astropy.table.SerializedColumn {name: annulus_mean_err}
#     annulus_sum:
#       __class__: astropy.units.quantity.Quantity
#       unit: *id001
#       value: !astropy.table.SerializedColumn {name: annulus_sum}
#     annulus_sum_err:
#       __class__: astropy.units.quantity.Quantity
#       unit: *id001
#       value: !astropy.table.SerializedColumn {name: annulus_sum_err}
#     aperture_bkg:
#       __class__: astropy.units.quantity.Quantity
#       unit: *id001
#       value: !astropy.table.SerializedColumn {name: aperture_bkg}
#     aperture_bkg_err:
#       __class__: astropy.units.quantity.Quantity
#       unit: *id001
#       value: !astropy.table.SerializedColumn {name: aperture_bkg_err}
#     aperture_sum:
#       __class__: astropy.units.quantity.Quantity
#       unit: *id001
#       value: !astropy.table.SerializedColumn {name: aperture_sum}
#     aperture_sum_err:
#       __class__: astropy.units.quantity.Quantity
#       unit: *id001
#       value: !astropy.table.SerializedColumn {name: aperture_sum_err}
#     net_aperture_sum:
#       __class__: astropy.units.quantity.Quantity
#       unit: *id001
#       value: !astropy.table.SerializedColumn {name: net_aperture_sum}
#     net_aperture_sum_err:
#       __class__: astropy.units.quantity.Quantity
#       unit: *id001
#       value: !astropy.table.SerializedColumn {name: net_aperture_sum_err}
# schema: astropy-2.0
MJD aperture_sum aperture_sum_err annulus_sum annulus_sum_err annulus_mean annulus_mean_err aperture_bkg aperture_bkg_err net_aperture_sum net_aperture_sum_err
[from data line 346]
59650.530152243635 0.13881081560191927 2.1279499669504077e-05 0.00921181409159392 4.806136174918318e-06 7.819230653444001e-06 4.0795750901921304e-09 0.06141209394395948 3.2040907832788786e-05 0.07739872165795979 3.846344863547326e-05
59650.530473016435 0.13882933898462413 2.1279523699353676e-05 0.009219527616171726 4.8075048547219916e-06 7.8257780964585e-06 4.080736861692209e-09 0.061463517441144845 3.2050032364813276e-05 0.07736582154347929 3.8471063196341916e-05
59650.530793789236 0.1388160406483697 2.127860177905769e-05 0.009207957999477098 4.804779993650531e-06 7.81595750079648e-06 4.078423927778814e-09 0.06138638666318066 3.203186662433688e-05 0.07742965398518903 3.84554205946447e-05
59650.531114562036 0.13880789793360518 2.1278390434144384e-05 0.009216346144300662 4.80589657143702e-06 7.823077579260698e-06 4.079371708440501e-09 0.06144230762867108 3.2039310476246806e-05 0.07736559030493409 3.846150432915002e-05
59650.53143533484 0.13879193638016724 2.1278052088992044e-05 0.009207173842335778 4.805247872201666e-06 7.815291887542071e-06 4.0788210754277724e-09 0.061381158948905196 3.203498581467777e-05 0.07741077743126204 3.8457714659720286e-05
59650.53175610764 0.13881775315878014 2.1278919102189747e-05 0.009212556978786788 4.805218961289127e-06 7.819861235678157e-06 4.078796535083026e-09 0.06141704652524525 3.2034793075260844e-05 0.07740070663353489 3.8458033823016955e-05
59650.53207688044 0.1387798757659398 2.127648024559298e-05 0.009213223126178846 4.804819016350443e-06 7.820426679146286e-06 4.07845705127526e-09 0.06142148750785898 3.2032126775669614e-05 0.07735838825808083 3.845446342641747e-05
59650.53239765324 0.13882894281226932 2.1297269914755205e-05 0.009219956492134794 4.806783682850567e-06 7.826142137682476e-06 4.080124711995376e-09 0.06146637661423197 3.204522455233711e-05 0.07736256619803736 3.847687776355621e-05
59650.53271842604 0.1387914958661094 2.127697617865847e-05 0.009211743492641145 4.805217303910118e-06 7.819170727191672e-06 4.07879512825603e-09 0.0614116232842743 3.203478202606746e-05 0.0773798725818351 3.845694962896634e-05
59650.53303919884 0.13878057148062825 2.1276192704538146e-05 0.009208559429268633 4.804742371359147e-06 7.816468010259122e-06 4.078391992986044e-09 0.061390396195124215 3.2031615809060976e-05 0.07739017528550404 3.845387870345366e-05
59650.53335997165 0.13880928947359092 2.128000401685962e-05 0.009211014359934884 4.804965962929033e-06 7.81855182012836e-06 4.0785817834051434e-09 0.0614067623995659 3.203310641952689e-05 0.07740252707402502 3.8457229201312675e-05
59650.53368074445 0.13880091193470065 2.127797912969813e-05 0.009211260192722871 4.805509163866217e-06 7.818760489479731e-06 4.079042866681116e-09 0.06140840128481915 3.2036727759108113e-05 0.07739251064988151 3.845912533268376e-05
59650.53400151725 0.13881752092307148 2.1279781433645972e-05 0.009207213895939946 4.804441690339643e-06 7.815325886097227e-06 4.078136767009788e-09 0.061381425972932974 3.202961126893095e-05 0.0774360949501385 3.845419477641642e-05
59650.53432229005 0.13881160029264666 2.1278202582625393e-05 0.009226010747667455 4.807554442196563e-06 7.831281149387886e-06 4.080778952847908e-09 0.061506738317783034 3.205036294797709e-05 0.07730486197486364 3.847060787463994e-05
59650.53464306285 0.13880830668338046 2.1278796523875552e-05 0.009214060525206924 4.805119879331581e-06 7.8211374855178e-06 4.078712431705348e-09 0.06142707016804617 3.203413252887721e-05 0.0773812365153343 3.8457415778782735e-05
59650.53496383565 0.13880124781353764 2.127812738968403e-05 0.009209298602387762 4.804530289660287e-06 7.817095439889576e-06 4.078211972448909e-09 0.061395324015918414 3.203020193106858e-05 0.07740592379761924 3.845377147896746e-05
59650.53528460845 0.13878904466853947 2.1276890986863517e-05 0.009212131492199672 4.805296387864756e-06 7.819500071445844e-06 4.0788622568016295e-09 0.061414209947997817 3.203530925243171e-05 0.07737483472054166 3.845734167835591e-05
59650.53560538125 0.13879363965429373 2.1278165240475408e-05 0.009212007351425949 4.80564203428046e-06 7.819394697484365e-06 4.07915565059161e-09 0.061413382342839655 3.203761356186974e-05 0.07738025731145406 3.845996618226121e-05
59650.53592615405 0.1387876612598516 2.127747221535983e-05 0.009210824013024503 4.80649363479623e-06 7.818390248652682e-06 4.079878511560273e-09 0.061405493420163354 3.204329089864153e-05 0.07738216783968824 3.846431223212463e-05
59650.53624692685 0.13881007064907447 2.1278506383056528e-05 0.009220091255150047 4.806128026088183e-06 7.8262565280826e-06 4.079568173250283e-09 0.06146727503433365 3.2040853507254556e-05 0.07734279561474082 3.846285386404816e-05
59650.53656769965 0.13883040556713352 2.128145169257947e-05 0.009216594913853926 4.80594654976256e-06 7.823288741415859e-06 4.079414131360805e-09 0.061443966092359505 3.203964366508373e-05 0.07738643947477403 3.84634755622673e-05
59650.53688847245 0.13880170972444622 2.127818211824721e-05 0.009204091902684279 4.803448651222665e-06 7.81267585591622e-06 4.077293849227652e-09 0.06136061268456186 3.20229910081511e-05 0.07744109703988436 3.8447795611262574e-05
59650.53720924525 0.13878453104469235 2.127611435029116e-05 0.00921186181181119 4.805304489689335e-06 7.819271159622473e-06 4.078869133843922e-09 0.06141241207874126 3.203536326459557e-05 0.07737211896595109 3.8456956995337846e-05
59650.53753001805 0.13882252474948908 2.1279404938829675e-05 0.009210715285947885 4.804728362155223e-06 7.81829795824366e-06 4.078380101604427e-09 0.0614047685729859 3.203152241436816e-05 0.07741775617650318 3.845557830449125e-05
59650.53785079085 0.13876905681416463 2.1275905974732564e-05 0.009200510464707592 4.804379262603255e-06 7.809635836943597e-06 4.07808377670135e-09 0.06133673643138395 3.20291950840217e-05 0.07743232038278067 3.845170363944855e-05
59650.538171563654 0.13884028949696078 2.127986862296323e-05 0.009216079371071419 4.806048247443498e-06 7.822851135110732e-06 4.079500455033457e-09 0.061440529140476124 3.204032164962332e-05 0.07739976035648466 3.84631644566837e-05
59650.53849233646 0.1388313058104691 2.1279209033496276e-05 0.009212865203174114 4.8046025989825345e-06 7.820122864663887e-06 4.078273350507935e-09 0.06141910135449409 3.20306839932169e-05 0.077412204455975 3.8454771539622374e-05
59650.53881310926 0.13881900376924117 2.128056928196407e-05 0.009220628937576027 4.806575531015758e-06 7.826712927100778e-06 4.0799480272304515e-09 0.06147085958384018 3.204383687343839e-05 0.07734814418540098 3.846648035024783e-05
59650.53913388206 0.13880632959154887 2.1278986600084705e-05 0.00921019013113263 4.805138563619449e-06 7.817852192991733e-06 4.078728291421468e-09 0.06140126754088421 3.203425709079633e-05 0.07740506205066466 3.8457624706757686e-05
59650.53945465486 0.13882879121313096 2.127890607480579e-05 0.009219864763490609 4.8063441118195e-06 7.826064275991035e-06 4.079751592515727e-09 0.061465765089937396 3.204229407879667e-05 0.07736302612319357 3.846427502985718e-05
59650.539775427664 0.13881066646575901 2.1278485039369212e-05 0.009209955022717695 4.806852263650427e-06 7.817652626770935e-06 4.080182925186304e-09 0.0613997001514513 3.204568175766951e-05 0.07741096631430772 3.846686424553595e-05
59650.540096200464 0.1388180781254587 2.1279239117448848e-05 0.009210797808180932 4.805354650532273e-06 7.818368005290616e-06 4.078911711689805e-09 0.061405318721206206 3.203569767021515e-05 0.0774127594042525 3.845896439888877e-05
59650.540416973265 0.13879500351843788 2.1277138694652293e-05 0.009210596558523788 4.804939124322289e-06 7.818197179276056e-06 4.078559002088188e-09 0.06140397705682525 3.203292749548193e-05 0.07739102646161262 3.845549473043185e-05
59650.540737746065 0.1387924585853108 2.127782850634882e-05 0.009208577783365642 4.804664107571743e-06 7.816483589700537e-06 4.078325560620015e-09 0.061390518555770955 3.203109405047829e-05 0.07740194002953985 3.845434919506734e-05
59650.541058518866 0.13883055513626946 2.127967787441659e-05 0.009217851704150895 4.806643571606424e-06 7.824355538152885e-06 4.080005781877574e-09 0.06145234469433929 3.204429047737617e-05 0.07737821044193016 3.846636508220391e-05
59650.541379291666 0.13878723829701034 2.127633396619274e-05 0.009215523791625591 4.805635226439991e-06 7.822379544630285e-06 4.079149871917143e-09 0.06143682527750394 3.2037568176266606e-05 0.0773504130195064 3.845891524328134e-05
59650.54170006447 0.13880852153040307 2.127801631235383e-05 0.009213180433950382 4.804882224970542e-06 7.820390440857262e-06 4.078510704418379e-09 0.06142120289300255 3.203254816647028e-05 0.07738731863740053 3.8455664345139505e-05
59650.54202083727 0.13881920590956354 2.1279083074428637e-05 0.009208356541075758 4.804773089579913e-06 7.816295793412238e-06 4.07841806742166e-09 0.06138904360717173 3.203182059719942e-05 0.0774301623023918 3.845564857416404e-05
59650.54234161007 0.13879645154917342 2.1283892842040555e-05 0.009208129949382776 4.808179998988525e-06 7.816103456409563e-06 4.081309941944577e-09 0.06138753299588518 3.205453332659017e-05 0.07740891855328824 3.847722964685666e-05
59650.54266238287 0.13886197390893695 2.128836876403931e-05 0.009219091499035725 4.808585261448388e-06 7.825407908736037e-06 4.081653939404506e-09 0.0614606099935715 3.2057235076322586e-05 0.07740136391536545 3.8481956361031485e-05
59650.54298315567 0.13878190607640162 2.1283580628548557e-05 0.009209984550554174 4.807367227289982e-06 7.817677690776987e-06 4.080620039899626e-09 0.0613998970036945 3.2049114848599887e-05 0.07738200907270712 3.847254302682204e-05
59650.54330392847 0.1388203597393864 2.128600582236158e-05 0.00921108550287807 4.807162072969573e-06 7.818612208134087e-06 4.080445899503947e-09 0.0614072366858538 3.204774715313049e-05 0.0774131230535326 3.8472745437005065e-05
59650.54362470128 0.13877939113746868 2.1284095979948332e-05 0.009208119485082291 4.80687795172615e-06 7.816094574035438e-06 4.080204729902197e-09 0.06138746323388194 3.204585301150767e-05 0.07739192790358673 3.847011095537428e-05
59650.54394547408 0.13880202645867115 2.1284787602098284e-05 0.009206785861073423 4.8066880800990826e-06 7.814962558818172e-06 4.0800435618595265e-09 0.061378572407156155 3.204458720066055e-05 0.07742345405151499 3.846943919694144e-05
59650.54426624688 0.1388004627263141 2.128465752502839e-05 0.009206437038833634 4.806590833250301e-06 7.814666469304985e-06 4.079961016170546e-09 0.061376246925557564 3.204393888833534e-05 0.07742421580075654 3.846882719081929e-05
59650.54458701968 0.13879186567757743 2.1284858747732763e-05 0.009210250375256034 4.807427531527925e-06 7.817903329791904e-06 4.080671227726602e-09 0.061401669168373564 3.204951687685283e-05 0.07739019650920387 3.847358501557413e-05
59650.54490779248 0.13879378403842338 2.1284119143795752e-05 0.00921406804017592 4.808051912000185e-06 7.821143864421602e-06 4.0812012183320966e-09 0.061427120267839475 3.205367941333457e-05 0.0773666637705839 3.8476643456259557e-05
59650.54522856528 0.13880122777758824 2.1285170633623696e-05 0.009206127712833842 4.807387971181941e-06 7.81440390524155e-06 4.080637647861995e-09 0.06137418475222561 3.2049253141212945e-05 0.07742704302536263 3.8473537864511816e-05
59650.54554933808 0.13880265845506998 2.128509278873051e-05 0.009213567601406718 4.807988447875489e-06 7.820719078801157e-06 4.0811473483099394e-09 0.061423784009378125 3.205325631916993e-05 0.07737887444569186 3.8476829595059866e-05
59650.54587011088 0.13883759603845813 2.1286149472590442e-05 0.009211764013114633 4.807243998282351e-06 7.819188145510555e-06 4.0805154398692424e-09 0.0614117600874309 3.2048293321882336e-05 0.07742583595102723 3.847327987337277e-05
59650.54619088368 0.13881324537302983 2.1286226006469743e-05 0.009215362724111664 4.807884921677012e-06 7.822242826278217e-06 4.081059472543395e-09 0.06143575149407777 3.2052566144513415e-05 0.07737749387895207 3.8476881553043206e-05
59650.54651165648 0.13881613702111617 2.1286475534875463e-05 0.00920432204624383 4.805925480131814e-06 7.812871207836877e-06 4.0793962469027655e-09 0.06136214697495887 3.2039503200878755e-05 0.0774539900461573 3.84661384344201e-05
59650.54683242928 0.1387948438907121 2.1284227155993456e-05 0.009210771247005336 4.8074259083055556e-06 7.818345459464534e-06 4.080669849892661e-09 0.061405141646702244 3.204950605537037e-05 0.07738970224400984 3.8473226587084574e-05
59650.54715320208 0.13879616666541697 2.128298223356853e-05 0.009206780931612348 4.806166240088711e-06 7.814958374561655e-06 4.079600610301372e-09 0.06137853954408231 3.204110826725807e-05 0.07741762712133465 3.846554239509105e-05
59650.54747397488 0.1387961268292659 2.128431212463919e-05 0.00920833946681794 4.8067818126618e-06 7.81628130033207e-06 4.080123124529847e-09 0.06138892977878627 3.2045212084412e-05 0.07740719705047963 3.846969664754334e-05
59650.54779474768 0.13883571971674283 2.128790863798177e-05 0.009208906592075045 4.806725035312757e-06 7.816762691201513e-06 4.080074930419149e-09 0.06139271061383364 3.2044833568751716e-05 0.07744300910290919 3.847137133802298e-05
59650.54811552048 0.1388259898931101 2.1286472170715896e-05 0.009217971722215616 4.8085657334971365e-06 7.824457412650276e-06 4.081637363564665e-09 0.06145314481477077 3.205710488998091e-05 0.07737284507833933 3.8480798736537425e-05
59650.548436293284 0.13878376081596172 2.128359844812523e-05 0.009211838196575527 4.807399729617744e-06 7.81925111438787e-06 4.0806476287322936e-09 0.06141225464383684 3.204933153078496e-05 0.07737150617212488 3.8472733389651506e-05
59650.548757066084 0.13882068242685944 2.1286091413937854e-05 0.009215980170376871 4.808123625491283e-06 7.822766930945956e-06 4.081262090633934e-09 0.061439867802512475 3.205415750327522e-05 0.07738081462434696 3.847813276300312e-05
59650.54907783889 0.13879256634010206 2.1284062152810867e-05 0.00920577061327912 4.806492706154041e-06 7.814100789725231e-06 4.079877723304301e-09 0.061371804088527465 3.20432847076936e-05 0.0774207622515746 3.84679528514714e-05
59650.54939861169 0.13883173947812463 2.128646585642462e-05 0.00921388941483969 4.807540948365604e-06 7.820992242527081e-06 4.080767498928449e-09 0.0614259294322646 3.2050272989104026e-05 0.07740581004586003 3.847510399378827e-05
59650.54971938449 0.13882460897850923 2.1286952951876127e-05 0.009215197138100518 4.80830344022616e-06 7.822102272506586e-06 4.081414722121382e-09 0.06143464758733679 3.20553562681744e-05 0.07738996139117243 3.847960799507937e-05
59650.55004015729 0.13883324606143665 2.128617172571926e-05 0.00920864340708864 4.806980958279038e-06 7.816539292846665e-06 4.080292164579865e-09 0.0613909560472576 3.204653972186025e-05 0.07744229001417906 3.84718314469376e-05
59650.550360930094 0.13881180861624215 2.128501472135886e-05 0.009207197028739449 4.806861990811397e-06 7.815311568772773e-06 4.080191181856974e-09 0.06138131352492966 3.2045746605409314e-05 0.07743049509131249 3.847053063302566e-05
59650.550681702895 0.13881185345188424 2.1284647496560036e-05 0.009210579777185842 4.807216771263344e-06 7.818182934833999e-06 4.080492328857719e-09 0.06140386518123895 3.204811180842229e-05 0.0774079882706453 3.847229768986973e-05
59650.551002475695 0.13881052265312321 2.128562767714373e-05 0.009207709609461705 4.806973436655538e-06 7.81574666080307e-06 4.0802857800275455e-09 0.06138473072974471 3.204648957770359e-05 0.0774257919233785 3.8471488661914974e-05
59650.551323248495 0.1388389166671276 2.1288120045533017e-05 0.009218285052409758 4.807989749518255e-06 7.824723375579438e-06 4.081148453178635e-09 0.06145523368273172 3.205326499678837e-05 0.07738368298439588 3.847851156200514e-05
59650.551644021296 0.13882795723875996 2.1286858778348204e-05 0.009220604405778356 4.810175104959087e-06 7.82669210386418e-06 4.0830034404896815e-09 0.06147069603852238 3.206783403306058e-05 0.07735726120023759 3.848995110702608e-05
