HATP14b/Results/ROEBA_Results/50520_radii/HATP14b_WLP8_nrca3_level3_asn_phot.ecsv
# %ECSV 0.9
# ---
# datatype:
# - {name: MJD, datatype: float64}
# - {name: aperture_sum, unit: Jy, datatype: float64}
# - {name: aperture_sum_err, unit: Jy, datatype: float64}
# - {name: annulus_sum, unit: Jy, datatype: float64}
# - {name: annulus_sum_err, unit: Jy, datatype: float64}
# - {name: annulus_mean, unit: Jy, datatype: float64}
# - {name: annulus_mean_err, unit: Jy, datatype: float64}
# - {name: aperture_bkg, unit: Jy, datatype: float64}
# - {name: aperture_bkg_err, unit: Jy, datatype: float64}
# - {name: net_aperture_sum, unit: Jy, datatype: float64}
# - {name: net_aperture_sum_err, unit: Jy, datatype: float64}
# meta: !!omap
# - {instrument: NIRCAM}
# - {detector: NRCA3}
# - {channel: SHORT}
# - {subarray: SUBGRISM128}
# - {filter: F210M}
# - {pupil: WLP8}
# - {target_name: UNKNOWN}
# - {xcenter: 1051.8}
# - {ycenter: 56.2973}
# - ra_icrs: !numpy.ndarray
#     buffer: !!binary |
#       ZllmeEdOeEJjRUE9
#     dtype: float64
#     order: C
#     shape: !!python/tuple []
# - dec_icrs: !numpy.ndarray
#     buffer: !!binary |
#       ZXo0UCtmd2VRMEE9
#     dtype: float64
#     order: C
#     shape: !!python/tuple []
# - {apertures: Photometry measured in a circular aperture of r=50.0 pixels.  Background calculated as the mean in a circular annulus
#     with r_inner=5.0 pixels and r_outer=20.0 pixels.}
# - {number_of_integrations: 669}
# - __serialized_columns__:
#     annulus_mean:
#       __class__: astropy.units.quantity.Quantity
#       unit: &id001 !astropy.units.Unit {unit: Jy}
#       value: !astropy.table.SerializedColumn {name: annulus_mean}
#     annulus_mean_err:
#       __class__: astropy.units.quantity.Quantity
#       unit: *id001
#       value: !astropy.table.SerializedColumn {name: annulus_mean_err}
#     annulus_sum:
#       __class__: astropy.units.quantity.Quantity
#       unit: *id001
#       value: !astropy.table.SerializedColumn {name: annulus_sum}
#     annulus_sum_err:
#       __class__: astropy.units.quantity.Quantity
#       unit: *id001
#       value: !astropy.table.SerializedColumn {name: annulus_sum_err}
#     aperture_bkg:
#       __class__: astropy.units.quantity.Quantity
#       unit: *id001
#       value: !astropy.table.SerializedColumn {name: aperture_bkg}
#     aperture_bkg_err:
#       __class__: astropy.units.quantity.Quantity
#       unit: *id001
#       value: !astropy.table.SerializedColumn {name: aperture_bkg_err}
#     aperture_sum:
#       __class__: astropy.units.quantity.Quantity
#       unit: *id001
#       value: !astropy.table.SerializedColumn {name: aperture_sum}
#     aperture_sum_err:
#       __class__: astropy.units.quantity.Quantity
#       unit: *id001
#       value: !astropy.table.SerializedColumn {name: aperture_sum_err}
#     net_aperture_sum:
#       __class__: astropy.units.quantity.Quantity
#       unit: *id001
#       value: !astropy.table.SerializedColumn {name: net_aperture_sum}
#     net_aperture_sum_err:
#       __class__: astropy.units.quantity.Quantity
#       unit: *id001
#       value: !astropy.table.SerializedColumn {name: net_aperture_sum_err}
# schema: astropy-2.0
MJD aperture_sum aperture_sum_err annulus_sum annulus_sum_err annulus_mean annulus_mean_err aperture_bkg aperture_bkg_err net_aperture_sum net_aperture_sum_err
[from data line 415]
59650.5522855669 0.13880639740207995 2.1285138245814695e-05 0.009209298636714741 4.806487019856842e-06 7.817095469027222e-06 4.07987289662533e-09 0.061395324244764946 3.2043246799045615e-05 0.077411073157315 3.8468516680111156e-05
59650.5526063397 0.13883714434508354 2.128725459907966e-05 0.009209438284850453 4.807401801816203e-06 7.817214006046379e-06 4.080649387668976e-09 0.061396255232336355 3.2049345345441355e-05 0.07744088911274719 3.8474767646308164e-05
59650.5529271125 0.13885713612947903 2.1288304028543918e-05 0.009208995645361557 4.807000161781443e-06 7.81683828197883e-06 4.080308465018972e-09 0.061393304302410384 3.204666774520962e-05 0.07746383182706865 3.847311791346755e-05
59650.5532478853 0.13881333658054612 2.128625803317702e-05 0.009208470669323732 4.807445385421675e-06 7.816392668477899e-06 4.0806863825823014e-09 0.06138980446215822 3.2049635902811166e-05 0.0774235321183879 3.847445831402641e-05
59650.5535686581 0.13880945145502324 2.1286105089149045e-05 0.009206876558712305 4.806601133745401e-06 7.815039545365132e-06 4.079969759502341e-09 0.06137917705808204 3.204400755830267e-05 0.0774302743969412 3.8469685341354895e-05
59650.5538894309 0.13884835305643425 2.1287908581367533e-05 0.009214502660660345 4.807545470799937e-06 7.821512781746749e-06 4.080771337689937e-09 0.06143001773773563 3.205030313866625e-05 0.07741833531869863 3.8475927318897214e-05
59650.55421020371 0.13883633729264866 2.1287820821969193e-05 0.009214665866741559 4.8087360164233e-06 7.821651315371111e-06 4.081781904201588e-09 0.06143110577827706 3.2058240109488665e-05 0.07740523151437159 3.848249048938872e-05
59650.55453097651 0.13884865299233096 2.1287531550550755e-05 0.00921663883166519 4.808364159226732e-06 7.823326020011873e-06 4.081466262009811e-09 0.061444258877767936 3.2055761061511545e-05 0.07740439411456301 3.848026528947551e-05
59650.55485174931 0.13887977118799488 2.1290254669380498e-05 0.009211805977856534 4.8072258200787025e-06 7.819223766289802e-06 4.0805000097307514e-09 0.061412039852376886 3.204817213385802e-05 0.07746773133561799 3.847545036784458e-05
59650.55517252211 0.13885358253668884 2.1287873943483043e-05 0.009215185813906922 4.80798451390006e-06 7.82209266023252e-06 4.081144009047883e-09 0.061434572092712816 3.205323009266707e-05 0.07741901044397602 3.847834633150289e-05
59650.55549329491 0.13883881407912463 2.128736959587116e-05 0.009210933943209695 4.80734113696668e-06 7.81848356029198e-06 4.080597893745383e-09 0.061406226288064636 3.20489409131112e-05 0.07743258779105999 3.8474494382165866e-05
59650.55581406771 0.13887019232086445 2.1290040139420123e-05 0.009220166730880486 4.80813671642176e-06 7.826320593872377e-06 4.081273202560842e-09 0.06146777820586991 3.205424477614507e-05 0.07740241411499454 3.8480390035798016e-05
59650.55613484051 0.13886282840416903 2.128978506289304e-05 0.009208431422436662 4.806996362048324e-06 7.816359354685482e-06 4.0803052397053275e-09 0.06138954281624442 3.204664241365549e-05 0.0774732855879246 3.847391633318457e-05
59650.55645561331 0.13884171804889767 2.1288045486352718e-05 0.009209585148925215 4.8064341532354124e-06 7.817338668144838e-06 4.079828022043329e-09 0.0613972343261681 3.204289435490275e-05 0.07744448372272957 3.846983180712492e-05
59650.55677638611 0.13886934852915775 2.1289498516914644e-05 0.009208878922119378 4.808817038004559e-06 7.816739204213675e-06 4.081850677455746e-09 0.06139252614746252 3.205878025336373e-05 0.07747682238169523 3.848386854820049e-05
59650.55709715891 0.13886666106537263 2.128913381701653e-05 0.0092140884942504 4.807241081962034e-06 7.821161226379254e-06 4.080512964419674e-09 0.06142725662833601 3.2048273879746893e-05 0.07743940443703662 3.847491491023864e-05
59650.55741793171 0.13884517793926615 2.1287981885528485e-05 0.009212297742388036 4.807352847830238e-06 7.819641188988606e-06 4.0806078342351065e-09 0.0614153182825869 3.2049018985534916e-05 0.07742985965667926 3.8474898189517884e-05
59650.55773870451 0.1388900384458048 2.1290544505874672e-05 0.009219235748599385 4.808330428146064e-06 7.825530351568545e-06 4.0814376301792834e-09 0.06146157165732923 3.205553618764043e-05 0.07742846678847556 3.848174483613958e-05
59650.55805947731 0.13889683694443572 2.129145697857073e-05 0.009222388246864886 4.8098391086836175e-06 7.82820627520611e-06 4.0827182379931405e-09 0.06148258831243258 3.206559405789079e-05 0.07741424863200314 3.849062824319407e-05
59650.55838025011 0.1389181682797917 2.1292983139717015e-05 0.00922141801565782 4.808996218845742e-06 7.827382717379194e-06 4.082002770877514e-09 0.061476120104385475 3.2059974792304946e-05 0.07744204817540623 3.848679143123653e-05
59650.558701022914 0.13889307800436904 2.1291671711427657e-05 0.009219798294318817 4.808402077986866e-06 7.82600785520568e-06 4.081498448453072e-09 0.061465321962125445 3.205601385324577e-05 0.07742775604224358 3.8482766382196245e-05
59650.559021795714 0.1389120300968149 2.1292840727845423e-05 0.009217780242784251 4.80817349813913e-06 7.824294879860931e-06 4.081304423852227e-09 0.06145186828522834 3.2054489987594195e-05 0.07746016181158658 3.848214384134763e-05
59650.55934256852 0.13893306955545337 2.1294781742970074e-05 0.009221122437178715 4.808768095026977e-06 7.827131822573748e-06 4.081809133366082e-09 0.061474149581191434 3.205845396684651e-05 0.07745891997426194 3.848651972087303e-05
59650.55966334132 0.13893198786807429 2.129372812503052e-05 0.009221408833120715 4.809157504968009e-06 7.827374922999618e-06 4.082139674790106e-09 0.06147605888747144 3.2061050033120066e-05 0.07745592898060286 3.8488099286519e-05
59650.55998411412 0.13892769723660622 2.1293025427497477e-05 0.00922609000804565 4.809473373397393e-06 7.831348427686451e-06 4.082407792240257e-09 0.06150726672030433 3.206315582264929e-05 0.0774204305163019 3.848946470352041e-05
59650.56030488692 0.1389469895598662 2.12948401108071e-05 0.009218164924655057 4.808503351724421e-06 7.8246214079743e-06 4.081584412271404e-09 0.06145443283103372 3.2056689011496145e-05 0.07749255672883248 3.848508185939867e-05
59650.560625659724 0.1389783660293579 2.129696907323494e-05 0.009221307725251853 4.80840186840413e-06 7.827289099975006e-06 4.0814982705537205e-09 0.06147538483501236 3.2056012456027535e-05 0.07750298119434554 3.8485696385635506e-05
59650.560946432524 0.13896718975001446 2.1296894247293122e-05 0.009220989181519269 4.810445579478284e-06 7.82701871165697e-06 4.083233026392138e-09 0.06147326121012846 3.206963719652189e-05 0.077493928539886 3.849700422756201e-05
59650.561267205325 0.13894515721156647 2.1294342445368398e-05 0.009224595096912477 4.809003313113576e-06 7.830079507706037e-06 4.0820087926790794e-09 0.06149730064608317 3.2060022087423844e-05 0.07744785656548331 3.848758288625986e-05
59650.561587978125 0.13898422187482226 2.129730403557147e-05 0.009214100083237212 4.807817010407795e-06 7.821171063416782e-06 4.081001827667728e-09 0.06142733388824808 3.2052113402718637e-05 0.07755688798657417 3.848263417132856e-05
59650.561908750926 0.13896650753258039 2.1296141061390966e-05 0.009219771172137885 4.808837787019047e-06 7.82598483318348e-06 4.081868289766252e-09 0.06146514114758591 3.205891858012698e-05 0.07750136638499447 3.8487658861430806e-05
59650.562229523726 0.13899789953868447 2.1297624632270467e-05 0.009232606261789641 4.81036251352983e-06 7.83687959565337e-06 4.083162517825209e-09 0.06155070841193094 3.20690834235322e-05 0.07744719112675352 3.8496946977683334e-05
59650.56255029653 0.13902175092280095 2.1299835383902272e-05 0.009223585357679382 4.809036334071071e-06 7.829222414425074e-06 4.082036821738338e-09 0.06149056905119589 3.2060242227140474e-05 0.07753118187160506 3.849080564296175e-05
59650.56287106933 0.13896244385072645 2.129629304053819e-05 0.009217862383695173 4.809009440202328e-06 7.824364603231616e-06 4.082013993513541e-09 0.061452415891301154 3.2060062934682186e-05 0.0775100279594253 3.848869616711195e-05
59650.56319184213 0.1390215582045432 2.1299676115506173e-05 0.00921938610582582 4.808458338460203e-06 7.825657978746234e-06 4.081546203826044e-09 0.0614625740388388 3.2056388923068026e-05 0.0775589841657044 3.848750801769923e-05
59650.56351261493 0.13903469392774298 2.13020309585308e-05 0.009227478780437847 4.8107601027736546e-06 7.832527254305373e-06 4.083500002057075e-09 0.06151652520291898 3.207173401849103e-05 0.077518168724824 3.850159277109246e-05
59650.56383338773 0.139041815171465 2.1302071189691495e-05 0.009227770507521757 4.810420748093915e-06 7.832774879945042e-06 4.083211948858452e-09 0.06151847005014505 3.206947165395943e-05 0.07752334512131995 3.8499730507300855e-05
59650.56415416053 0.1390005460883853 2.1298651244796743e-05 0.009222041976495067 4.809639563525697e-06 7.827912351787426e-06 4.082548858802457e-09 0.06148027984330045 3.206426375683798e-05 0.07752026624508485 3.849350016711335e-05
59650.56447493334 0.1390436996071716 2.1302318207662734e-05 0.009226529295430915 4.809542319862966e-06 7.831721306400066e-06 4.082466315817881e-09 0.061510195302872765 3.2063615465753104e-05 0.07753350430429884 3.8494989255177105e-05
59650.56479570614 0.13909820323747019 2.130472724823874e-05 0.009239128098174475 4.812577715547471e-06 7.842415502313012e-06 4.085042839697501e-09 0.06159418732116317 3.2083851436983144e-05 0.07750401591630701 3.851317860359298e-05
59650.56511647894 0.13907766906979846 2.1303244631294303e-05 0.009232958766352117 4.810469385127258e-06 7.837178810819133e-06 4.083253233254579e-09 0.061553058442347444 3.2069795900848395e-05 0.07752461062745102 3.8500649876889635e-05
59650.56543725174 0.13909396974050459 2.1304304582638832e-05 0.009233622556559651 4.810970567166841e-06 7.837742253446894e-06 4.083678649782517e-09 0.06155748371039768 3.207313711444561e-05 0.0775364860301069 3.850401950591489e-05
59650.56575802454 0.13914370359896988 2.1308997737366454e-05 0.0092320446709925 4.8102796311621296e-06 7.83640290257945e-06 4.083092165086465e-09 0.06154696447328334 3.2068530874414204e-05 0.07759673912568654 3.850277986086648e-05
59650.56607879734 0.13910678721642344 2.130541514620981e-05 0.009228003311923059 4.809301388837471e-06 7.832972490458327e-06 4.082261807211738e-09 0.06152002207948707 3.2062009258916475e-05 0.07758676513693638 3.849536533494899e-05
59650.56639957014 0.1391297324958284 2.1307252834657722e-05 0.009228826594589526 4.810074418676463e-06 7.833671314489953e-06 4.082917975318581e-09 0.061525510630596844 3.2067162791176416e-05 0.07760422186523157 3.85006747062417e-05
59650.56672034294 0.13917326203115102 2.1310190569277868e-05 0.009237707271839573 4.811271769391749e-06 7.841209467462481e-06 4.083934318171661e-09 0.061584715145597164 3.2075145129278326e-05 0.07758854688555386 3.8508949052956595e-05
59650.56704111574 0.13915128383682712 2.1308572090196372e-05 0.009231226806674354 4.810342108555814e-06 7.835708677784723e-06 4.083145197545325e-09 0.06154151204449569 3.20689473903721e-05 0.07760977179233143 3.85028912063698e-05
59650.56736188854 0.13914907247801772 2.1308866179828655e-05 0.009240785807320594 4.811595230933309e-06 7.843822609538685e-06 4.0842088808556045e-09 0.061605238715470634 3.2077301539555395e-05 0.07754383376254709 3.851001235950734e-05
59650.56768266134 0.13922262023794862 2.131314011354663e-05 0.009239532753192281 4.8118294177946614e-06 7.84275898416011e-06 4.084407664837425e-09 0.061596885021281876 3.207886278529774e-05 0.07762573521666674 3.8513677818375526e-05
59650.56800343414 0.13919821731165682 2.1312362106345585e-05 0.009241513361378566 4.8119193604057055e-06 7.844440176603713e-06 4.084484010496851e-09 0.06161008907585711 3.2079462402704704e-05 0.07758812823579972 3.851374672241769e-05
59650.56832420694 0.1391838590990562 2.1310996349023482e-05 0.00923739252716935 4.8116470575564114e-06 7.840942303888733e-06 4.084252872659607e-09 0.061582616847795674 3.207764705037607e-05 0.07760124225126053 3.851147888197223e-05
59650.56864497974 0.13919362851666378 2.1313032994836827e-05 0.00923766254481608 4.811328460027376e-06 7.841171501985793e-06 4.083982438677725e-09 0.06158441696544053 3.207552306684917e-05 0.07760921155122324 3.8510836857318186e-05
59650.56896575254 0.13923589223047894 2.1314970542565318e-05 0.009234583136373879 4.810401159446336e-06 7.838557618917126e-06 4.083195321497968e-09 0.06156388757582586 3.206934106297557e-05 0.07767200465465308 3.850676051609481e-05
59650.569286525344 0.139215014338472 2.1314139879971653e-05 0.00923721700359445 4.811068682026624e-06 7.840793314851002e-06 4.083761932262119e-09 0.061581446690629676 3.207379121351083e-05 0.07763356764784232 3.851000703234008e-05
59650.569607298145 0.1392413810384027 2.1315903334421207e-05 0.009240664685005728 4.811820666457249e-06 7.84371979772466e-06 4.084400236471517e-09 0.061604431233371525 3.207880444304833e-05 0.07763694980503116 3.851515843739613e-05
59650.56992807095 0.1392725300751357 2.1317862247064987e-05 0.009240839684956419 4.811192337120089e-06 7.843868342296357e-06 4.083866893965391e-09 0.06160559789970946 3.20746155808006e-05 0.07766693217542625 3.8512753932184275e-05
59650.57024884375 0.13927013486800888 2.1317464701018316e-05 0.009235908746360415 4.811606904183682e-06 7.839682831620962e-06 4.0842187894182645e-09 0.061572724975736105 3.207737936122455e-05 0.07769740989227278 3.8514835686564685e-05
59650.57056961655 0.13929553227907454 2.1319236661293065e-05 0.009241828827288889 4.812428080654492e-06 7.844707952385073e-06 4.0849158256554926e-09 0.061612192181925936 3.208285387102995e-05 0.07768334009714861 3.8520375962989816e-05
59650.570890389354 0.13928815264594907 2.1318753734755133e-05 0.009246680716246347 4.812568711355947e-06 7.848826363643272e-06 4.085035196702356e-09 0.061644538108308986 3.2083791409039645e-05 0.07764361453764008 3.852088955335666e-05
59650.571211162154 0.13932908762588425 2.132144645789367e-05 0.009249037421293859 4.813427163612516e-06 7.850826797017785e-06 4.085763873609244e-09 0.0616602494752924 3.208951442408344e-05 0.07766883815059185 3.852714646882488e-05
59650.571531934955 0.13933191658894759 2.1321120998679248e-05 0.009257625103149994 4.814512064917452e-06 7.858116247775674e-06 4.0866847664382965e-09 0.06171750068766662 3.209674709944968e-05 0.07761441590128096 3.8532990735295286e-05
59650.571852707755 0.13935416219553023 2.1322620448357435e-05 0.00925071359440443 4.814062164521903e-06 7.852249576943251e-06 4.08630287912176e-09 0.0616714239626962 3.209374776347936e-05 0.07768273823283403 3.85313221715859e-05
59650.572173480556 0.13935188309035274 2.132412604862379e-05 0.009240845518323583 4.811748419940065e-06 7.843873293812191e-06 4.084338911723084e-09 0.06160563678882388 3.207832279960043e-05 0.07774624630152885 3.8519308734360236e-05
59650.572494253356 0.13933842620639525 2.132215056025749e-05 0.00924897805386804 4.814085405197414e-06 7.850776404381637e-06 4.086322606419832e-09 0.06165985369245361 3.20939027013161e-05 0.07767857251394164 3.8531191197727505e-05
59650.57281502616 0.13936550106005186 2.1325438418406393e-05 0.009247188148818315 4.812897524479695e-06 7.849257085787883e-06 4.085314301950346e-09 0.06164792099212211 3.208598349653131e-05 0.07771758006792975 3.8526415102847586e-05
59650.57313579896 0.1393849514978978 2.1324600379704906e-05 0.009253490671078318 4.813744202438972e-06 7.854606832836556e-06 4.0860329845232836e-09 0.06168993780718879 3.209162801625981e-05 0.07769501369070902 3.8530652344440035e-05
59650.57345657176 0.13940205751761198 2.1327168350290096e-05 0.009250710717472514 4.813339794302205e-06 7.852247134927596e-06 4.085689712235321e-09 0.06167140478315009 3.2088931962014704e-05 0.07773065273446189 3.852982824130448e-05
59650.57377734456 0.1394025744657998 2.1326495118886457e-05 0.009253541632554516 4.81421882823898e-06 7.854650090281059e-06 4.086435859414965e-09 0.06169027755036345 3.2094792188259864e-05 0.07771229691543634 3.853433637242861e-05
