HATP14b/Results/ROEBA_Results/50520_radii/HATP14b_WLP8_nrca3_level3_asn_phot.ecsv
# %ECSV 0.9
# ---
# datatype:
# - {name: MJD, datatype: float64}
# - {name: aperture_sum, unit: Jy, datatype: float64}
# - {name: aperture_sum_err, unit: Jy, datatype: float64}
# - {name: annulus_sum, unit: Jy, datatype: float64}
# - {name: annulus_sum_err, unit: Jy, datatype: float64}
# - {name: annulus_mean, unit: Jy, datatype: float64}
# - {name: annulus_mean_err, unit: Jy, datatype: float64}
# - {name: aperture_bkg, unit: Jy, datatype: float64}
# - {name: aperture_bkg_err, unit: Jy, datatype: float64}
# - {name: net_aperture_sum, unit: Jy, datatype: float64}
# - {name: net_aperture_sum_err, unit: Jy, datatype: float64}
# meta: !!omap
# - {instrument: NIRCAM}
# - {detector: NRCA3}
# - {channel: SHORT}
# - {subarray: SUBGRISM128}
# - {filter: F210M}
# - {pupil: WLP8}
# - {target_name: UNKNOWN}
# - {xcenter: 1051.8}
# - {ycenter: 56.2973}
# - ra_icrs: !numpy.ndarray
#     buffer: !!binary |
#       ZllmeEdOeEJjRUE9
#     dtype: float64
#     order: C
#     shape: !!python/tuple []
# - dec_icrs: !numpy.ndarray
#     buffer: !!binary |
#       ZXo0UCtmd2VRMEE9
#     dtype: float64
#     order: C
#     shape: !!python/tuple []
# - {apertures: Photometry measured in a circular aperture of r=50.0 pixels.  Background calculated as the mean in a circular annulus
#     with r_inner=5.0 pixels and r_outer=20.0 pixels.}
# - {number_of_integrations: 669}
# - __serialized_columns__:
#     annulus_mean:
#       __class__: astropy.units.quantity.Quantity
#       unit: &id001 !astropy.units.Unit {unit: Jy}
#       value: !astropy.table.SerializedColumn {name: annulus_mean}
#     annulus_mean_err:
#       __class__: astropy.units.quantity.Quantity
#       unit: *id001
#       value: !astropy.table.SerializedColumn {name: annulus_mean_err}
#     annulus_sum:
#       __class__: astropy.units.quantity.Quantity
#       unit: *id001
#       value: !astropy.table.SerializedColumn {name: annulus_sum}
#     annulus_sum_err:
#       __class__: astropy.units.quantity.Quantity
#       unit: *id001
#       value: !astropy.table.SerializedColumn {name: annulus_sum_err}
#     aperture_bkg:
#       __class__: astropy.units.quantity.Quantity
#       unit: *id001
#       value: !astropy.table.SerializedColumn {name: aperture_bkg}
#     aperture_bkg_err:
#       __class__: astropy.units.quantity.Quantity
#       unit: *id001
#       value: !astropy.table.SerializedColumn {name: aperture_bkg_err}
#     aperture_sum:
#       __class__: astropy.units.quantity.Quantity
#       unit: *id001
#       value: !astropy.table.SerializedColumn {name: aperture_sum}
#     aperture_sum_err:
#       __class__: astropy.units.quantity.Quantity
#       unit: *id001
#       value: !astropy.table.SerializedColumn {name: aperture_sum_err}
#     net_aperture_sum:
#       __class__: astropy.units.quantity.Quantity
#       unit: *id001
#       value: !astropy.table.SerializedColumn {name: net_aperture_sum}
#     net_aperture_sum_err:
#       __class__: astropy.units.quantity.Quantity
#       unit: *id001
#       value: !astropy.table.SerializedColumn {name: net_aperture_sum_err}
# schema: astropy-2.0
MJD aperture_sum aperture_sum_err annulus_sum annulus_sum_err annulus_mean annulus_mean_err aperture_bkg aperture_bkg_err net_aperture_sum net_aperture_sum_err
59650.41916485452 0.13969578527135734 2.1370532389611292e-05 0.009265501157167332 4.823421749506485e-06 7.864801650063239e-06 4.09424754160488e-09 0.06177000771444889 3.2156144996709906e-05 0.07792577755690845 3.8609808542193744e-05
59650.41948562732 0.13965706125506944 2.1369059172359305e-05 0.009268748913838455 4.8224418697626786e-06 7.867558431546806e-06 4.093415793845613e-09 0.0617916594255897 3.214961246508453e-05 0.07786540182947974 3.8603552577022126e-05
59650.41980640012 0.13964417661416428 2.136555933822082e-05 0.009266037259830245 4.822054072200333e-06 7.865256708136878e-06 4.093086621051126e-09 0.06177358173220164 3.214702714800222e-05 0.07787059488196264 3.859946217616803e-05
59650.42012717292 0.13964779914842218 2.136737829545705e-05 0.009265270062880035 4.823040898154424e-06 7.864605491139806e-06 4.093924264936806e-09 0.061768467085866904 3.2153605987696155e-05 0.07787933206255528 3.860594815871227e-05
59650.42044794572 0.13967183050625046 2.136902130523914e-05 0.00927094643464862 4.824087153631439e-06 7.86942374514406e-06 4.094812354168294e-09 0.06180630956432414 3.21605810242096e-05 0.07786552094192631 3.861266687705622e-05
59650.42076871852 0.1396827501439738 2.1370175534016627e-05 0.009279453972016995 4.825134076171641e-06 7.876645167147878e-06 4.095701009620601e-09 0.061863026480113305 3.216756050781095e-05 0.0778197236638605 3.8619118987599414e-05
59650.42108949132 0.13964510652334572 2.136655305566855e-05 0.00927039728772737 4.822916062914761e-06 7.868957614760056e-06 4.093818301494329e-09 0.061802648584849136 3.215277375276507e-05 0.07784245793849659 3.860479827012696e-05
59650.42141026412 0.13970071597604947 2.1371236545393254e-05 0.009271939777394714 4.824027307162549e-06 7.870266920654595e-06 4.094761554907758e-09 0.0618129318492981 3.216018204775033e-05 0.07788778412675137 3.8613560582049345e-05
59650.42173103692 0.1396922647950284 2.1370742668568072e-05 0.009271313267410776 4.823361008987466e-06 7.869735122463447e-06 4.094195983451025e-09 0.06180875511607184 3.2155740059916445e-05 0.07788350967895655 3.860958768242768e-05
59650.42205180972 0.13966116889674826 2.136804965975637e-05 0.00926864880013344 4.823054122622517e-06 7.867473452394676e-06 4.093935490213962e-09 0.061790992000889604 3.215369415081678e-05 0.07787017689585865 3.8606393172712774e-05
59650.42237258252 0.13966103746588884 2.1367298184178806e-05 0.009274352971447755 4.823643864690212e-06 7.87231530338623e-06 4.0944360788284845e-09 0.061829019809651706 3.2157625764601416e-05 0.07783201765623714 3.8609251825278453e-05
59650.42269335532 0.13965908683821832 2.136813464015836e-05 0.009265245582455388 4.82214769814623e-06 7.864584711509983e-06 4.09316609322228e-09 0.06176830388303592 3.214765132097487e-05 0.0778907829551824 3.8601407532043605e-05
59650.42301412812 0.1396948981739025 2.1371596843130585e-05 0.009261981048968715 4.8215806547352035e-06 7.861813689423088e-06 4.092684771825946e-09 0.0617465403264581 3.2143871031568027e-05 0.07794835784744439 3.860017612031566e-05
59650.42333490092 0.1396914130339003 2.136958253748407e-05 0.009274027483455988 4.823852321474565e-06 7.872039020597925e-06 4.094613022442622e-09 0.06182684988970658 3.21590154764971e-05 0.07786456314419374 3.861167354886245e-05
59650.42365567372 0.1397034869272214 2.1371833568580608e-05 0.009270226027190121 4.822928993499946e-06 7.868812244301071e-06 4.093829277315925e-09 0.061801506847934146 3.215285995666631e-05 0.07790198007928725 3.86077929112259e-05
59650.42397644653 0.13969297642330097 2.1370888198630405e-05 0.009265067743006568 4.822599764166644e-06 7.864433756697416e-06 4.093549818778294e-09 0.06176711828671046 3.21506650944443e-05 0.07792585813659052 3.8605441694319195e-05
59650.42429721933 0.13967401124068035 2.1368715086136497e-05 0.009271072043552027 4.822619029369409e-06 7.869530365292718e-06 4.093566171590293e-09 0.06180714695701351 3.21507935291294e-05 0.07786686428366685 3.860434572668194e-05
59650.42461799213 0.13968441766962475 2.136942684586227e-05 0.009261542540711109 4.821836452788729e-06 7.86144147205357e-06 4.0929018999574225e-09 0.061743616938074064 3.214557635192486e-05 0.07794080073155069 3.860039485184174e-05
59650.42493876493 0.13969931778361577 2.1370841781872272e-05 0.009269091633067715 4.822272083995956e-06 7.867849340663761e-06 4.09327167521073e-09 0.061793944220451424 3.214848055997304e-05 0.07790537356316435 3.860359673373431e-05
59650.42525953773 0.13967806397255852 2.1369108447324846e-05 0.009276742264630017 4.8246494646297845e-06 7.874343398428643e-06 4.095289658567982e-09 0.06184494843086678 3.2164329764198565e-05 0.07783311554169176 3.8615837489476256e-05
59650.42558031053 0.13963623248025497 2.1366249949417207e-05 0.00926702578291099 4.822741702804462e-06 7.866095792588402e-06 4.093670300036025e-09 0.061780171886073265 3.215161135202975e-05 0.07785606059418171 3.860366238367726e-05
59650.425901083334 0.13971140224467987 2.1370726557099464e-05 0.009269514418194763 4.8234577260212925e-06 7.868208211825551e-06 4.094278079419102e-09 0.06179676278796509 3.215638484014195e-05 0.07791463945671478 3.861011576731708e-05
59650.426221856134 0.1397170144183385 2.137188681810074e-05 0.009270443942219361 4.823320701343986e-06 7.868997216322818e-06 4.0941617692606015e-09 0.06180295961479575 3.215547134229324e-05 0.07791405480354276 3.86099971951663e-05
59650.426542628935 0.13969081945080208 2.137062235961381e-05 0.009268214581055471 4.822783823997447e-06 7.867104875793911e-06 4.093706053615078e-09 0.061788097207036485 3.215189215998298e-05 0.0779027222437656 3.860631644568543e-05
59650.426863401735 0.13964478159432286 2.136889719286703e-05 0.009254817122805145 4.821809731805646e-06 7.855732760031741e-06 4.092879218482532e-09 0.06169878081870097 3.214539821203764e-05 0.07794600077562189 3.859995328300014e-05
59650.427184174536 0.13968904548751576 2.1369824880117206e-05 0.00927285665879269 4.82349073153986e-06 7.871045193757085e-06 4.094306095373392e-09 0.061819044391951274 3.21566048769324e-05 0.0778700010955645 3.86097999556852e-05
59650.427504947336 0.13967979682666842 2.1368802852033884e-05 0.009270123435270054 4.823601451100291e-06 7.868725161574672e-06 4.094400077055204e-09 0.06180082290180037 3.215734300733528e-05 0.07787897392486806 3.860984906238959e-05
59650.42782572014 0.13972901090368356 2.1372989297750014e-05 0.009266247741214238 4.8222260937144e-06 7.865435370284564e-06 4.093232637447296e-09 0.06177498494142825 3.2148173958096e-05 0.07795402596225531 3.8604530308782915e-05
59650.42814649294 0.1396723123986292 2.1369004132007184e-05 0.009267051582387255 4.823483022073955e-06 7.866117691864012e-06 4.094299551375487e-09 0.0617803438825817 3.215655348049304e-05 0.07789196851604752 3.8609302885930864e-05
59650.42846726574 0.13967057524585397 2.136925083491455e-05 0.009267130885542898 4.823110018596191e-06 7.866185006473204e-06 4.093982936190011e-09 0.06178087257028599 3.215406679064127e-05 0.07788970267556797 3.8607368369555005e-05
59650.42878803854 0.13964951945859372 2.1367667388134273e-05 0.009270599313747057 4.823001965110831e-06 7.86912909977161e-06 4.093891217543007e-09 0.06180399542498038 3.2153346434072214e-05 0.07784552403361333 3.860589199227757e-05
59650.429108811346 0.13967456385573412 2.136886458224537e-05 0.00926726186577039 4.823158406839401e-06 7.866296185943351e-06 4.094024009406515e-09 0.06178174577180261 3.215438937892934e-05 0.07789281808393152 3.860742324820636e-05
59650.42942958415 0.1396177255789561 2.1367280162007374e-05 0.009258141083011477 4.821552146343784e-06 7.85855422508496e-06 4.092660573151737e-09 0.061720940553409855 3.214368097562523e-05 0.07789678502554626 3.85976280124114e-05
59650.42975035695 0.13967740394379757 2.1368664203737352e-05 0.009268029027157133 4.8224426958487534e-06 7.866947372753214e-06 4.0934164950492515e-09 0.06178686018104756 3.214961797232502e-05 0.07789054376275001 3.860333852943978e-05
59650.43007112975 0.1397010915333975 2.137101051417701e-05 0.009277144221639118 4.825249495705999e-06 7.874684590134824e-06 4.0957989807641865e-09 0.06184762814426079 3.2168329971373326e-05 0.0778534633891367 3.8620221950996346e-05
59650.43039190255 0.13966325185630796 2.1375992311665154e-05 0.00926673074666352 4.822181166947926e-06 7.865845358043463e-06 4.0931945024235025e-09 0.061778204977756795 3.214787444631951e-05 0.07788504687855116 3.860594356734065e-05
59650.43071267535 0.13965974915307933 2.1368501949859928e-05 0.00926722131689547 4.823244886399376e-06 7.866261766989323e-06 4.094097415536896e-09 0.061781475445969805 3.2154965909329175e-05 0.07787827370710952 3.860770270569448e-05
59650.43103344815 0.1396733090319287 2.1369144185568878e-05 0.009267868828664807 4.822687233793116e-06 7.86681139204959e-06 4.093624065303219e-09 0.06178579219109872 3.215124822528744e-05 0.07788751684082998 3.860496193065966e-05
59650.43135422095 0.1396842992846976 2.1369770651968545e-05 0.009266641978574304 4.8219989822294295e-06 7.86577000934913e-06 4.093039859231478e-09 0.06177761319049536 3.214665988152953e-05 0.07790668609420226 3.860148752647333e-05
59650.43167499375 0.13967694329141406 2.1369967738361402e-05 0.009255872759679583 4.821218207225728e-06 7.856628812440684e-06 4.092377116824642e-09 0.06170581839786389 3.214145471483818e-05 0.07797112489355017 3.8597261979635295e-05
59650.43199576655 0.1396666815846247 2.136856592501411e-05 0.009272492719526418 4.823360257107576e-06 7.870736272513285e-06 4.094195345235552e-09 0.061816618130176124 3.215573504738384e-05 0.07785006345444857 3.8608378703711755e-05
59650.43231653935 0.13964188221263002 2.1365590966154474e-05 0.00926195888613198 4.82128561179317e-06 7.861794877022984e-06 4.092434331598484e-09 0.061746392574213195 3.214190407862113e-05 0.07789548963841683 3.859521311163217e-05
59650.43263731215 0.1396816674281687 2.1368711485468248e-05 0.009275409765333547 4.823728870563826e-06 7.873212337896912e-06 4.094508234055031e-09 0.06183606510222365 3.215819247042551e-05 0.07784560232594506 3.8610505999198126e-05
59650.43295808495 0.13964442325769133 2.136702361164925e-05 0.009270687483896435 4.822915915809525e-06 7.869203940918846e-06 4.093818176627526e-09 0.061804583225976234 3.2152772772063496e-05 0.0778398400317151 3.8605057893399466e-05
59650.43327885775 0.1396693078349442 2.1368282451101735e-05 0.009273553928150907 4.823484796114317e-06 7.871637054370561e-06 4.094301057227715e-09 0.061823692854339383 3.215656530742878e-05 0.0778456149806048 3.860891331390971e-05
59650.43359963055 0.13967719811700796 2.1368746788343132e-05 0.0092711879408096 4.823026571025859e-06 7.869628741940365e-06 4.093912103692372e-09 0.06180791960539734 3.215351047350573e-05 0.07786927851161063 3.860662605141983e-05
59650.43392040335 0.1396713631896901 2.136918903023817e-05 0.00927340701843515 4.824180245523254e-06 7.871512353530822e-06 4.0948913730202625e-09 0.061822713456234336 3.216120163682169e-05 0.07784864973345576 3.8613276609663076e-05
59650.43424117616 0.1396773269185445 2.1368953922430328e-05 0.009269538796476963 4.8233611051950345e-06 7.868228904754172e-06 4.094196065114545e-09 0.06179692530984643 3.2155740701300235e-05 0.07788040160869808 3.860859815880663e-05
59650.43456194896 0.139660292801718 2.1367906670695537e-05 0.009262324559419503 4.821978902266938e-06 7.862105270149736e-06 4.0930228148299435e-09 0.06174883039613002 3.214652601511292e-05 0.07791146240558797 3.860034417369729e-05
59650.43488272176 0.1396877644067922 2.137028024009874e-05 0.009263625827935329 4.82256249127917e-06 7.863209821171516e-06 4.093518180568775e-09 0.061757505519568864 3.21504166085278e-05 0.07793025888722334 3.860489820789915e-05
59650.43520349456 0.13968082608990826 2.136939730959901e-05 0.00926974117669192 4.823002036625534e-06 7.868400690416007e-06 4.093891278246572e-09 0.061798274511279463 3.21533469108369e-05 0.07788255157862879 3.8606849896671475e-05
59650.43552426736 0.13967482853837948 2.136899041670473e-05 0.00926962789495845 4.823280782524571e-06 7.868304533894175e-06 4.094127885114296e-09 0.061797519299723006 3.2155205216830474e-05 0.07787730923865648 3.8608172372772326e-05
59650.43584504016 0.13964916189663817 2.1367439607961142e-05 0.009264195822465644 4.822359143053117e-06 7.863693647555702e-06 4.0933455732336e-09 0.061761305483104295 3.2149060953687444e-05 0.07788785641353388 3.8602196771735374e-05
59650.436165812964 0.13967854175496483 2.136985896838417e-05 0.009259685033821963 4.821457490864705e-06 7.859864771236318e-06 4.092580227085678e-09 0.061731233558813096 3.214304993909803e-05 0.07794730819615173 3.8598530175590616e-05
59650.436486585764 0.13963370091767505 2.1365622308815447e-05 0.009272646271701658 4.8233222207980895e-06 7.87086661164775e-06 4.094163059013302e-09 0.061817641811344394 3.2155481471987265e-05 0.07781605910633066 3.860653837549112e-05
59650.436807358565 0.13969817063412177 2.1370160653593714e-05 0.009267851377559805 4.822687780909304e-06 7.866796579091597e-06 4.093624529709863e-09 0.0617856758503987 3.215125187272869e-05 0.07791249478372306 3.860552762680553e-05
59650.437128131365 0.1397249623586127 2.1371724277547536e-05 0.009276538574184461 4.824039694409664e-06 7.874170500608533e-06 4.094772069529676e-09 0.06184359049456308 3.216026462939776e-05 0.07788137186404961 3.861389930618776e-05
59650.437448904166 0.13966258946625576 2.136788950961705e-05 0.009263992791817992 4.822249770631273e-06 7.863521309789447e-06 4.093252735038537e-09 0.061759951945453286 3.214833180420849e-05 0.07790263752080248 3.8601838555808266e-05
59650.437769676966 0.1396785849229481 2.1369451954553147e-05 0.00927033576224318 4.82293787420296e-06 7.868905390307069e-06 4.093836815490767e-09 0.061802238414954525 3.215291916135307e-05 0.07787634650799358 3.860652389732156e-05
59650.43809044977 0.13966361917625636 2.1368438723977984e-05 0.009265214370326673 4.823079972686467e-06 7.86455821783228e-06 4.093957432429732e-09 0.061768095802177826 3.215386648457645e-05 0.07789552337407854 3.8606752044278085e-05
59650.43841122257 0.1396924932047529 2.1371063344527814e-05 0.00927537720970478 4.8238953345978646e-06 7.873184703820946e-06 4.09464953311564e-09 0.06183584806469854 3.215930223065243e-05 0.07785664514005437 3.861273194735471e-05
59650.43873199537 0.13967150964690295 2.1368267903918182e-05 0.009272276009830688 4.822830222412068e-06 7.870552323610397e-06 4.093745437812617e-09 0.06181517339887125 3.2152201482747126e-05 0.0778563362480317 3.86052707981797e-05
59650.43905276817 0.13963150332036492 2.136592994541488e-05 0.009265639940427929 4.822551574512629e-06 7.864919452953598e-06 4.093508914129534e-09 0.0617709329361862 3.215034383008419e-05 0.07786057038417872 3.8602429597436076e-05
59650.439373540976 0.13969768776275399 2.1371319540727502e-05 0.00927255543493638 4.823420342215927e-06 7.870789507006637e-06 4.094246347059553e-09 0.0618170362329092 3.215613561477285e-05 0.07788065152984479 3.861023642232127e-05
59650.439694313776 0.13968272252736333 2.136897676127167e-05 0.009270554629542103 4.823352728574831e-06 7.869091170640428e-06 4.094188954818482e-09 0.061803697530280685 3.215568485716554e-05 0.07787902499708264 3.8608564288990514e-05
59650.44001508658 0.13967514612318954 2.1369055852533344e-05 0.009269938075898598 4.822775976213653e-06 7.868567823653521e-06 4.093699392209301e-09 0.06179958717265732 3.2151839841424355e-05 0.07787555895053222 3.860540575123246e-05
59650.44033585938 0.13969159323633154 2.1369993828854483e-05 0.009271007923449237 4.823442023291547e-06 7.869475938459063e-06 4.094264750528121e-09 0.061806719489661585 3.215628015527698e-05 0.07788487374666996 3.860962301900835e-05
59650.44065663218 0.13962878101580195 2.1365515608327928e-05 0.009264868549048316 4.822914825058083e-06 7.86426467561427e-06 4.093817250768947e-09 0.06176579032698877 3.215276550038722e-05 0.07786299068881318 3.8604217211758025e-05
59650.44097740498 0.1396656042206964 2.1367789448849934e-05 0.009261502472233278 4.821627678388144e-06 7.861407460873256e-06 4.092724686742253e-09 0.06174334981488852 3.214418452258763e-05 0.07792225440580788 3.859832929742613e-05
