Original_Data_Set_NRCA3_DataChallengeSimulation/Results/303050_radii/DataChallengeSimulation_nrca3_level3_asn_phot.ecsv
# %ECSV 0.9
# ---
# datatype:
# - {name: MJD, datatype: float64}
# - {name: aperture_sum, unit: Jy, datatype: float64}
# - {name: aperture_sum_err, unit: Jy, datatype: float64}
# - {name: annulus_sum, unit: Jy, datatype: float64}
# - {name: annulus_sum_err, unit: Jy, datatype: float64}
# - {name: annulus_mean, unit: Jy, datatype: float64}
# - {name: annulus_mean_err, unit: Jy, datatype: float64}
# - {name: aperture_bkg, unit: Jy, datatype: float64}
# - {name: aperture_bkg_err, unit: Jy, datatype: float64}
# - {name: net_aperture_sum, unit: Jy, datatype: float64}
# - {name: net_aperture_sum_err, unit: Jy, datatype: float64}
# meta: !!omap
# - {instrument: NIRCAM}
# - {detector: NRCA3}
# - {channel: SHORT}
# - {subarray: SUBGRISM64}
# - {filter: WLP4}
# - {pupil: CLEAR}
# - {target_name: UNKNOWN}
# - {xcenter: 1054.0}
# - {ycenter: 22.0}
# - ra_icrs: !numpy.ndarray
#     buffer: !!binary |
#       RjByVEdwN3haVUE9
#     dtype: float64
#     order: C
#     shape: !!python/tuple []
# - dec_icrs: !numpy.ndarray
#     buffer: !!binary |
#       Wkg2dmxQdXpPa0E9
#     dtype: float64
#     order: C
#     shape: !!python/tuple []
# - {apertures: Photometry measured in a circular aperture of r=30.0 pixels.  Background calculated as the mean in a circular annulus
#     with r_inner=30.0 pixels and r_outer=50.0 pixels.}
# - {number_of_integrations: 2350}
# - __serialized_columns__:
#     annulus_mean:
#       __class__: astropy.units.quantity.Quantity
#       unit: &id001 !astropy.units.Unit {unit: Jy}
#       value: !astropy.table.SerializedColumn {name: annulus_mean}
#     annulus_mean_err:
#       __class__: astropy.units.quantity.Quantity
#       unit: *id001
#       value: !astropy.table.SerializedColumn {name: annulus_mean_err}
#     annulus_sum:
#       __class__: astropy.units.quantity.Quantity
#       unit: *id001
#       value: !astropy.table.SerializedColumn {name: annulus_sum}
#     annulus_sum_err:
#       __class__: astropy.units.quantity.Quantity
#       unit: *id001
#       value: !astropy.table.SerializedColumn {name: annulus_sum_err}
#     aperture_bkg:
#       __class__: astropy.units.quantity.Quantity
#       unit: *id001
#       value: !astropy.table.SerializedColumn {name: aperture_bkg}
#     aperture_bkg_err:
#       __class__: astropy.units.quantity.Quantity
#       unit: *id001
#       value: !astropy.table.SerializedColumn {name: aperture_bkg_err}
#     aperture_sum:
#       __class__: astropy.units.quantity.Quantity
#       unit: *id001
#       value: !astropy.table.SerializedColumn {name: aperture_sum}
#     aperture_sum_err:
#       __class__: astropy.units.quantity.Quantity
#       unit: *id001
#       value: !astropy.table.SerializedColumn {name: aperture_sum_err}
#     net_aperture_sum:
#       __class__: astropy.units.quantity.Quantity
#       unit: *id001
#       value: !astropy.table.SerializedColumn {name: net_aperture_sum}
#     net_aperture_sum_err:
#       __class__: astropy.units.quantity.Quantity
#       unit: *id001
#       value: !astropy.table.SerializedColumn {name: net_aperture_sum_err}
# schema: astropy-2.0
MJD aperture_sum aperture_sum_err annulus_sum annulus_sum_err annulus_mean annulus_mean_err aperture_bkg aperture_bkg_err net_aperture_sum net_aperture_sum_err
[from data line 488]
59491.966216268054 1.6984660347307334 0.0004290260860901551 0.18518974613092032 0.00012995857316663246 3.684232938333646e-05 2.5854436645799132e-08 0.10416923219864267 7.310169740623075e-05 1.5942968025320907 0.00043520942166905036
59491.966251748265 1.6997055123740399 0.0004291268002545776 0.18797177843083945 0.00013000223289866164 3.739579712380327e-05 2.586312247350727e-08 0.10573412536734719 7.312625600549716e-05 1.5939713870066927 0.0004353128300591583
59491.966287228475 1.701809956411822 0.0004292206962577301 0.19039568702395415 0.00013003983139843743 3.787801841654967e-05 2.5870602457372466e-08 0.10709757395097419 7.314740516162105e-05 1.5947123824608478 0.0004354089445312865
59491.96632270868 1.7057021095903218 0.00042946768178756504 0.19305825901353002 0.00013011208727709385 3.840772028339845e-05 2.588497730769199e-08 0.10859527069511063 7.31880490933653e-05 1.5971068388952112 0.0004356592478417944
59491.96635818889 1.6934754761105333 0.0004286982412939328 0.17842364817578926 0.0001298352913458907 3.549625696458262e-05 2.582991050684361e-08 0.10036330209888146 7.303235138206352e-05 1.5931121740116518 0.0004348745870212517
59491.9663936691 1.7059008581683424 0.0004295195766753156 0.18884257906086901 0.00013005446320256517 3.756903740469919e-05 2.587351336231407e-08 0.1062239507217388 7.315563555144291e-05 1.5996769074466035 0.0004357049618265528
59491.9664291493 1.6897621335346515 0.00042848560832391835 0.17991659465431972 0.00012982579831351346 3.579326922936982e-05 2.5828021928058896e-08 0.10120308449305483 7.302701155135132e-05 1.5885590490415966 0.0004346640782913163
59491.96646462951 1.6924124931731606 0.0004286932211277283 0.18196355966201727 0.00012985840937569158 3.620049997850882e-05 2.5834509692740303e-08 0.1023545023098847 7.304535527382651e-05 1.590057990863276 0.0004348718222280525
59491.966500109724 1.6895770153150558 0.000428488975934123 0.1797462355487633 0.00012981717387742988 3.5759377362182295e-05 2.582630615101629e-08 0.10110725749617934 7.30221603060543e-05 1.5884697578188764 0.0004346665830183366
59491.96653558993 1.701090070137044 0.0004291802330364314 0.1902719050304371 0.0001300357411739301 3.785339277138216e-05 2.5869788733061592e-08 0.10702794657962086 7.314510441033566e-05 1.594062123557423 0.0004353686698975989
59491.96657107014 1.6919764377936781 0.00042862479586937107 0.18125074375624411 0.00012984937846157403 3.605868975986092e-05 2.5832713049462242e-08 0.10195354336288731 7.304027538463539e-05 1.5900228944307908 0.0004348035159268188
59491.96660655035 1.6910743505242558 0.0004285700295208919 0.17745242982285925 0.00012982365138783134 3.530303921246964e-05 2.5827594810765443e-08 0.09981699177535831 7.302580390565512e-05 1.5912573587488974 0.0004347470968731192
59491.96664203056 1.7012585621496812 0.0004291856769463814 0.1885470223077626 0.00013001432992480706 3.751023825692285e-05 2.5865529100391966e-08 0.10605770004811646 7.313306058270397e-05 1.5952008621015648 0.0004353720131635899
59491.96667751076 1.7059955942949938 0.0004295279727147995 0.19310560386661496 0.00013011497401072287 3.841713924264649e-05 2.588555160510005e-08 0.10862190217497092 7.318967288103161e-05 1.5973736921200228 0.00043571895478727797
59491.96671299097 1.6991617753684616 0.00042907574477203523 0.1878215702932473 0.00012998861628626184 3.736591416431524e-05 2.5860413534542777e-08 0.1056496332899516 7.311859666102228e-05 1.5935121420785099 0.00043526121344470147
59491.96674847118 1.7060810563576718 0.00042951552082231144 0.1889643758255274 0.00013006211211392135 3.7593268101134166e-05 2.587503506487858e-08 0.10629246140185915 7.315993806408075e-05 1.5997885949558126 0.00043570168597883757
59491.966783951386 1.7068821203752802 0.0004295645373198074 0.1940995590300925 0.00013012309625699172 3.8614880339495434e-05 2.588716747465342e-08 0.10918100195442701 7.319424164455784e-05 1.5977011184208532 0.0004357557672971204
59491.9668194316 1.6972739090068656 0.00042895027238763333 0.18479318139007447 0.00012994742768063553 3.6763435334884495e-05 2.5852219321812165e-08 0.1039461645319169 7.309542807035749e-05 1.5933277444749487 0.00043513363210192525
59491.96685491181 1.7019353646148678 0.00042923871519987396 0.19063125569025124 0.0001300500136385158 3.792488331364811e-05 2.587262814967274e-08 0.10723008132576632 7.315313267166513e-05 1.5947052832891015 0.0004354276695917667
59491.96689039202 1.699075569030366 0.0004290272007134284 0.18794746045219168 0.00012999518352260056 3.739095921566852e-05 2.5861720044699977e-08 0.10572044650435783 7.312229073146281e-05 1.5933551225260083 0.0004352139799613714
59491.96692587222 1.6982596312994465 0.0004289938793673276 0.18488618018342326 0.00012994581005147703 3.67819368569633e-05 2.5851897504716333e-08 0.10399847635317558 7.309451815395582e-05 1.5942611549462709 0.0004351764666417386
59491.96696135243 1.7021451172990554 0.00042927322458038297 0.18973394456585843 0.00013002890989807818 3.7746368937475027e-05 2.5868429693912275e-08 0.10672534381829536 7.314126181766898e-05 1.59541977348076 0.00043545969448609213
59491.96699683264 1.6900953893275046 0.0004285141284301764 0.17952298388442264 0.00012981132562577395 3.571496285476566e-05 2.5825142678316935e-08 0.10098167843498773 7.301887066449784e-05 1.5891137108925169 0.0004346908254580402
59491.967032312845 1.7068863492072952 0.0004296048874363962 0.19269101973311192 0.00013010896516116557 3.833466034992839e-05 2.5884356182463374e-08 0.10838869859987545 7.318629290315563e-05 1.5984976506074198 0.0004357942092067598
59491.967067793055 1.6994215024723855 0.00042907644737110595 0.18770601061629122 0.00012998026526260314 3.7342924297053164e-05 2.585875215117383e-08 0.1055846309716638 7.311389921021427e-05 1.5938368715007218 0.0004352611169704122
59491.967103273266 1.697845021720688 0.0004290043709326999 0.1852258019235391 0.00012995627093981862 3.684950245536443e-05 2.5853978632327205e-08 0.10418951358199074 7.310040240364798e-05 1.5936555081386972 0.00043518779752072185
59491.96713875347 1.7025562224148238 0.00042931495098293306 0.1905976361039714 0.00013005313211961569 3.791819490947168e-05 2.5873248551775224e-08 0.1072111703084839 7.315488681728382e-05 1.59534505210634 0.00043550311663951137
59491.96717423368 1.6963263130117823 0.00042888747664855415 0.18971421423882107 0.0001299942763013808 3.774244371362901e-05 2.5861539558772977e-08 0.10671424550933685 7.31217804195267e-05 1.5896120675024454 0.0004350761570089604
59491.96720971389 1.7042552611515926 0.0004294468144683478 0.18851625758596202 0.00013004014253212675 3.7504117809988583e-05 2.587066435545324e-08 0.10604039489210362 7.31475801743213e-05 1.598214866259489 0.0004356318800803843
59491.9672451941 1.7059272438719426 0.00042951675836118853 0.19303371210585465 0.00013011331033750456 3.840283683128076e-05 2.588522062782957e-08 0.10858146305954325 7.318873706484631e-05 1.5973457808123994 0.0004357077425823999
59491.967280674304 1.698148388822375 0.0004290300887921909 0.18451787798796548 0.00012995233875142995 3.670866546326492e-05 2.5853196348303173e-08 0.10379130636823058 7.309819054767934e-05 1.5943570824541444 0.00043521277847781545
59491.967316154514 1.702740196709239 0.00042931680694062837 0.19063680053331775 0.00013005769174324197 3.7925986425126484e-05 2.5874155660073678e-08 0.10723320029999123 7.31574516055736e-05 1.5955069964092479 0.0004355053770587897
59491.967351634725 1.6971859915143237 0.0004289602545339024 0.184696490751085 0.000129942891431366 3.674419934345213e-05 2.5851316863694237e-08 0.1038917760474853 7.309287643014337e-05 1.5932942154668384 0.0004351430437851702
59491.96738711493 1.697102391325043 0.0004289330206609986 0.1874415488712834 0.00012995455082142333 3.729031130458228e-05 2.585363642564556e-08 0.1054358712400969 7.309943483705062e-05 1.591666520084946 0.00043511729865274826
59491.96742259514 1.7024144761112243 0.0004292949768557492 0.19079321584174172 0.00013006144644179697 3.7957104262015135e-05 2.5874902633617236e-08 0.10732118391097971 7.315956362351079e-05 1.5950932922002445 0.0004354842120021813
59491.96745807535 1.6999199566347283 0.0004291163419551847 0.19010871121198786 0.00013002994186758667 3.782092639277187e-05 2.586863499772277e-08 0.10693615005674317 7.31418423005175e-05 1.592983806577985 0.00043530513898656513
59491.96749355555 1.694144667775036 0.0004287775905822523 0.1828259829892032 0.00012987738702273927 3.637207364795807e-05 2.583828517566017e-08 0.10283961543142678 7.305603020029084e-05 1.5913050523436092 0.0004349567860536807
59491.96752903576 1.70779218758335 0.0004296222425777712 0.19273261192132146 0.00013012024004036693 3.834293485286283e-05 2.588659924841045e-08 0.10841209420574331 7.31926350227064e-05 1.5993800933776066 0.0004358123829575295
59491.96756451597 1.6975784000080087 0.0004289862281908633 0.18458313716849112 0.00012994366702833476 3.6721648364718396e-05 2.5851471163808518e-08 0.10382801465727626 7.30933127034383e-05 1.5937503853507324 0.0004351687216923869
59491.967599996184 1.6969681014474605 0.0004289302650231721 0.18792134521736123 0.00012997668061140422 3.738576375477693e-05 2.5858039007476867e-08 0.1057057566847657 7.311188284391486e-05 1.5912623447626948 0.0004351166736242487
59491.96763547639 1.697706268921618 0.0004289857334094347 0.18469950226259324 0.00012994304114951325 3.674479846463053e-05 2.5851346649173246e-08 0.1038934700227087 7.30929606466012e-05 1.5938127988989093 0.0004351681748070695
59491.9676709566 1.6902683185434975 0.0004285439432794068 0.1796242384587642 0.000129804204209536 3.573510681228707e-05 2.5823725917571828e-08 0.10103863413305487 7.301486486786399e-05 1.5892296844104425 0.00043471954385918276
59491.96770643681 1.705570039078427 0.00042950866791778184 0.1887014671320938 0.00013005357938464498 3.7540964078456935e-05 2.587333753232558e-08 0.10614457526180276 7.315513840386279e-05 1.5994254638166243 0.0004356941244627884
59491.96774191701 1.7203443627862054 0.00043042047768426117 0.2031658685407654 0.00013036295642822142 4.0418565307276256e-05 2.5934886139531013e-08 0.11428080105418052 7.332916299087454e-05 1.606063561732025 0.00043662220941551955
59491.96777739722 1.6964732092800794 0.0004289152538314103 0.18477246448462023 0.00012992136484725976 3.675931383749873e-05 2.5847034285858748e-08 0.10393451127259888 7.308076772658361e-05 1.5925386980074805 0.00043509664855152585
59491.96781287743 1.7021031904131925 0.00042930590349108636 0.19074539567810186 0.00013006361917225283 3.79475907427367e-05 2.5875334884607308e-08 0.10729428506893228 7.316078578439221e-05 1.5948089053442602 0.0004354951886633051
59491.967848357635 1.695716121601747 0.00042879802987587514 0.18947983945085972 0.00012997528667554433 3.76958163310788e-05 2.58577616927488e-08 0.10658240969110858 7.311109875499368e-05 1.5891337119106383 0.0004349861873515001
59491.967883837846 1.7063862317266838 0.00042958406484978315 0.18873807336968787 0.00013005046058882719 3.75482466580333e-05 2.587271706761196e-08 0.10616516627044942 7.315338408121529e-05 1.6002210654562343 0.0004357681566789805
59491.96791931806 1.6931420101668078 0.0004286863384779824 0.182245156350677 0.0001298679696530877 3.625652185970696e-05 2.5836411649496456e-08 0.1025129004472558 7.305073292986184e-05 1.590629109719552 0.00043486594069810675
59491.96795479827 1.6997743944667119 0.0004291050022242226 0.1850021706792189 0.000129953679072498 3.680501243291024e-05 2.585346299670731e-08 0.10406372100706063 7.309894447828011e-05 1.5957106734596511 0.0004352867544707612
59491.96799027847 1.7077169341103544 0.00042959441233657455 0.19422435981877167 0.00013014145462569236 3.863970866752051e-05 2.589081975606068e-08 0.10925120239805906 7.320456822695194e-05 1.5984657317122954 0.0004357869524436239
59491.96802575868 1.706163759745131 0.0004295217058150928 0.19282572793998887 0.00013009989505695046 3.836145969617778e-05 2.5882551742563133e-08 0.10846447196624374 7.318119096953464e-05 1.5976992877788871 0.00043571135224828217
59491.96806123889 1.696217925790747 0.0004288789500504303 0.1894881386081868 0.00012997570805619487 3.7697467395968935e-05 2.585784552376562e-08 0.10658707796710508 7.311133578160961e-05 1.589630847823642 0.0004350659963915024
59491.968096719094 1.7020226521921498 0.0004292713953679946 0.19044391986218628 0.00013003739912320085 3.788761403482967e-05 2.587011857158889e-08 0.10712470492247977 7.314603700680048e-05 1.59489794726967 0.00043545869334643593
59491.968132199305 1.720930506765529 0.00043044310386182276 0.2031551524575878 0.00013036682512023711 4.041643341026588e-05 2.5935655791353012e-08 0.11427477325739313 7.333133913013338e-05 1.6066557335081357 0.0004366448796915161
59491.968167679515 1.6980694425798388 0.00042903088637536395 0.18432038680166535 0.00012994357627158957 3.666937584011898e-05 2.5851453108327748e-08 0.10368021757593675 7.309326165276913e-05 1.594389225003902 0.00043521273690354077
59491.968203159726 1.691800865466434 0.0004285937535422944 0.1810156886698828 0.0001298346553343938 3.6011927036244296e-05 2.5829783976376613e-08 0.10182132487680906 7.303199362559651e-05 1.589979540589625 0.0004347715235251754
59491.96823863993 1.6912865787041858 0.00042859760623723453 0.1770473060188495 0.00012980634493753648 3.522244239250421e-05 2.5824151801875694e-08 0.09958910963560283 7.301606902736426e-05 1.591697469068583 0.00043477264680347167
59491.96827412014 1.6920251657229761 0.0004286514122031297 0.17720609530455367 0.00012980884807360806 3.525403251716652e-05 2.582464978497447e-08 0.09967842860881143 7.301747704140453e-05 1.5923467371141646 0.00043482592509788264
59491.96830960035 1.7023214076985131 0.00042927284462942057 0.19052318655097839 0.00013004753155156066 3.79033836415094e-05 2.5872134354162625e-08 0.10716929243492533 7.315173649775287e-05 1.595152115263588 0.00043546107941912714
59491.96834508055 1.6938212095046632 0.0004287334071718775 0.18297628708394098 0.00012988763316222404 3.640197569751366e-05 2.584032358034343e-08 0.1029241614847168 7.306179365375102e-05 1.5908970480199465 0.00043491419856922373
59491.968380560764 1.7013097898847327 0.00042917906889969776 0.19040450032439643 0.00013003611216691203 3.78797717669626e-05 2.5869862539770252e-08 0.10710253143247299 7.3145313093888e-05 1.5942072584522597 0.00043536755736873
59491.968416040974 1.720708371786405 0.0004304358038619651 0.20344414094683516 0.00013037674509031296 4.0473925843466356e-05 2.593762930669413e-08 0.11443732928259477 7.333691911330104e-05 1.60627104250381 0.00043663862054487004
59491.96845152118 1.6981092420727109 0.0004290057554964073 0.18502668664492555 0.00012995299006530182 3.6809889729318845e-05 2.585332592308094e-08 0.10407751123777062 7.309855691173228e-05 1.5940317308349403 0.000435188852421131
59491.96848700139 1.6915322996198743 0.000428632877737058 0.1772876200914314 0.00012980965673948388 3.527025135818666e-05 2.5824810663938782e-08 0.09972428630143017 7.301793191595968e-05 1.591808013318444 0.00043480773021927226
59491.9685224816 1.7056665809205527 0.00042949113549128887 0.18879883609147874 0.00013005035245495453 3.756033501744422e-05 2.5872695555061526e-08 0.10619934530145679 7.315332325591193e-05 1.599467235619096 0.00043567653616987523
59491.96855796181 1.693135604532062 0.0004286873684084328 0.1827507605496813 0.00012987531405884235 3.63571086191064e-05 2.5837872772596362e-08 0.10279730280919575 7.305486415809882e-05 1.5903383017228663 0.0004348676499926221
59491.96859344201 1.6933988209524742 0.00042873572571322174 0.18122944250091494 0.00012986373084907587 3.6054452009761296e-05 2.5835568366232352e-08 0.10194156140676465 7.304834860260517e-05 1.5914572595457095 0.00043491422572320006
59491.96862892222 1.7075287140108997 0.00042967239523534616 0.18903647822627884 0.00013007002928836693 3.760761241799465e-05 2.5876610136688998e-08 0.10633301900228183 7.316439147470639e-05 1.601195695008618 0.0004358570814007083
