Original_Data_Set_NRCA3_DataChallengeSimulation/Results/303050_radii/DataChallengeSimulation_nrca3_level3_asn_phot.ecsv
# %ECSV 0.9
# ---
# datatype:
# - {name: MJD, datatype: float64}
# - {name: aperture_sum, unit: Jy, datatype: float64}
# - {name: aperture_sum_err, unit: Jy, datatype: float64}
# - {name: annulus_sum, unit: Jy, datatype: float64}
# - {name: annulus_sum_err, unit: Jy, datatype: float64}
# - {name: annulus_mean, unit: Jy, datatype: float64}
# - {name: annulus_mean_err, unit: Jy, datatype: float64}
# - {name: aperture_bkg, unit: Jy, datatype: float64}
# - {name: aperture_bkg_err, unit: Jy, datatype: float64}
# - {name: net_aperture_sum, unit: Jy, datatype: float64}
# - {name: net_aperture_sum_err, unit: Jy, datatype: float64}
# meta: !!omap
# - {instrument: NIRCAM}
# - {detector: NRCA3}
# - {channel: SHORT}
# - {subarray: SUBGRISM64}
# - {filter: WLP4}
# - {pupil: CLEAR}
# - {target_name: UNKNOWN}
# - {xcenter: 1054.0}
# - {ycenter: 22.0}
# - ra_icrs: !numpy.ndarray
#     buffer: !!binary |
#       RjByVEdwN3haVUE9
#     dtype: float64
#     order: C
#     shape: !!python/tuple []
# - dec_icrs: !numpy.ndarray
#     buffer: !!binary |
#       Wkg2dmxQdXpPa0E9
#     dtype: float64
#     order: C
#     shape: !!python/tuple []
# - {apertures: Photometry measured in a circular aperture of r=30.0 pixels.  Background calculated as the mean in a circular annulus
#     with r_inner=30.0 pixels and r_outer=50.0 pixels.}
# - {number_of_integrations: 2350}
# - __serialized_columns__:
#     annulus_mean:
#       __class__: astropy.units.quantity.Quantity
#       unit: &id001 !astropy.units.Unit {unit: Jy}
#       value: !astropy.table.SerializedColumn {name: annulus_mean}
#     annulus_mean_err:
#       __class__: astropy.units.quantity.Quantity
#       unit: *id001
#       value: !astropy.table.SerializedColumn {name: annulus_mean_err}
#     annulus_sum:
#       __class__: astropy.units.quantity.Quantity
#       unit: *id001
#       value: !astropy.table.SerializedColumn {name: annulus_sum}
#     annulus_sum_err:
#       __class__: astropy.units.quantity.Quantity
#       unit: *id001
#       value: !astropy.table.SerializedColumn {name: annulus_sum_err}
#     aperture_bkg:
#       __class__: astropy.units.quantity.Quantity
#       unit: *id001
#       value: !astropy.table.SerializedColumn {name: aperture_bkg}
#     aperture_bkg_err:
#       __class__: astropy.units.quantity.Quantity
#       unit: *id001
#       value: !astropy.table.SerializedColumn {name: aperture_bkg_err}
#     aperture_sum:
#       __class__: astropy.units.quantity.Quantity
#       unit: *id001
#       value: !astropy.table.SerializedColumn {name: aperture_sum}
#     aperture_sum_err:
#       __class__: astropy.units.quantity.Quantity
#       unit: *id001
#       value: !astropy.table.SerializedColumn {name: aperture_sum_err}
#     net_aperture_sum:
#       __class__: astropy.units.quantity.Quantity
#       unit: *id001
#       value: !astropy.table.SerializedColumn {name: net_aperture_sum}
#     net_aperture_sum_err:
#       __class__: astropy.units.quantity.Quantity
#       unit: *id001
#       value: !astropy.table.SerializedColumn {name: net_aperture_sum_err}
# schema: astropy-2.0
MJD aperture_sum aperture_sum_err annulus_sum annulus_sum_err annulus_mean annulus_mean_err aperture_bkg aperture_bkg_err net_aperture_sum net_aperture_sum_err
[from data line 907]
59491.981082475344 1.6918048545899507 0.0004275352155288139 0.1872380358797488 0.00012983317764391202 3.7249823681349596e-05 2.5829489999195944e-08 0.1053213951823587 7.30311624247005e-05 1.586483459407592 0.0004337279230143851
59491.981117955555 1.6804759393164304 0.00042689381917050266 0.17582284215532523 0.000129608563525407 3.497884304685761e-05 2.5784804440135564e-08 0.09890034871237044 7.290481698304143e-05 1.5815755906040598 0.00043307441067939883
59491.981153435765 1.687904874994385 0.0004272946652043586 0.1866266569953574 0.0001297961298991385 3.7128193716908475e-05 2.5822119584557057e-08 0.10497749455988854 7.301032306826541e-05 1.5829273804344965 0.0004334872987604566
59491.981188915976 1.6862515151047028 0.0004272073646953355 0.18339309173504598 0.0001297423773719332 3.6484896348172476e-05 2.5811425859046546e-08 0.10315861410096334 7.298008727171242e-05 1.5830929010037396 0.0004333961531764214
59491.98122439618 1.694626684177757 0.00042772430398174563 0.18744655933586069 0.00012984561942411146 3.729130810483811e-05 2.583196521272045e-08 0.10543868962642163 7.303816092606269e-05 1.5891879945513354 0.0004339154908137415
59491.98125987639 1.6904168998772837 0.00042716753139980095 0.18922798106346767 0.00012912002235608786 3.764571069693806e-05 2.5687612262634272e-08 0.10644073934820056 7.263001257529942e-05 1.5839761605290832 0.0004332980713191418
59491.9812953566 1.6964329252253987 0.00042759738273825964 0.19149210359151056 0.0001291983497610306 3.8096143562067733e-05 2.5703195004729516e-08 0.10771430827022467 7.26740717405797e-05 1.588718616955174 0.0004337292270852457
59491.9813308368 1.6911179544648829 0.0004272402834667995 0.18929536073523867 0.00012912675777111959 3.7659115456720884e-05 2.5688952230879364e-08 0.10647864041357175 7.263380124625476e-05 1.584639314051311 0.00043337042919455363
59491.98136631701 1.6865491080749608 0.0004269498873949612 0.18302545583281563 0.00012901970881547332 3.641175750929997e-05 2.5667655517824455e-08 0.1029518189059588 7.257358620870374e-05 1.583597289169002 0.0004330740488204785
59491.981401797224 1.6796085245707655 0.0004265767837813551 0.17845850192346158 0.0001288908482199179 3.550319089736678e-05 2.564201951688394e-08 0.10038290733194713 7.250110212370381e-05 1.5792256172388184 0.00043269407468833767
59491.98143727743 1.6919393871312616 0.0004273532050111565 0.18933901276754495 0.00012913281589504872 3.7667799752617826e-05 2.5690157456340844e-08 0.10650319468174403 7.26372089409649e-05 1.5854361924495175 0.00043348232484847744
59491.98147275764 1.6871185602775496 0.0004270120800270478 0.1831412520163111 0.00012904001926961368 3.643479442804307e-05 2.5671696154290554e-08 0.10301695425917498 7.25850108391577e-05 1.5841016060183746 0.00043313727649273794
59491.98150823785 1.695227493729541 0.0004275396021110648 0.19169293656877429 0.00012918903847761867 3.813609801340197e-05 2.5701342583752597e-08 0.10782727681993554 7.26688341436605e-05 1.5874002169096055 0.000433671385762407
59491.98154371806 1.682166190170642 0.0004266633405280484 0.17717958446077295 0.00012891541494750323 3.5248758352374975e-05 2.564690691204744e-08 0.09966351625918476 7.251492090797057e-05 1.5825026739114572 0.00043278172316404793
59491.98157919826 1.696142867672998 0.00042755990838372413 0.1930289562679062 0.000129219336950872 3.84018906873832e-05 2.57073702734856e-08 0.10857878790069722 7.26858770348655e-05 1.5875640797723007 0.0004336942609459182
59491.98161467847 1.6907234902943036 0.0004272245537641487 0.18876875864342296 0.00012912768976668738 3.755435129927714e-05 2.568913764550631e-08 0.10618242673692542 7.263432549376166e-05 1.5845410635573782 0.00043335500986940224
59491.98165015868 1.680548150358379 0.0004265802337153434 0.18079018054313223 0.00012893851330560556 3.5967063619894614e-05 2.565150218438405e-08 0.10169447655551186 7.252791373440311e-05 1.5788536738028671 0.00043270196910495103
59491.981685638886 1.6957309960692866 0.00042753866975516814 0.19152221726717444 0.00012919932699033496 3.8102134487488456e-05 2.570338941832242e-08 0.10773124721278562 7.26746214320634e-05 1.587999748856501 0.0004336714363850961
59491.9817211191 1.690546242118304 0.00042717568273009996 0.18927821183129134 0.00012913156735655903 3.7655703790681107e-05 2.56899090675005e-08 0.10646899415510137 7.263650663806444e-05 1.5840772479632026 0.00043330719589283143
59491.98175659931 1.6824166680434605 0.00042667439443220797 0.17720481543997954 0.00012891022531623562 3.52537778961997e-05 2.564587446771111e-08 0.09967770868498849 7.251200174038254e-05 1.582738959358472 0.00043279213169891223
59491.98179207951 1.6930655708892564 0.0004274191642490767 0.18758894201683896 0.00012912434484898007 3.7319634239198574e-05 2.5688472195272113e-08 0.10551877988447192 7.263244397755128e-05 1.5875467910047845 0.0004335465533083285
59491.98182755972 1.691165762889504 0.0004272795632133909 0.1885591165672251 0.00012911257105764715 3.751264433339346e-05 2.5686129873910157e-08 0.1060645030690641 7.262582121992652e-05 1.58510125982044 0.00043340781608975954
59491.98186303993 1.6850799665351932 0.00042686739478398506 0.18673798945379727 0.00012905223374446174 3.715034260576757e-05 2.567412614685223e-08 0.10504011906776096 7.259188148125973e-05 1.5800398474674322 0.00043299578980245964
59491.98189852014 1.7093209448203006 0.0004283957441477289 0.20188492743926778 0.00012944117617227417 4.0163730172135105e-05 2.5751503784307866e-08 0.11356027168458813 7.281066159690422e-05 1.5957606731357126 0.00043453918815921
59491.981934000345 1.6903688379217168 0.00042719437892952636 0.1883075000924987 0.0001290956402788727 3.746258682624838e-05 2.568276160249472e-08 0.10592296880203052 7.26162976568659e-05 1.5844458691196863 0.00043332224045665403
59491.981969480556 1.6839483352196187 0.0004267837394350424 0.18370389353029706 0.0001290117520041927 3.6546728400717535e-05 2.5666072560516254e-08 0.1033334401107921 7.256911050235839e-05 1.5806148951088266 0.00043290950098751784
59491.982004960766 1.6787688154777525 0.00042646589681087296 0.17976307050161713 0.00012892129912116837 3.5762726569636555e-05 2.564807753120346e-08 0.10111672715715964 7.25182307556572e-05 1.577652088320593 0.00043258762688573615
59491.98204044097 1.6782977864781803 0.00042644496676054526 0.17968202187687787 0.00012892670180361497 3.5746602458063986e-05 2.5649152360725126e-08 0.1010711373057438 7.252126976453342e-05 1.5772266491724365 0.0004325675025284063
59491.98207592118 1.6912058304125006 0.0004272420236260812 0.18943083563453741 0.00012912709963289545 3.7686067331581226e-05 2.568902024211872e-08 0.10655484504442729 7.263399354350369e-05 1.5846509853680733 0.0004333721769682344
59491.98211140139 1.67818740231639 0.00042644268263046265 0.17860614643990436 0.00012889709418618202 3.553256384063213e-05 2.564326211239059e-08 0.1004659573724462 7.250461547972737e-05 1.5777214449439438 0.00043256245888302495
59491.9821468816 1.6961359988417937 0.0004275519408848594 0.19308667733113422 0.00012921875829628436 3.841337392804978e-05 2.5707255153813145e-08 0.10861125599876299 7.268555154165994e-05 1.5875247428430306 0.00043368635159216805
59491.982182361804 1.6788803194284672 0.00042650741244624725 0.17942672753108624 0.00012890523425579801 3.56958132617188e-05 2.5644881527786214e-08 0.100927534236236 7.250919426888638e-05 1.5779527851922313 0.00043262704044605947
59491.982217842015 1.6777277569034008 0.000426371431710708 0.17856698270928195 0.00012890267751166948 3.5524772463984034e-05 2.5644372879703366e-08 0.1004439277739711 7.250775610031407e-05 1.5772838291294298 0.00043249274268332134
59491.982253322225 1.6948215653489744 0.0004274934971004896 0.19161205417217875 0.00012919151713971936 3.812000697186784e-05 2.570183569790957e-08 0.10778178047185052 7.267022839109214e-05 1.5870397848771238 0.00043362616636639885
59491.98228880243 1.6855346522714831 0.00042690158560792363 0.18693497233928646 0.00012905130278122862 3.7189531105680206e-05 2.5673940937601743e-08 0.10515092194084863 7.259135781444109e-05 1.5803837303306345 0.0004330294089596035
59491.98232428264 1.6850184333588374 0.0004268455119938111 0.1882668399144718 0.0001290651260394459 3.745449774084841e-05 2.567669098744539e-08 0.10590009745189038 7.259913339718832e-05 1.579118335906947 0.00043297543265095477
59491.98235976285 1.6881974427828959 0.0004270557265455707 0.18666807817079184 0.000129069066069773 3.7136434197932306e-05 2.56774748315735e-08 0.1050007939710704 7.26013496642473e-05 1.5831966488118254 0.00043318304392997144
59491.98239524305 1.6786077704395566 0.0004264583081858074 0.17837396482834553 0.00012889188333635118 3.548637277666384e-05 2.564222544675523e-08 0.10033535521594435 7.250168437669753e-05 1.5782724152236123 0.0004325773721060307
59491.98243072326 1.6900779265578443 0.00042721480234429884 0.18335956444402102 0.0001290506049686919 3.64782263055536e-05 2.5673802112208528e-08 0.10313975499976182 7.259096529488918e-05 1.5869381715580824 0.00043333813077609743
59491.98246620347 1.695529932170861 0.00042752320429110765 0.19145026885037253 0.00012918488026818274 3.8087820804761374e-05 2.570051533426992e-08 0.10769077622833453 7.266649515085279e-05 1.5878391559425264 0.00043365482785833836
59491.982501683684 1.6825636240880038 0.0004267295870820948 0.1809849713441182 0.00012895176075452972 3.6005816018451804e-05 2.56541376806086e-08 0.1018040463810665 7.253536542442296e-05 1.5807595777069372 0.0004328504588521418
59491.98253716389 1.694475037491485 0.0004274723090209534 0.19188268856465973 0.00012920155247902917 3.817384797353537e-05 2.570383216523052e-08 0.1079340123176211 7.26758732694539e-05 1.5865410251738639 0.00043360622405032794
59491.9825726441 1.6922891461767233 0.00042732498782838477 0.18734222232373848 0.00012911291487959536 3.727055091580475e-05 2.568619827511341e-08 0.10538000005710288 7.262601461977239e-05 1.5869091461196205 0.00043345263088609876
59491.98260812431 1.682121543945001 0.0004266843587924632 0.18165981679782878 0.00012895911801890012 3.6140072255678216e-05 2.565560136184883e-08 0.10218364694877868 7.253950388563132e-05 1.5799378969962223 0.00043280656379277455
59491.98264360451 1.6950220077328109 0.0004274632273734903 0.1930179715590633 0.0001292136212552256 3.839970534899474e-05 2.5706233171966436e-08 0.10857260900197312 7.26826619560644e-05 1.5864493987308377 0.000433598408790415
59491.98267908472 1.6786817321646659 0.0004264602290828346 0.17866173906083418 0.00012889712960136764 3.5543623641157645e-05 2.5643269158017904e-08 0.10049722822171922 7.25046354007693e-05 1.5781845039429467 0.0004325797604419123
59491.98271456493 1.6837279375631724 0.00042677665367936684 0.18350238313009237 0.0001289959495961549 3.650663918037128e-05 2.566292877132629e-08 0.10322009051067696 7.256022164783712e-05 1.5805078470524954 0.00043290102551431025
59491.982750045136 1.7096054109341692 0.0004283981076687478 0.20184851873080922 0.0001294391372007399 4.015648688973164e-05 2.5751098143809742e-08 0.11353979178608017 7.280951467541619e-05 1.596065619148089 0.0004345413260915855
59491.982785525346 1.7094584486309172 0.00042838550113871515 0.20158383549543418 0.00012943463518947575 4.010382983315227e-05 2.5750202497126556e-08 0.11339090746618172 7.28069822940801e-05 1.5960675411647356 0.00043452847347054093
59491.98282100556 1.69479558725503 0.0004275186226222552 0.19163432516002907 0.00012919142557668884 3.812443764412274e-05 2.570181748202343e-08 0.10779430790251635 7.267017688688747e-05 1.5870012793525137 0.0004336509279335186
59491.98285648577 1.6824783156310565 0.0004266828773105541 0.17724047814274707 0.00012891231228868058 3.5260872765486534e-05 2.5646289657686997e-08 0.09969776895529521 7.251317566238282e-05 1.5827805466757614 0.0004328006913518704
59491.98289196597 1.6814662111761483 0.00042666950476003907 0.18007459192470096 0.00012892799372829936 3.582470178759007e-05 2.5649409380974656e-08 0.10129195795764429 7.252199647216839e-05 1.580174253218504 0.0004327889858400814
59491.98292744618 1.6877281328003266 0.000427016044573986 0.18144340994105654 0.00012900921534272306 3.609701947946036e-05 2.566556790775145e-08 0.10206191809184428 7.256768363028172e-05 1.5856662147084823 0.0004331382816504182
59491.98296292639 1.6818414776678259 0.00042665093998308593 0.18097352199359712 0.00012895103074020525 3.6003538242538525e-05 2.5653992448873265e-08 0.10179760612139838 7.253495479136544e-05 1.5800438715464276 0.00043277285526594227
59491.982998406595 1.6783497626065411 0.0004264650952866835 0.17849148747816074 0.00012889989298966995 3.550975316496802e-05 2.5643818916652897e-08 0.1004014617064654 7.250618980668934e-05 1.5779483009000757 0.00043258481833989933
59491.983033886805 1.6872776008224217 0.00042700614200149526 0.18308641394230163 0.0001290229958729289 3.642388473985776e-05 2.5668309457127305e-08 0.10298610784254465 7.257543517852249e-05 1.584291492979877 0.0004331298178356612
59491.983069367016 1.6785663205541617 0.0004264715273989396 0.17860609843086156 0.0001289032340815831 3.5532554289536536e-05 2.5644483605769525e-08 0.10046593036735962 7.250806917089048e-05 1.578100390186802 0.0004325914744616162
59491.98310484722 1.6903877779577834 0.0004271840012231617 0.18918589807697858 0.00012912095596173768 3.7637338552788294e-05 2.5687797997576854e-08 0.10641706766830043 7.263053772847744e-05 1.5839707102894829 0.0004333143961510603
59491.98314032743 1.6909299632588746 0.00042724052604480256 0.18931865022444053 0.00012912433970941584 3.7663748753381584e-05 2.56884711727883e-08 0.10649174075124777 7.26324410865464e-05 1.5844382225076268 0.00043337044037777914
59491.98317580764 1.6782943326094446 0.00042643613654424524 0.178580507502627 0.00012889804887049542 3.552746313612799e-05 2.5643452040800054e-08 0.10045153547022768 7.250515248965367e-05 1.5778427971392168 0.0004325560954238538
59491.98321128785 1.690969411905784 0.00042722473086871773 0.18899466602929924 0.00012910655834241284 3.759929414570611e-05 2.5684933682221475e-08 0.10630949964148081 7.262243906760722e-05 1.5846599122643032 0.00043335319235235435
59491.98324676805 1.6900464136437874 0.0004271735764884246 0.18723651621286475 0.00012909432200390437 3.7249521353229036e-05 2.5682499340022763e-08 0.10532054036973643 7.26155561271962e-05 1.584725873274051 0.00043330160793790496
59491.983282248264 1.6924873226675388 0.00042732806540022943 0.18788789776264458 0.0001291127717157475 3.7379109595086935e-05 2.5686169793570835e-08 0.10568694249148758 7.262593409010797e-05 1.5868003801760513 0.00043345565145832795
59491.983317728475 1.695413866872978 0.00042749206267778263 0.1927146033203936 0.00012919793054774512 3.8339352155543035e-05 2.5703111604896275e-08 0.1084019643677214 7.267383593310663e-05 1.5870119025052565 0.00043362535682514846
59491.98335320868 1.6802760069050522 0.0004266039834996734 0.17584662464846135 0.00012888576298293464 3.498357442353468e-05 2.564100784113059e-08 0.0989137263647595 7.249824167790072e-05 1.5813622805402927 0.0004327204106396842
59491.98338868889 1.6810511174439235 0.0004266185736596212 0.17986260298411014 0.0001289144534540286 3.578252792787027e-05 2.564671562899839e-08 0.10117271417856195 7.251438006789109e-05 1.5798784032653617 0.0004327374986155004
59491.9834241691 1.6904578269703516 0.0004271746840133651 0.18923239771329364 0.00012911416632410724 3.7646589361502694e-05 2.5686447242088494e-08 0.10644322371372766 7.262671855731031e-05 1.584014603256624 0.0004333045706086206
59491.9834596493 1.6963836698545558 0.00042756054029971936 0.19153618916327492 0.00012920197345239222 3.81049141078994e-05 2.5703915915220068e-08 0.10773910640434214 7.267611006697061e-05 1.5886445634502135 0.000433693247118115
59491.98349512951 1.6886888813554846 0.0004270822855748421 0.18876090373682342 0.0001290961873326864 3.755278861526108e-05 2.5682870435392955e-08 0.10617800835196317 7.261660537463609e-05 1.5825108730035213 0.00043321178426719494
