Original_Data_Set_NRCA3_DataChallengeSimulation/Results/303050_radii/DataChallengeSimulation_nrca3_level3_asn_phot.ecsv
# %ECSV 0.9
# ---
# datatype:
# - {name: MJD, datatype: float64}
# - {name: aperture_sum, unit: Jy, datatype: float64}
# - {name: aperture_sum_err, unit: Jy, datatype: float64}
# - {name: annulus_sum, unit: Jy, datatype: float64}
# - {name: annulus_sum_err, unit: Jy, datatype: float64}
# - {name: annulus_mean, unit: Jy, datatype: float64}
# - {name: annulus_mean_err, unit: Jy, datatype: float64}
# - {name: aperture_bkg, unit: Jy, datatype: float64}
# - {name: aperture_bkg_err, unit: Jy, datatype: float64}
# - {name: net_aperture_sum, unit: Jy, datatype: float64}
# - {name: net_aperture_sum_err, unit: Jy, datatype: float64}
# meta: !!omap
# - {instrument: NIRCAM}
# - {detector: NRCA3}
# - {channel: SHORT}
# - {subarray: SUBGRISM64}
# - {filter: WLP4}
# - {pupil: CLEAR}
# - {target_name: UNKNOWN}
# - {xcenter: 1054.0}
# - {ycenter: 22.0}
# - ra_icrs: !numpy.ndarray
#     buffer: !!binary |
#       RjByVEdwN3haVUE9
#     dtype: float64
#     order: C
#     shape: !!python/tuple []
# - dec_icrs: !numpy.ndarray
#     buffer: !!binary |
#       Wkg2dmxQdXpPa0E9
#     dtype: float64
#     order: C
#     shape: !!python/tuple []
# - {apertures: Photometry measured in a circular aperture of r=30.0 pixels.  Background calculated as the mean in a circular annulus
#     with r_inner=30.0 pixels and r_outer=50.0 pixels.}
# - {number_of_integrations: 2350}
# - __serialized_columns__:
#     annulus_mean:
#       __class__: astropy.units.quantity.Quantity
#       unit: &id001 !astropy.units.Unit {unit: Jy}
#       value: !astropy.table.SerializedColumn {name: annulus_mean}
#     annulus_mean_err:
#       __class__: astropy.units.quantity.Quantity
#       unit: *id001
#       value: !astropy.table.SerializedColumn {name: annulus_mean_err}
#     annulus_sum:
#       __class__: astropy.units.quantity.Quantity
#       unit: *id001
#       value: !astropy.table.SerializedColumn {name: annulus_sum}
#     annulus_sum_err:
#       __class__: astropy.units.quantity.Quantity
#       unit: *id001
#       value: !astropy.table.SerializedColumn {name: annulus_sum_err}
#     aperture_bkg:
#       __class__: astropy.units.quantity.Quantity
#       unit: *id001
#       value: !astropy.table.SerializedColumn {name: aperture_bkg}
#     aperture_bkg_err:
#       __class__: astropy.units.quantity.Quantity
#       unit: *id001
#       value: !astropy.table.SerializedColumn {name: aperture_bkg_err}
#     aperture_sum:
#       __class__: astropy.units.quantity.Quantity
#       unit: *id001
#       value: !astropy.table.SerializedColumn {name: aperture_sum}
#     aperture_sum_err:
#       __class__: astropy.units.quantity.Quantity
#       unit: *id001
#       value: !astropy.table.SerializedColumn {name: aperture_sum_err}
#     net_aperture_sum:
#       __class__: astropy.units.quantity.Quantity
#       unit: *id001
#       value: !astropy.table.SerializedColumn {name: net_aperture_sum}
#     net_aperture_sum_err:
#       __class__: astropy.units.quantity.Quantity
#       unit: *id001
#       value: !astropy.table.SerializedColumn {name: net_aperture_sum_err}
# schema: astropy-2.0
MJD aperture_sum aperture_sum_err annulus_sum annulus_sum_err annulus_mean annulus_mean_err aperture_bkg aperture_bkg_err net_aperture_sum net_aperture_sum_err
[from data line 558]
59491.96869988264 1.702156137973634 0.00042928788509267313 0.1898855133220939 0.0001300363160377315 3.7776522583441485e-05 2.5869903098581094e-08 0.1068106012436778 7.314542777122397e-05 1.5953455367299563 0.0004354748464506021
59491.96873536285 1.7016625486321668 0.0004292397919166836 0.18974575289425777 0.00013002903860106103 3.774871812976804e-05 2.586845529855716e-08 0.10673198600301999 7.314133421309682e-05 1.5949305626291468 0.00043542674898902313
59491.96877084306 1.693365917001927 0.0004287194667950919 0.18243645009271364 0.00012988409219453885 3.629457854049156e-05 2.5839619127205396e-08 0.10262050317715142 7.305980185942809e-05 1.5907454138247756 0.0004349001217024511
59491.96880632326 1.6970205065134691 0.00042894335258261213 0.18815994721086143 0.00012997222955943283 3.7433232113148355e-05 2.585715349882286e-08 0.10583997030610956 7.310937912718096e-05 1.5911805362073597 0.00043512915443713146
59491.96884180347 1.694068560187236 0.00042875132416859225 0.18298693397122856 0.00012988769377635944 3.640409382843911e-05 2.5840335639142517e-08 0.10293015035881604 7.306182774920217e-05 1.59113840982842 0.00043493186667612133
59491.96887728368 1.7020970653887488 0.000429305849735869 0.1896953795415728 0.00013002788811249046 3.773869666966813e-05 2.586822641612844e-08 0.10670365099213469 7.314068706327588e-05 1.5953934143966142 0.0004354917596482448
59491.96891276389 1.7064078952928345 0.0004295393726307156 0.1929898442661166 0.00013011382952147094 3.839410960185941e-05 2.588532391619785e-08 0.10855678739969057 7.31890291058274e-05 1.5978511078931439 0.00043573008459531735
59491.968948244095 1.707513070931972 0.00042957811770618005 0.19423978182252066 0.00013013788693596256 3.86427767776818e-05 2.589010998674079e-08 0.10925987727516787 7.320256140147894e-05 1.598253193656804 0.0004357705522493712
59491.968983724306 1.7029384632178368 0.0004293288857659267 0.18860280231608897 0.00013003743218061505 3.7521335336986405e-05 2.5870125148152484e-08 0.10608907630280004 7.314605560159597e-05 1.5968493869150369 0.00043551537011118663
59491.96901920452 1.6995053043147728 0.0004291098864797934 0.18233061243899262 0.0001299211157701445 3.627352280829787e-05 2.5846984733541115e-08 0.10256096949693336 7.308062762070627e-05 1.5969443348178394 0.00043528849376952005
59491.96905468472 1.7005622518877987 0.00042915715016143125 0.19023356334640962 0.00013002558314512407 3.784576493570786e-05 2.586776785744091e-08 0.10700637938235541 7.31393905191323e-05 1.5935558725054433 0.0004353449551564729
59491.96909016493 1.6976120635221317 0.0004289734482643653 0.18469633904932167 0.0001299458577161472 3.6744169163345244e-05 2.5851906987301172e-08 0.10389169071524343 7.30945449653328e-05 1.5937203728068883 0.0004351563303222294
59491.96912564514 1.6898777261772504 0.0004285154176311864 0.1808267506796868 0.000129839332482106 3.597433901739737e-05 2.583071446534907e-08 0.10171504725732382 7.303462452118462e-05 1.5881626789199266 0.0004346947429249409
59491.969161125344 1.7062147690442884 0.0004295279692326325 0.19296136533746955 0.0001301120433302884 3.838844389902424e-05 2.5884968564752838e-08 0.10854076800232662 7.318802437328722e-05 1.5976740010419617 0.0004357186744503547
59491.969196605554 1.6933628790438664 0.0004287174344581001 0.18218464592063816 0.00012987576817780213 3.624448369214533e-05 2.583796311669286e-08 0.10247886333035895 7.305511960001369e-05 1.5908840157135073 0.00043489733168658055
59491.969232085765 1.7016682755732566 0.00042925617096997135 0.18960808644810712 0.0001300206596999454 3.7721330260514574e-05 2.586678836914437e-08 0.10665454862706025 7.313662108121928e-05 1.5950137269461964 0.00043544210368196955
59491.969267565975 1.7062554636432177 0.00042954247080094173 0.18876401994770045 0.00013005172385363654 3.755340856571708e-05 2.5872968386160513e-08 0.1061797612205815 7.315409466767055e-05 1.6000757024226362 0.0004357272722568836
59491.96930304618 1.702323142702534 0.0004293033875118775 0.19075085578451362 0.00013006135255774634 3.794867699639325e-05 2.587488395597882e-08 0.1072973563787889 7.315951081373232e-05 1.5950257863237451 0.0004354924942541236
59491.96933852639 1.6919196667994056 0.00042867489962743915 0.17745119143106414 0.00012981589924931835 3.5302792842250045e-05 2.58260525718106e-08 0.09981629517997356 7.302144332774157e-05 1.5921033716194322 0.00043484974503414577
59491.9693740066 1.689589616428457 0.00042848234549189225 0.18096869996463535 0.00012984538382753777 3.600257893035728e-05 2.5831918342271353e-08 0.10179489373010739 7.303802840299e-05 1.5877947226983495 0.0004346627129064895
59491.9694094868 1.6932850368832253 0.00042870073691128315 0.18232309834269983 0.0001298736649836891 3.6272027926338035e-05 2.5837544699518645e-08 0.10255674281776865 7.30539365533251e-05 1.5907282940654566 0.000434880672684145
59491.96944496701 1.6982173684498947 0.0004290425347376233 0.1844285448993685 0.0001299326221048992 3.669089320997507e-05 2.5849273846107468e-08 0.10374105650589477 7.30870999340058e-05 1.594476311944 0.0004352231850336653
59491.969480447224 1.706850627734432 0.0004295323509633385 0.19414535055839632 0.0001301234555139549 3.8623990274597044e-05 2.5887238946555333e-08 0.10920675968909792 7.319444372659963e-05 1.597643868045334 0.0004357240722252317
59491.96951592743 1.6976120281205294 0.0004289906408078315 0.18467226974246537 0.00012993486171361182 3.673938072689152e-05 2.5849719402103973e-08 0.10387815173013676 7.308835971390664e-05 1.5937338763903925 0.0004351722397239779
59491.96955140764 1.6970044952273875 0.0004289490010981082 0.1880163865100788 0.00012996469209105544 3.7404671619194236e-05 2.5855653967134535e-08 0.10575921741191932 7.310513930121868e-05 1.5912452778154682 0.00043513401031787367
59491.96958688785 1.6926370220410722 0.00042869755507339336 0.1812347444379962 0.00012984745802359246 3.605550679662935e-05 2.5832330990465158e-08 0.10194454374637285 7.303919513827075e-05 1.5906924782946994 0.00043487505993371423
59491.96962236806 1.7061011636105585 0.00042953606179261606 0.19296273985270135 0.00013010746586814386 3.8388717350141107e-05 2.5884057907593937e-08 0.1085415411671445 7.318544955083091e-05 1.597559622443414 0.00043572621955336507
59491.96965784826 1.6972665089857606 0.0004289837687019863 0.18798193848469608 0.0001299616323804917 3.739781840229497e-05 2.585504525705872e-08 0.10573984039764155 7.310341821402657e-05 1.591526668588119 0.0004351679946461299
59491.96969332847 1.69212454283409 0.0004286565422209537 0.18206598149106057 0.00012985677414879262 3.6220876153974766e-05 2.5834184374685243e-08 0.10241211458872156 7.304443545869585e-05 1.5897124282453685 0.00043483550998084765
59491.96972880868 1.6936246277027165 0.00042875004631672133 0.18226736197077975 0.0001298763381742299 3.626093952746168e-05 2.583807651387914e-08 0.10252539110856361 7.305544022300431e-05 1.591099236594153 0.00043492953401990037
59491.969764288886 1.6962593630845393 0.00042886196046338406 0.18953383099845333 0.0001299863237251664 3.7706557608184684e-05 2.5859957444004428e-08 0.10661277993662999 7.31173070954061e-05 1.5896465831479092 0.00043505025195876064
59491.9697997691 1.6932530294772405 0.0004287291041612564 0.18156997524925195 0.0001298783484065462 3.612219884748942e-05 2.583847643689152e-08 0.10213311107770422 7.305657097868224e-05 1.5911199183995364 0.0004349090793695582
59491.96983524931 1.701091385700386 0.000429203598551743 0.18458378231338127 0.00012997610314477187 3.672177671221624e-05 2.5857924124140607e-08 0.10382837755127695 7.311155801893417e-05 1.597263008149109 0.0004353860688236611
59491.96987072952 1.6934335958063802 0.0004287290858094875 0.17837130961343906 0.00012983093491032287 3.548584453844217e-05 2.5829043821525006e-08 0.10033386165755945 7.302990088705661e-05 1.5930997341488207 0.00043490458199772075
59491.96990620972 1.7016943883893534 0.0004292129649407991 0.1905727274903131 0.00013005123243939854 3.7913239498235074e-05 2.587287062240416e-08 0.10719715921330111 7.315381824716167e-05 1.5944972291760522 0.00043540240054162584
59491.96994168993 1.6980113616303503 0.00042900538194159206 0.18473952383880335 0.00012994015242058813 3.6752760504235734e-05 2.585077195481364e-08 0.10391598215932688 7.309133573658083e-05 1.5940953794710233 0.0004351872712920368
59491.96997717014 1.7072097446001178 0.00042958349432869314 0.19272391260390537 0.0001301172053715803 3.834120417865246e-05 2.58859955202379e-08 0.10840720083969675 7.319092802151392e-05 1.598802543760421 0.0004357738984201564
59491.970012650345 1.6917634726668285 0.00042863562810552985 0.18202132035206092 0.0001298614415820427 3.621199110267988e-05 2.5835112931026874e-08 0.10238699269803427 7.304706088989902e-05 1.5893764799687942 0.00043481533412021556
59491.970048130555 1.6936534166620878 0.00042873563024339043 0.18282475573222645 0.0001298743687567078 3.637182949294021e-05 2.5837684710712075e-08 0.10283892509937738 7.305433242564813e-05 1.5908144915627105 0.00043491513669491235
59491.970083610766 1.70063372865185 0.00042914460071329856 0.18440164878296514 0.00012996972067816714 3.6685542397630606e-05 2.585665437275403e-08 0.10372592744041788 7.310796788146901e-05 1.5969078012114322 0.0004353273059309907
59491.97011909097 1.7034761165920522 0.00042934379256407486 0.18932545199549775 0.00013003945680408689 3.7665101922738505e-05 2.5870527934194287e-08 0.10649556674746746 7.314719445229886e-05 1.5969805498445848 0.0004355302564340918
59491.97015457118 1.7069848911647552 0.0004295643284235367 0.19428849005085702 0.00013014338941802237 3.865246697181803e-05 2.5891204670764655e-08 0.10928727565360706 7.320565654763757e-05 1.5976976155111482 0.00043575747888537124
59491.97019005139 1.7015527238387693 0.0004292467142907938 0.18436344208639607 0.000129969067004521 3.667794141685789e-05 2.585652432851409e-08 0.1037044361735978 7.310760019004307e-05 1.5978482876651716 0.0004354279078504151
59491.9702255316 1.7067057945170214 0.0004295192234319338 0.1928193002276604 0.00013012154700203579 3.8360180943440466e-05 2.5886859260172986e-08 0.10846085637805897 7.319337018864512e-05 1.5982449381389625 0.00043571095090339825
59491.970261011804 1.7013972844030743 0.0004291908270630753 0.1900027135977171 0.00013005208745678682 3.779983883743794e-05 2.5873040722708875e-08 0.10687652639871587 7.315429919444258e-05 1.5945207580043583 0.00043538065818972323
59491.970296492014 1.6925261967935603 0.00042863272536525107 0.18215843965142803 0.00012987093700238476 3.623927012053935e-05 2.583700198488209e-08 0.10246412230392826 7.305240206384143e-05 1.590062074489632 0.0004348133699661728
59491.970331972225 1.6926361199407962 0.0004286560677975478 0.1821274989196719 0.00012986116942048865 3.623311465753701e-05 2.583505878620606e-08 0.10244671814231543 7.304690779902485e-05 1.5901894017984808 0.0004348354576143201
59491.97036745243 1.7016558369980164 0.0004292498198455709 0.18981633396323677 0.00013002803348665325 3.7762759787288933e-05 2.58682553373992e-08 0.10677168785432067 7.314076883624245e-05 1.5948841491436956 0.0004354365394674771
59491.97040293264 1.705156402445819 0.0004294507908902388 0.18863743186803625 0.00013004915325567218 3.7528224667448244e-05 2.58724569819446e-08 0.1061085554257704 7.31526487063156e-05 1.5990478470200487 0.00043563665113142307
59491.97043841285 1.6912188539316395 0.0004285934072518672 0.1771269495936994 0.00012980383071176368 3.52382869782828e-05 2.5823651612550955e-08 0.09963390914645591 7.301465477536707e-05 1.5915849447851835 0.000434768269945877
59491.97047389305 1.7010454810525175 0.0004287486322136403 0.19058187313394673 0.00012972936990032565 3.791505896622514e-05 2.580883810479221e-08 0.10720230363784504 7.297277056893317e-05 1.5938431774146724 0.00043491426151550094
59491.97050937326 1.7013811925599933 0.00042876861729973243 0.1904734386054302 0.00012972732190966128 3.789348660220608e-05 2.580843066999516e-08 0.10714130921555448 7.297161857418447e-05 1.594239883344439 0.00043493377001385013
59491.97054485347 1.6999010161977122 0.0004286901496546618 0.18983574206318676 0.0001296994686822825 3.776662090609277e-05 2.580288944647217e-08 0.10678260491054256 7.295595113378391e-05 1.5931184112871697 0.0004348537860209698
59491.970580333684 1.7194132889322402 0.0004299245582961141 0.20291350352561832 0.00013004126196781483 4.036835888274611e-05 2.587088706010728e-08 0.1141388457331603 7.314820985689584e-05 1.60527444319908 0.00043610295393562435
59491.97061581389 1.705185639371545 0.0004290371030843714 0.18865981189662948 0.000129737833735208 3.753267703266968e-05 2.581052193124101e-08 0.10612114419185407 7.29775314760545e-05 1.5990644951796908 0.00043519944384542595
59491.9706512941 1.7006082770982867 0.0004287027352161601 0.1903150171790527 0.00012971932505924738 3.786196966083152e-05 2.5806839747154487e-08 0.10705219716321714 7.296712034582666e-05 1.5935560799350694 0.0004348680671575914
59491.97068677431 1.7009706292003823 0.000428773933069057 0.18989261471012328 0.00012972773756963942 3.77779353597011e-05 2.580851336292037e-08 0.10681459577444434 7.297185238292217e-05 1.594156033425938 0.00043493904966064286
59491.97072225451 1.691874946588583 0.00042816946376640917 0.18231867066694513 0.00012956214911451366 3.6271147068234576e-05 2.5775570586480098e-08 0.10255425225015663 7.287870887691393e-05 1.5893206943384264 0.0004343275214738071
59491.97075773472 1.7013985119263075 0.00042878341385858186 0.1907711837776498 0.00012974623050667907 3.79527211221317e-05 2.581219241584805e-08 0.107308790874928 7.298225466000696e-05 1.5940897210513796 0.0004349501413903414
59491.97079321493 1.6889234919287817 0.0004280010214040356 0.17951995543928537 0.0001294982609626296 3.571436036474881e-05 2.5762860442508407e-08 0.10097997493459801 7.284277179147915e-05 1.5879435169941836 0.00043415543728619047
59491.970828695135 1.6996517912082205 0.00042866804007147874 0.189932159750136 0.00012970454526985405 3.7785802595442084e-05 2.580389940147973e-08 0.10683683985945149 7.295880671429289e-05 1.592814951348769 0.00043483246895315497
59491.970864175346 1.6992535302095204 0.00042862788239169433 0.18832782074297202 0.00012969300262199592 3.746662949121047e-05 2.580160306465099e-08 0.10593439916792174 7.29523139748727e-05 1.5933191310415986 0.0004347917911804184
59491.97089965556 1.7009925439754139 0.0004287400376065017 0.19095465138418619 0.00012975400405007586 3.7989220842728583e-05 2.5813738913169225e-08 0.10741199140360473 7.298662727816766e-05 1.5935805525718092 0.00043490811398301906
59491.97093513577 1.6952759150024823 0.00042836941357150886 0.18498789428866666 0.00012962058491869692 3.6802172235252866e-05 2.5787196020341742e-08 0.10405569053737498 7.291157901676701e-05 1.5912202244651072 0.0004345301518172435
59491.97097061597 1.7196536356744379 0.0004299101003173809 0.2031531770635319 0.00013005780445755625 4.04160404181052e-05 2.587417808387402e-08 0.1142736620982367 7.315751500737539e-05 1.605379973576201 0.000436090261708462
59491.97100609618 1.687969868272081 0.0004279212331645464 0.17969120829197463 0.00012949853670618655 3.5748430037278916e-05 2.576291529994605e-08 0.10107630466423573 7.284292689722993e-05 1.5868935636078452 0.0004340768063281212
59491.97104157639 1.6965798085838346 0.0004285020161252708 0.1845569830848054 0.00012962644370074006 3.6716445175092616e-05 2.5788361587995073e-08 0.10381330298520303 7.291487458166628e-05 1.5927665055986315 0.0004346614277327607
59491.971077056594 1.719411242159704 0.0004298900220142376 0.20265195256647311 0.00013003105592388614 4.031632497272313e-05 2.5868856632181447e-08 0.11399172331864112 7.314246895718595e-05 1.605419518841063 0.00043606794400936487
59491.971112536805 1.691974728504971 0.0004281719249662363 0.18271889633544008 0.00012956016311169654 3.635076943510111e-05 2.5775175483773425e-08 0.10277937918868504 7.28775917503293e-05 1.589195349316286 0.00043432976033035077
