Original_Data_Set_NRCA3_DataChallengeSimulation/Results/303050_radii/DataChallengeSimulation_nrca3_level3_asn_phot.ecsv
# %ECSV 0.9
# ---
# datatype:
# - {name: MJD, datatype: float64}
# - {name: aperture_sum, unit: Jy, datatype: float64}
# - {name: aperture_sum_err, unit: Jy, datatype: float64}
# - {name: annulus_sum, unit: Jy, datatype: float64}
# - {name: annulus_sum_err, unit: Jy, datatype: float64}
# - {name: annulus_mean, unit: Jy, datatype: float64}
# - {name: annulus_mean_err, unit: Jy, datatype: float64}
# - {name: aperture_bkg, unit: Jy, datatype: float64}
# - {name: aperture_bkg_err, unit: Jy, datatype: float64}
# - {name: net_aperture_sum, unit: Jy, datatype: float64}
# - {name: net_aperture_sum_err, unit: Jy, datatype: float64}
# meta: !!omap
# - {instrument: NIRCAM}
# - {detector: NRCA3}
# - {channel: SHORT}
# - {subarray: SUBGRISM64}
# - {filter: WLP4}
# - {pupil: CLEAR}
# - {target_name: UNKNOWN}
# - {xcenter: 1054.0}
# - {ycenter: 22.0}
# - ra_icrs: !numpy.ndarray
#     buffer: !!binary |
#       RjByVEdwN3haVUE9
#     dtype: float64
#     order: C
#     shape: !!python/tuple []
# - dec_icrs: !numpy.ndarray
#     buffer: !!binary |
#       Wkg2dmxQdXpPa0E9
#     dtype: float64
#     order: C
#     shape: !!python/tuple []
# - {apertures: Photometry measured in a circular aperture of r=30.0 pixels.  Background calculated as the mean in a circular annulus
#     with r_inner=30.0 pixels and r_outer=50.0 pixels.}
# - {number_of_integrations: 2350}
# - __serialized_columns__:
#     annulus_mean:
#       __class__: astropy.units.quantity.Quantity
#       unit: &id001 !astropy.units.Unit {unit: Jy}
#       value: !astropy.table.SerializedColumn {name: annulus_mean}
#     annulus_mean_err:
#       __class__: astropy.units.quantity.Quantity
#       unit: *id001
#       value: !astropy.table.SerializedColumn {name: annulus_mean_err}
#     annulus_sum:
#       __class__: astropy.units.quantity.Quantity
#       unit: *id001
#       value: !astropy.table.SerializedColumn {name: annulus_sum}
#     annulus_sum_err:
#       __class__: astropy.units.quantity.Quantity
#       unit: *id001
#       value: !astropy.table.SerializedColumn {name: annulus_sum_err}
#     aperture_bkg:
#       __class__: astropy.units.quantity.Quantity
#       unit: *id001
#       value: !astropy.table.SerializedColumn {name: aperture_bkg}
#     aperture_bkg_err:
#       __class__: astropy.units.quantity.Quantity
#       unit: *id001
#       value: !astropy.table.SerializedColumn {name: aperture_bkg_err}
#     aperture_sum:
#       __class__: astropy.units.quantity.Quantity
#       unit: *id001
#       value: !astropy.table.SerializedColumn {name: aperture_sum}
#     aperture_sum_err:
#       __class__: astropy.units.quantity.Quantity
#       unit: *id001
#       value: !astropy.table.SerializedColumn {name: aperture_sum_err}
#     net_aperture_sum:
#       __class__: astropy.units.quantity.Quantity
#       unit: *id001
#       value: !astropy.table.SerializedColumn {name: net_aperture_sum}
#     net_aperture_sum_err:
#       __class__: astropy.units.quantity.Quantity
#       unit: *id001
#       value: !astropy.table.SerializedColumn {name: net_aperture_sum_err}
# schema: astropy-2.0
MJD aperture_sum aperture_sum_err annulus_sum annulus_sum_err annulus_mean annulus_mean_err aperture_bkg aperture_bkg_err net_aperture_sum net_aperture_sum_err
[from data line 1465]
59492.000880431595 1.6892563757330126 0.0004272237129074693 0.188713729084446 0.00012942875135960773 3.7543403516367946e-05 2.5749031946366798e-08 0.10615147261000087 7.280367263977934e-05 1.5831049031230118 0.0004333825972743759
59492.000915911805 1.6921943892641993 0.00042742261361390405 0.1894385003882466 0.000129470545030797 3.7687592185881725e-05 2.575734653306646e-08 0.1065591564683887 7.28271815798233e-05 1.5856352327958105 0.00043358262073727225
59492.000951392016 1.6953352962596082 0.00042759982639066333 0.19144755372928515 0.00012952222148330237 3.8087280648583694e-05 2.5767627236638565e-08 0.1076892489727229 7.285624958435758e-05 1.5876460472868854 0.00043376219825247983
59492.00098687222 1.6883753203733933 0.0004271706904862441 0.18668269148429045 0.0001294078281669628 3.713934142428013e-05 2.574486940944842e-08 0.10500901395991338 7.279190334391657e-05 1.58336630641348 0.0004333283512567861
59492.00102235243 1.6872413621394775 0.0004271024195310037 0.1837471460632929 0.00012936193839959106 3.655533321875195e-05 2.5735739930305232e-08 0.10335776966060226 7.276609034976997e-05 1.5838835924788752 0.00043325671451695746
59492.00105783264 1.688383017486863 0.0004271724765829435 0.18379758267058938 0.00012936928715453634 3.656536726295698e-05 2.5737201918649122e-08 0.10338614025220652 7.277022402442669e-05 1.5849968772346565 0.00043332647075221547
59492.00109331285 1.709088538449619 0.0004284774105989408 0.20187639490324477 0.00012978036457574665 4.016203267802864e-05 2.5818983173122985e-08 0.11355547213307518 7.300145507385749e-05 1.595533066316544 0.00043465170405334165
59492.001128793054 1.6868619021274198 0.00042709722284636536 0.1838047814607306 0.00012936539820039905 3.6566799416751046e-05 2.573642823580611e-08 0.10339018957166095 7.276803648772445e-05 1.583471712555759 0.0004332519185154945
59492.001164273264 1.6914475673525915 0.0004273941987109536 0.18875145722397102 0.0001294636705292376 3.755090929124178e-05 2.575597889443587e-08 0.1061726946884837 7.282331467269615e-05 1.5852748726641077 0.0004335539600230825
59492.001199753475 1.6835839271599988 0.0004268654489486535 0.1835493997511344 0.00012933625477949245 3.651599283992918e-05 2.5730630336436247e-08 0.10324653736001309 7.27516433134645e-05 1.5803373897999857 0.0004330206843915716
59492.00123523368 1.6914781308744344 0.0004273558060642089 0.18730261018743605 0.00012944784952943566 3.726267033168105e-05 2.5752831406531952e-08 0.10535771823043277 7.281441536030755e-05 1.5861204126440016 0.0004335146180477114
59492.00127071389 1.6804381160368678 0.00042668528206654433 0.17990995310257576 0.0001292543627700618 3.5791947934632506e-05 2.5714338438810477e-08 0.10119934862019886 7.270557905815976e-05 1.579238767416669 0.000432835339544253
59492.0013061941 1.6903452812265556 0.0004272814084336951 0.18887635557213844 0.00012947128478121343 3.757575702811035e-05 2.5757493701735746e-08 0.10624295000932786 7.282759768943255e-05 1.5841023312172278 0.000433443492255099
59492.0013416743 1.6906798408086907 0.00042730155950553326 0.18918359673718693 0.00012945403385641283 3.763688071578383e-05 2.5754061739292093e-08 0.10641577316466765 7.28178940442322e-05 1.5842640676440232 0.00043346172662519795
59492.00137715451 1.6853500531297467 0.0004269818310006761 0.18684132125546088 0.00012938106627951524 3.717089981453426e-05 2.5739545301106235e-08 0.10509824320619673 7.277684978222733e-05 1.58025180992355 0.000433139647075761
59492.00141263472 1.6899005271925343 0.0004272829032237134 0.18889357817817584 0.0001294367876418114 3.757918335671507e-05 2.575063071391279e-08 0.1062526377252239 7.28081930485189e-05 1.5836478894673103 0.0004334417058409073
59492.001448114934 1.6823259404442716 0.0004267895205858595 0.18100278856340207 0.00012928637482985487 3.600936064160328e-05 2.5720707035753752e-08 0.10181406856691366 7.272358584179336e-05 1.5805118718773579 0.00043294112165466155
59492.00148359514 1.6908947094706268 0.0004273189363964645 0.18865732123525064 0.00012945894964041708 3.753218153133217e-05 2.5755039703446404e-08 0.10611974319482849 7.28206591727346e-05 1.5847749662757984 0.0004334793210815912
59492.00151907535 1.681420221753406 0.00042674499498923055 0.17965733531833117 0.00012924994122128728 3.574169122328819e-05 2.5713458799630992e-08 0.10105725111656126 7.270309193697409e-05 1.5803629706368447 0.0004328937864252091
59492.00155455556 1.6910473967102555 0.00042737893176327847 0.18844943063002828 0.00012944231651354444 3.7490823009527786e-05 2.5751730647995337e-08 0.1060028047293909 7.281130303886874e-05 1.5850445919808647 0.00043353689250782225
59492.00159003576 1.6882007109365256 0.00042714845027184284 0.18352776937993492 0.00012935552836850745 3.651168961430754e-05 2.573446469513982e-08 0.10323437027621339 7.276248470728544e-05 1.5849663406603123 0.0004333014859776215
59492.00162551597 1.6859190871410705 0.00042702850705839113 0.18708242672693523 0.0001293950669213481 3.721886622402382e-05 2.5742330640298932e-08 0.10523386503390106 7.27847251432583e-05 1.5806852221071694 0.00043318698278537647
59492.00166099618 1.6786461497938046 0.0004266175873240541 0.1784923996886258 0.0001292334474588353 3.5509934643473844e-05 2.5710177469850476e-08 0.100401974824852 7.269381419559486e-05 1.5782441749689526 0.000432766630456301
59492.001696476385 1.6912121571107646 0.00042734775289291377 0.18925844654354743 0.00012945710324146914 3.765177161162351e-05 2.5754672374047052e-08 0.10645787618074543 7.281962057332639e-05 1.584754280930019 0.0004335075536170807
59492.001731956596 1.690259528723275 0.0004272867447424005 0.1830649572916767 0.00012938123282067992 3.641961607484632e-05 2.5739578433418218e-08 0.10297403847656815 7.277694346163245e-05 1.5872854902467068 0.00043344024470758937
59492.00176743681 1.6949310899504404 0.0004275913232006955 0.19159647920482342 0.0001295261044290608 3.8116908430563974e-05 2.576839972415258e-08 0.10777301955271316 7.28584337413467e-05 1.5871580703977273 0.00043375418273921445
59492.00180291702 1.6794574341568902 0.000426631328990572 0.17851234949682357 0.00012923834899070209 3.5513903531709354e-05 2.5711152598632125e-08 0.10041319659196324 7.269657130726992e-05 1.579044237564927 0.00043278063999686335
59492.00183839722 1.689555184950844 0.000427246895992459 0.187307134096647 0.00012942944759657715 3.726357033482233e-05 2.5749170458310856e-08 0.10536026292936394 7.280406427307464e-05 1.58419492202148 0.0004334055167044705
59492.00187387743 1.690098526280543 0.0004272829324206887 0.18857720418214868 0.00012944031335331284 3.751624275004825e-05 2.5751332131929508e-08 0.10607467735245862 7.281017626123848e-05 1.5840238489280845 0.0004334420677613277
59492.00190935764 1.688690784948156 0.0004271821105916117 0.1864261192514472 0.00012940268390642117 3.7088298000383716e-05 2.5743845991331226e-08 0.10486469207893905 7.27890096973619e-05 1.583826092869217 0.000433339123022866
59492.001944837844 1.6854712228374213 0.00042700829261941545 0.1838092457324979 0.00012935199381961107 3.6567687555399886e-05 2.5733761518979245e-08 0.10339270072453006 7.276049652353122e-05 1.5820785221128912 0.000433162985283945
59492.001980318055 1.691960605435815 0.0004273853794609867 0.18725464565814745 0.0001294517977041819 3.725312809176935e-05 2.575361687094077e-08 0.10533073818270793 7.281663620860231e-05 1.586629867253107 0.00043354414433336254
59492.002015798265 1.6909275052433006 0.0004273364953111998 0.1891148544364207 0.00012945290843509205 3.762320486957576e-05 2.5753837843834267e-08 0.10637710562048665 7.281726099473928e-05 1.5845503996228139 0.0004334960596402637
59492.002051278476 1.6920016609410427 0.0004274238841747815 0.18940673598047875 0.00012947405554006886 3.7681272857743426e-05 2.5758044926695693e-08 0.1065412889890193 7.282915624128872e-05 1.5854603719520233 0.0004335842049266498
59492.00208675868 1.692344227965544 0.000427412415805266 0.18793376904018624 0.0001294527077580999 3.7388235395795306e-05 2.5753797920415185e-08 0.10571274508510477 7.281714811393119e-05 1.5866314828804393 0.00043357088260622366
59492.00212223889 1.6832873996969338 0.00042689880040218024 0.18018848703790194 0.00012929609852248034 3.5847360500415006e-05 2.5722641502936813e-08 0.10135602395881983 7.272905541889518e-05 1.581931375738114 0.0004330497676791263
59492.0021577191 1.6852633939518162 0.0004270105359169756 0.18383610761306327 0.0001293509062680514 3.6573031556740785e-05 2.5733545157471013e-08 0.10340781053234807 7.275988477577891e-05 1.581855583419468 0.0004331650939499711
59492.0021931993 1.6786011812376962 0.0004265696587425726 0.17945986752075327 0.00012924699467963067 3.5702406253180705e-05 2.57128726037939e-08 0.10094617548042371 7.270143450729225e-05 1.5776550057572725 0.0004327206631756484
59492.002228679514 1.6788943063561774 0.0004265930095385312 0.17955877277657378 0.00012925083217675003 3.572208282863271e-05 2.5713636049588456e-08 0.10100180968682275 7.270359309942188e-05 1.5778924966693546 0.00043274404471547345
59492.002264159724 1.6855102854008057 0.00042698293239414894 0.18683837787038604 0.00012939976715661857 3.717031424667916e-05 2.574326572239517e-08 0.10509658755209214 7.278736902559794e-05 1.5804136978487136 0.00043314250039170124
59492.00229963993 1.6902913465040292 0.0004272975658760721 0.18738083907490916 0.00012942991284924302 3.7278233474348454e-05 2.574926301738781e-08 0.10540172197963639 7.28043259776992e-05 1.5848896245243929 0.00043345551061750646
59492.00233512014 1.6884846013841663 0.0004271886603350648 0.18659130197229287 0.00012940428608959606 3.712116005855366e-05 2.5744164735546254e-08 0.10495760735941474 7.278991092539777e-05 1.5835269940247516 0.00043334573108707864
59492.00237060035 1.6889659138968436 0.0004272590926605556 0.1814392279954132 0.00012935205819806798 3.609618750780926e-05 2.5733774326666304e-08 0.10205956574741991 7.276053273641324e-05 1.5869063481494237 0.00043341022990373435
59492.00240608056 1.680404997585339 0.00042670716287787673 0.1759153541634445 0.00012922224412399515 3.499724772609203e-05 2.5707948637201817e-08 0.09895238671693753 7.268751231974727e-05 1.5814526108684015 0.00043285387522640965
59492.00244156076 1.6861539830580425 0.0004270459351234219 0.18655066026699557 0.0001293838208866753 3.711307464818648e-05 2.574009331278848e-08 0.104934746400185 7.277839924875484e-05 1.5812192366578575 0.0004332031002920559
59492.00247704097 1.6818705238977085 0.00042677404117225445 0.17987211329422853 0.00012925406033523313 3.578441994395236e-05 2.5714278271313044e-08 0.10117806372800353 7.270540893856864e-05 1.580692460169705 0.0004329228091789824
59492.00251252118 1.6827706397109492 0.000426837634613312 0.18179209360265458 0.00012930479507807882 3.616638788985875e-05 2.572437162770103e-08 0.1022580526514932 7.273394723141934e-05 1.580512587059456 0.0004329902925033656
59492.00254800139 1.6862357147539577 0.0004270428966002115 0.18706395520718574 0.0001293933378018185 3.721519143193063e-05 2.5741986642898515e-08 0.10522347480404198 7.27837525135229e-05 1.5810122399499158 0.00043320100434630655
59492.0025834816 1.6952256530014587 0.0004276106924008189 0.19139952194523072 0.00012952058881037797 3.8077725028761456e-05 2.5767302426680604e-08 0.10766223109419226 7.285533120583761e-05 1.5875634219072663 0.00043377275564587966
59492.00261896181 1.6938607434820594 0.0004277787000822135 0.18970574408583446 0.00012948470360492941 3.774075863023331e-05 2.5760163291891844e-08 0.10670948104828189 7.283514577777279e-05 1.5871512624337776 0.0004339349890300364
59492.00265444201 1.6848607950694023 0.00042697074443449163 0.18362802464743205 0.00012933704168090638 3.6531634766049e-05 2.5730786885498436e-08 0.10329076386418053 7.275208594550983e-05 1.5815700312052219 0.0004331245578495484
59492.00268992222 1.6970019501775042 0.0004277067965447074 0.19318858688413065 0.00012956026512439209 3.843364818943437e-05 2.5775195778554367e-08 0.1086685801223235 7.287764913247054e-05 1.5883333700551807 0.0004338712430590569
59492.00272540243 1.6954498401725848 0.0004276263281637718 0.19173299597081034 0.00012952682204209009 3.814406757821615e-05 2.5768542488728627e-08 0.10784981023358081 7.285883739867567e-05 1.587600029939004 0.00043378875818296227
59492.00276088264 1.6857523552908384 0.00042703418006039944 0.1839118659184606 0.00012934993990081312 3.65881031927211e-05 2.573335290481749e-08 0.10345042457913407 7.275934119420737e-05 1.5823019307117043 0.00043318831086592435
59492.002796362845 1.6951516075654922 0.00042763456706639225 0.1916862587905847 0.00012952526069312997 3.813476951164229e-05 2.576823186822251e-08 0.1078235205697039 7.28579591398856e-05 1.5873280869957882 0.00043379673253736016
59492.002831843056 1.6911731505788645 0.0004275565018217073 0.1896304045483087 0.00012932240556856443 3.772577030547395e-05 2.572787512346485e-08 0.10666710255842363 7.274385313231748e-05 1.584506048020441 0.0004337006230322384
59492.00286732327 1.6829208229280312 0.0004270572290160128 0.1809939844825421 0.0001291290200885224 3.6007609125367966e-05 2.568940230462624e-08 0.10180911627142991 7.263507379979384e-05 1.5811117066566014 0.00043319017855987535
59492.00290280347 1.6949843638734838 0.00042783040499565445 0.19194561045440628 0.00012937527723085686 3.818636588576268e-05 2.5738393606469007e-08 0.10796940588060353 7.277359344235698e-05 1.5870149579928803 0.0004339756345018222
59492.00293828368 1.6863604754846302 0.0004272717631593085 0.18705933451221507 0.00012922938154162595 3.721427217387425e-05 2.5709368581322884e-08 0.10522087566312097 7.269152711716459e-05 1.5811395998215092 0.0004334111416517689
59492.00297376389 1.6906777956376002 0.00042754999317754844 0.18328223730712506 0.0001292350397893679 3.646284256046343e-05 2.57104942539446e-08 0.10309625848525784 7.269470988151944e-05 1.5875815371523423 0.00043368596646753513
59492.003009244094 1.6911804630331324 0.0004275481829555593 0.18939481947200099 0.00012930309078750026 3.767890214370763e-05 2.5724032569863474e-08 0.10653458595300054 7.27329885679689e-05 1.584645877080132 0.00043369059982276386
59492.003044724304 1.6958683338202836 0.00042791550514308417 0.18750082853059 0.0001293062514032346 3.73021046180866e-05 2.5724661354385147e-08 0.10546921604845687 7.273476641431947e-05 1.5903991177718266 0.0004340530218616229
59492.003080204515 1.6790364849937047 0.00042683055133036125 0.17849278327773446 0.0001290656501942621 3.5510010956102295e-05 2.567679526473282e-08 0.10040219059372563 7.259942823427242e-05 1.5786342943999792 0.00043296073324139157
59492.003115684725 1.6914532468212178 0.00042758906374668954 0.18939399804495732 0.00012930599283123692 3.767873872598965e-05 2.5724609913120673e-08 0.10653412390028849 7.273462096757076e-05 1.5849191229209292 0.00043373117541060696
59492.00315116493 1.6803589934288694 0.0004269391361760324 0.17584485689714224 0.00012905856091772913 3.498322274058394e-05 2.567538489797886e-08 0.0989127320046425 7.259544051622263e-05 1.5814462614242268 0.00043306711256164575
59492.00318664514 1.6846871808880062 0.0004271725471214048 0.18354684085111067 0.0001291669615974763 3.651548376294461e-05 2.569695052799921e-08 0.10324509797874974 7.26564158985804e-05 1.5814420829092564 0.00043330744256868734
59492.00322212535 1.6911970160713845 0.00042762593234075186 0.18302625297287217 0.0001292206779209323 3.641191609527539e-05 2.5707637051002644e-08 0.1029522672972406 7.268663133052441e-05 1.588244748774144 0.0004337594775730864
59492.00325760555 1.7102567502595551 0.0004287957588207785 0.20168079271731504 0.0001296033594789723 4.012311885956577e-05 2.5783769127992863e-08 0.1134454459034897 7.290188970692192e-05 1.5968113043560654 0.00043494883412365583
59492.00329308576 1.68632046249277 0.00042730381982788524 0.186951588542893 0.00012921894478169982 3.719283679435446e-05 2.570729225390775e-08 0.10516026855537731 7.268565643970614e-05 1.5811601939373925 0.00043344175974584264
