GJ3470b/Results/ROEBA_Results/50520_radii/GJ3470b_nrca3_level3_asn_phot.ecsv
# %ECSV 0.9
# ---
# datatype:
# - {name: MJD, datatype: float64}
# - {name: aperture_sum, unit: Jy, datatype: float64}
# - {name: aperture_sum_err, unit: Jy, datatype: float64}
# - {name: annulus_sum, unit: Jy, datatype: float64}
# - {name: annulus_sum_err, unit: Jy, datatype: float64}
# - {name: annulus_mean, unit: Jy, datatype: float64}
# - {name: annulus_mean_err, unit: Jy, datatype: float64}
# - {name: aperture_bkg, unit: Jy, datatype: float64}
# - {name: aperture_bkg_err, unit: Jy, datatype: float64}
# - {name: net_aperture_sum, unit: Jy, datatype: float64}
# - {name: net_aperture_sum_err, unit: Jy, datatype: float64}
# meta: !!omap
# - {instrument: NIRCAM}
# - {detector: NRCA3}
# - {channel: SHORT}
# - {subarray: SUBGRISM256}
# - {filter: F210M}
# - {pupil: WLP8}
# - {target_name: UNKNOWN}
# - {xcenter: 1055}
# - {ycenter: 166}
# - ra_icrs: !numpy.ndarray
#     buffer: !!binary |
#       WFgwQkNJUHhYVUE9
#     dtype: float64
#     order: C
#     shape: !!python/tuple []
# - dec_icrs: !numpy.ndarray
#     buffer: !!binary |
#       S2Yva3ZVM0lMa0E9
#     dtype: float64
#     order: C
#     shape: !!python/tuple []
# - {apertures: Photometry measured in a circular aperture of r=50.0 pixels.  Background calculated as the mean in a circular annulus
#     with r_inner=5.0 pixels and r_outer=20.0 pixels.}
# - {number_of_integrations: 1681}
# - __serialized_columns__:
#     annulus_mean:
#       __class__: astropy.units.quantity.Quantity
#       unit: &id001 !astropy.units.Unit {unit: Jy}
#       value: !astropy.table.SerializedColumn {name: annulus_mean}
#     annulus_mean_err:
#       __class__: astropy.units.quantity.Quantity
#       unit: *id001
#       value: !astropy.table.SerializedColumn {name: annulus_mean_err}
#     annulus_sum:
#       __class__: astropy.units.quantity.Quantity
#       unit: *id001
#       value: !astropy.table.SerializedColumn {name: annulus_sum}
#     annulus_sum_err:
#       __class__: astropy.units.quantity.Quantity
#       unit: *id001
#       value: !astropy.table.SerializedColumn {name: annulus_sum_err}
#     aperture_bkg:
#       __class__: astropy.units.quantity.Quantity
#       unit: *id001
#       value: !astropy.table.SerializedColumn {name: aperture_bkg}
#     aperture_bkg_err:
#       __class__: astropy.units.quantity.Quantity
#       unit: *id001
#       value: !astropy.table.SerializedColumn {name: aperture_bkg_err}
#     aperture_sum:
#       __class__: astropy.units.quantity.Quantity
#       unit: *id001
#       value: !astropy.table.SerializedColumn {name: aperture_sum}
#     aperture_sum_err:
#       __class__: astropy.units.quantity.Quantity
#       unit: *id001
#       value: !astropy.table.SerializedColumn {name: aperture_sum_err}
#     net_aperture_sum:
#       __class__: astropy.units.quantity.Quantity
#       unit: *id001
#       value: !astropy.table.SerializedColumn {name: net_aperture_sum}
#     net_aperture_sum_err:
#       __class__: astropy.units.quantity.Quantity
#       unit: *id001
#       value: !astropy.table.SerializedColumn {name: net_aperture_sum_err}
# schema: astropy-2.0
MJD aperture_sum aperture_sum_err annulus_sum annulus_sum_err annulus_mean annulus_mean_err aperture_bkg aperture_bkg_err net_aperture_sum net_aperture_sum_err
[from data line 1381]
59907.12988483889 0.3069285625128868 5.257095931720024e-05 0.020019465477906978 1.219340602503286e-05 1.699305007395439e-05 1.0350084490722553e-08 0.1334631031860465 8.128937350021908e-05 0.1734654593268403 9.680737579125282e-05
59907.1300251191 0.3068250180536438 5.256631256277725e-05 0.02000585252505187 1.2192532413721349e-05 1.6981495040690568e-05 1.034934294641019e-08 0.1333723501670125 8.1283549424809e-05 0.17345266788663133 9.67999618984582e-05
59907.13016539931 0.30679996246488483 5.2566331906720686e-05 0.020003670681646803 1.2190001469159845e-05 1.6979643034488065e-05 1.0347194613942697e-08 0.133357804544312 8.126667646106563e-05 0.17344215792057283 9.678580450228763e-05
59907.130305679515 0.30692459819274903 5.257524606608636e-05 0.020047448892432294 1.2194843902304403e-05 1.7016803133934623e-05 1.0351304998857623e-08 0.13364965928288194 8.129895934869603e-05 0.1732749389098671 9.681775296964115e-05
59907.13044595972 0.3068942844965837 5.257147599093877e-05 0.02001968575246089 1.2194239077903146e-05 1.6993237048802887e-05 1.0350791607960754e-08 0.13346457168307263 8.129492718602096e-05 0.17342971281351105 9.6812319846424e-05
59907.13058623993 0.30684970688898383 5.256887980256106e-05 0.02000591781861513 1.2194006730489227e-05 1.6981550463588403e-05 1.0350594385350409e-08 0.1333727854574342 8.129337820326151e-05 0.17347692143154964 9.680960935462257e-05
59907.13072652014 0.3068314125681486 5.256468483682073e-05 0.02003539081344822 1.2195839418770822e-05 1.7006567918603915e-05 1.0352150019479275e-08 0.1335692720896548 8.130559612513882e-05 0.1732621404784938 9.681759165181956e-05
59907.13086680035 0.306909367868327 5.257049813783399e-05 0.02001961378551706 1.2194104663672694e-05 1.6993175961363686e-05 1.0350677513618365e-08 0.13346409190344707 8.129403109115131e-05 0.17344527596487994 9.681103638278584e-05
59907.131007080556 0.3068630444188325 5.256795738246051e-05 0.020036721646456052 1.2194432004900227e-05 1.7007697564745924e-05 1.0350955369482042e-08 0.13357814430970702 8.129621336600152e-05 0.17328490010912548 9.681148925109369e-05
59907.131147360764 0.3068711686551794 5.2573528496140866e-05 0.020016956055408743 1.2192952337402548e-05 1.699092000998159e-05 1.0349699388701305e-08 0.13344637370272494 8.128634891601699e-05 0.17342479495245444 9.680623130062958e-05
59907.13128764097 0.30692107426323506 5.258343638275744e-05 0.02002932073349159 1.219446161921884e-05 1.7001415474710258e-05 1.0350980506896408e-08 0.13352880488994393 8.129641079479227e-05 0.17339226937329114 9.682006088582633e-05
59907.13142792118 0.30699766834674974 5.258194182799715e-05 0.020032895073965676 1.2194403431978697e-05 1.700444946913556e-05 1.0350931116032975e-08 0.13355263382643784 8.129602287985798e-05 0.1734450345203119 9.681892347307559e-05
59907.13156820139 0.3068755571299754 5.256817596891868e-05 0.020031228904603144 1.2193211330258528e-05 1.700303518065516e-05 1.0349919228665331e-08 0.1335415260306876 8.128807553505686e-05 0.17333403109928777 9.680477441165963e-05
59907.1317084816 0.30691908908028903 5.257669324464734e-05 0.020015195942562184 1.2192281370304336e-05 1.69894259797953e-05 1.0349129854139532e-08 0.13343463961708124 8.12818758020289e-05 0.1734844494632078 9.680419415726881e-05
59907.131848761805 0.3068077353830809 5.25646859706847e-05 0.0200113322750448 1.2191392951453314e-05 1.698614639694807e-05 1.034837574079726e-08 0.133408881833632 8.127595300968875e-05 0.17339885354944892 9.679269987364663e-05
59907.13198904201 0.3069141237931583 5.257065557579958e-05 0.02003883152835581 1.2195044015726284e-05 1.7009488488125586e-05 1.0351474860405736e-08 0.13359221018903875 8.130029343817523e-05 0.17332191360411955 9.681638053967287e-05
59907.13212932222 0.30687051536787147 5.256863129268375e-05 0.02003162363692984 1.2193764824347087e-05 1.700337023986045e-05 1.0350389049039551e-08 0.13354415757953228 8.129176549564725e-05 0.17332635778833919 9.680812018309949e-05
59907.13226960243 0.30694236255594776 5.2604325177088916e-05 0.02002773891494084 1.219373406928753e-05 1.7000072785422654e-05 1.0350362943334199e-08 0.13351825943293896 8.129156046191687e-05 0.1734241031230088 9.682733513667717e-05
59907.13240988264 0.3068860791988889 5.2570833617514705e-05 0.020008998490054334 1.219071467138014e-05 1.6984165418722227e-05 1.0347799998789545e-08 0.1333933232670289 8.127143114253427e-05 0.17349275593185998 9.67922417717252e-05
59907.132550162845 0.3068925244496412 5.256999482677953e-05 0.020031435759468634 1.2194114043568323e-05 1.7003210764518336e-05 1.0350685475521057e-08 0.13354290506312425 8.129409362378883e-05 0.17334961938651697 9.68108155848352e-05
59907.13269044305 0.3067716888492249 5.256353840943304e-05 0.020019152490790334 1.219488398665036e-05 1.6992784402238458e-05 1.035133902350722e-08 0.1334610166052689 8.129922657766907e-05 0.173310672243956 9.681162023356037e-05
59907.13283072326 0.3067959802980926 5.256526519579025e-05 0.020019790229953226 1.2192655019854653e-05 1.6993325732052735e-05 1.0349447017728424e-08 0.13346526819968815 8.128436679903103e-05 0.17333071209840442 9.680007949905401e-05
59907.13297100347 0.306905035724439 5.256960864932795e-05 0.02003953488543184 1.2194246604232918e-05 1.701008551615443e-05 1.0350797996507883e-08 0.13359689923621226 8.129497736155279e-05 0.17330813648822674 9.681134798028005e-05
59907.13311128368 0.30684030072659785 5.2567439205597604e-05 0.020016599419285963 1.2193389035157716e-05 1.6990617287838522e-05 1.0350070069268623e-08 0.1334439961285731 8.128926023438477e-05 0.17339630459802474 9.680536913874008e-05
59907.133251563886 0.30692674199421643 5.257266863977484e-05 0.020031936973286382 1.2194669348833503e-05 1.700363620802042e-05 1.0351156833269742e-08 0.13354624648857588 8.129779565889002e-05 0.17338049550564055 9.681537619046988e-05
59907.133391844094 0.30685064121624117 5.2568198316721154e-05 0.02002300577634164 1.219293053731703e-05 1.6996055172599177e-05 1.0349680884214e-08 0.13348670517561095 8.128620358211355e-05 0.17336393604063022 9.680321465250488e-05
59907.1335321243 0.3069220225906083 5.2573390814341406e-05 0.020010079409797592 1.2191542253138615e-05 1.698508293189676e-05 1.0348502472003807e-08 0.13340052939865063 8.127694835425743e-05 0.17352149319195767 9.679826318430567e-05
59907.13367240451 0.30687788450904907 5.256918276607363e-05 0.020024416579127007 1.2193303584804812e-05 1.699725269919661e-05 1.0349997536756337e-08 0.1334961105275134 8.128869056536541e-05 0.17338177398153568 9.680583758495446e-05
59907.133812684726 0.30679344260273 5.256330910396858e-05 0.02000301882432446 1.2190457089641167e-05 1.6979089720807845e-05 1.0347581356618837e-08 0.13335345882882974 8.126971393094111e-05 0.17343998377390027 9.678671327396313e-05
59907.133952964934 0.306776449771833 5.257364861720039e-05 0.02000452666163462 1.21897156441128e-05 1.698036961286806e-05 1.0346951998107515e-08 0.13336351107756414 8.1264770960752e-05 0.17341293869426885 9.678817865952607e-05
59907.13409324514 0.3069366211512572 5.257252439394736e-05 0.020026037290292203 1.2194006717374285e-05 1.6998628401560692e-05 1.0350594374218101e-08 0.1335069152686147 8.129337811582857e-05 0.1734297058826425 9.681158839020908e-05
59907.13423352535 0.3069051923772066 5.257173401189079e-05 0.02002329427263452 1.2192880940035466e-05 1.6996300055858244e-05 1.0349638784733866e-08 0.13348862848423013 8.128587293356977e-05 0.17341656389297647 9.680485708676731e-05
59907.13437380556 0.30692256231738096 5.258548411218172e-05 0.020016997626478964 1.219446873237102e-05 1.699095529660194e-05 1.0350986544727502e-08 0.1334466508431931 8.12964582158068e-05 0.17347591147418787 9.682121285000997e-05
59907.13451408577 0.3069064428849708 5.2569022381115676e-05 0.020022047594341556 1.2192828232041387e-05 1.6995241842456803e-05 1.0349594044798944e-08 0.13348031729561038 8.128552154694259e-05 0.17342612558936044 9.680308945103306e-05
59907.134654365975 0.3068612133872194 5.2585448902045126e-05 0.02004131156711876 1.2195280962386888e-05 1.7011593610409227e-05 1.0351675986977919e-08 0.13360874378079174 8.130187308257926e-05 0.17325246960642765 9.682574039461523e-05
59907.13479464618 0.306900700452022 5.257059004596393e-05 0.020025336103024025 1.2193760998163624e-05 1.699803321532195e-05 1.0350385801274158e-08 0.13350224068682684 8.12917399877575e-05 0.17339845976519516 9.680916241770701e-05
59907.13493492639 0.306927493020288 5.25732922139034e-05 0.02001410239341805 1.2192366886386929e-05 1.6988497746452352e-05 1.0349202442444911e-08 0.13342734928945366 8.128244590924619e-05 0.17350014373083433 9.680282571907706e-05
59907.1350752066 0.3068104226521192 5.2563427394981634e-05 0.02002883403065884 1.2194279279613193e-05 1.7001002348514797e-05 1.0350825732232087e-08 0.13352556020439227 8.12951951974213e-05 0.17328486244772695 9.680817456028359e-05
59907.13521548681 0.3069058739276285 5.257085647965188e-05 0.0200324060848223 1.2194951063214882e-05 1.7004034402259367e-05 1.0351395959863537e-08 0.13354937389881535 8.129967375476588e-05 0.17335650002881317 9.681596925939193e-05
59907.135355767015 0.30676506009292215 5.2566629721451455e-05 0.01999257040701468 1.2188747930526868e-05 1.697022082874204e-05 1.0346130577303791e-08 0.1332838027134312 8.12583195368458e-05 0.17348125737949094 9.677894943749038e-05
59907.13549604722 0.3069150390710138 5.2574799567495074e-05 0.020040254144046504 1.2194495241160656e-05 1.7010696041828488e-05 1.0351009046087002e-08 0.13360169429364338 8.129663494107105e-05 0.17331334477737043 9.681555867888205e-05
59907.13563632743 0.3068583735852018 5.256692258705137e-05 0.02002098536229039 1.219242979059242e-05 1.6994340191887983e-05 1.0349255837192885e-08 0.13347323574860262 8.128286527061613e-05 0.17338513783659917 9.679971868179259e-05
59907.13577660764 0.3068307731061822 5.2566316435851654e-05 0.020025819900905004 1.2193887495749188e-05 1.6998443875717766e-05 1.0350493175759661e-08 0.13350546600603336 8.129258330499459e-05 0.17332530710014882 9.680754993301697e-05
59907.13591688785 0.3069312693716564 5.257511130253543e-05 0.020045029032140775 1.219744144569679e-05 1.7014749092724028e-05 1.0353509862168525e-08 0.13363352688093852 8.131627630464528e-05 0.17329774249071786 9.683222149949574e-05
59907.136057168056 0.306877879388912 5.256946090620201e-05 0.020018269087486967 1.2192128854785573e-05 1.6992034546225258e-05 1.0349000394946417e-08 0.13345512724991312 8.128085903190383e-05 0.17342275213899885 9.67994125236973e-05
59907.136197448264 0.3068439880436898 5.2569325885052645e-05 0.020015350498353977 1.2191536853087197e-05 1.6989557170825956e-05 1.03484978882978e-08 0.13343566998902653 8.127691235391465e-05 0.17340831805466325 9.679602525824493e-05
59907.13633772847 0.3069035680179995 5.258625022602014e-05 0.020013139239867733 1.2191847399842776e-05 1.6987680196327074e-05 1.0348761488570929e-08 0.1334209282657849 8.12789826656185e-05 0.17348263975221462 9.680695603101833e-05
59907.13647800868 0.30684271570758603 5.2568611285428575e-05 0.019991855641414022 1.2189581590488767e-05 1.6969614116856722e-05 1.0346838209857359e-08 0.1332790376094268 8.126387726992512e-05 0.17356367809815923 9.678469218538612e-05
59907.13661828889 0.3069329013227772 5.2571216835516124e-05 0.020042904261432425 1.219517648820566e-05 1.7012945531331117e-05 1.0351587306538623e-08 0.13361936174288286 8.130117658803773e-05 0.17331353957989432 9.681742691357867e-05
59907.1367585691 0.30686563875637907 5.256910009802653e-05 0.020003964843224864 1.218964805509779e-05 1.6979892726590552e-05 1.0346894626769715e-08 0.1333597656214991 8.12643203673186e-05 0.17350587313487997 9.678532972449143e-05
59907.136898849305 0.3068683694811583 5.257025984548934e-05 0.020031318096651766 1.2195478882607642e-05 1.7003110889217415e-05 1.0351843986879096e-08 0.13354212064434512 8.130319255071762e-05 0.1733262488368132 9.681860017146154e-05
59907.13703912951 0.3068523702487238 5.2568091067678045e-05 0.020040909296963262 1.2195346567188795e-05 1.701125215289613e-05 1.0351731674063328e-08 0.1336060619797551 8.13023104479253e-05 0.1732463082689687 9.681668184084041e-05
59907.13717940972 0.30688793685669835 5.257029948784609e-05 0.020028075620530467 1.2194630256994997e-05 1.700035859000375e-05 1.0351123651086634e-08 0.13352050413686978 8.129753504663332e-05 0.17336743271982857 9.681387087034793e-05
59907.13731968993 0.30695694707730786 5.2575382692032656e-05 0.020009326340356726 1.2193079135626873e-05 1.6984443706702065e-05 1.0349807018376914e-08 0.1333955089357115 8.128719423751249e-05 0.17356143814159636 9.680794808392941e-05
59907.13745997014 0.3068334403245423 5.257309808606353e-05 0.020042550360026033 1.2195717264868118e-05 1.701264513048741e-05 1.0352046332026298e-08 0.13361700240017355 8.130478176578746e-05 0.17321643792436875 9.68214758219951e-05
59907.137600250346 0.3068706630664416 5.2570251128450276e-05 0.020017061386569713 1.2192033630254913e-05 1.6991009417847884e-05 1.0348919565854373e-08 0.13344707591046476 8.128022420169942e-05 0.17342358715597686 9.679930862349612e-05
59907.137740530554 0.306932946570848 5.257082763056241e-05 0.020048307552402778 1.2197072925548438e-05 1.7017531987154557e-05 1.035319705255125e-08 0.13365538368268517 8.131381950365626e-05 0.17327756288816284 9.68278325691301e-05
59907.13788081076 0.30697403888336194 5.2575716164889345e-05 0.020020529508135827 1.219271484062914e-05 1.6993953250863835e-05 1.0349497795178873e-08 0.13347019672090552 8.128476560419428e-05 0.17350384216245643 9.680608994056011e-05
59907.13802109097 0.3068857615703271 5.2577478446427836e-05 0.02003175610930132 1.2193819247403845e-05 1.7003482685901753e-05 1.035043524476489e-08 0.13354504072867548 8.129212831602563e-05 0.1733407208416516 9.681322929194006e-05
59907.13816137118 0.3067845431376143 5.257103337325313e-05 0.020003168688614646 1.2191526728676676e-05 1.697921692956825e-05 1.034848929443124e-08 0.13335445792409764 8.127684485784452e-05 0.17343008521351663 9.679689592119068e-05
59907.13830165139 0.30696867091293706 5.2577902942670186e-05 0.01999442017909355 1.2190320790416493e-05 1.6971790964048416e-05 1.0347465662243656e-08 0.13329613452729033 8.126880526944329e-05 0.17367253638564673 9.679387680928758e-05
59907.138441931595 0.30689488352108923 5.256893510759467e-05 0.020027364286889216 1.2193623800224496e-05 1.6999754791256055e-05 1.0350269344046456e-08 0.1335157619125948 8.129082533482998e-05 0.17337912160849445 9.680749569100698e-05
59907.1385822118 0.30682812478917226 5.2567143590568445e-05 0.019993984587998677 1.2190286423145084e-05 1.6971421222843532e-05 1.0347436490397656e-08 0.13329323058665787 8.126857615430057e-05 0.1735348942025144 9.678784043163063e-05
59907.13872249201 0.30687409574912816 5.257557622498729e-05 0.02003324287851617 1.2195719509135028e-05 1.7004744694807246e-05 1.0352048237019217e-08 0.13355495252344113 8.130479672756686e-05 0.17331914322568703 9.682283401295594e-05
59907.13886277222 0.30680937525086327 5.2566476694017014e-05 0.0200241157717873 1.2193054839761674e-05 1.6996997365996437e-05 1.0349786395406017e-08 0.13349410514524868 8.128703226507783e-05 0.1733152701056146 9.680297560760432e-05
59907.13900305243 0.3068744753106296 5.2570157423117185e-05 0.02000858258074567 1.21927258165257e-05 1.698381238393635e-05 1.0349507111809233e-08 0.13339055053830448 8.128483877683801e-05 0.17348392477232513 9.680313252404527e-05
59907.139143332635 0.30691533975655255 5.257766580532019e-05 0.020031039749483146 1.2193827025244818e-05 1.7002874620802578e-05 1.0350441846801358e-08 0.1335402649965543 8.12921801682988e-05 0.17337507475999825 9.681337458249809e-05
59907.13928361285 0.30689838904072564 5.256988015279972e-05 0.02003187284430368 1.219450452462498e-05 1.700358177364926e-05 1.035101692613626e-08 0.13354581896202455 8.129669683083319e-05 0.17335257007870108 9.681293929472511e-05
