GJ3470b/Results/ROEBA_Results/50520_radii/GJ3470b_nrca3_level3_asn_phot.ecsv
# %ECSV 0.9
# ---
# datatype:
# - {name: MJD, datatype: float64}
# - {name: aperture_sum, unit: Jy, datatype: float64}
# - {name: aperture_sum_err, unit: Jy, datatype: float64}
# - {name: annulus_sum, unit: Jy, datatype: float64}
# - {name: annulus_sum_err, unit: Jy, datatype: float64}
# - {name: annulus_mean, unit: Jy, datatype: float64}
# - {name: annulus_mean_err, unit: Jy, datatype: float64}
# - {name: aperture_bkg, unit: Jy, datatype: float64}
# - {name: aperture_bkg_err, unit: Jy, datatype: float64}
# - {name: net_aperture_sum, unit: Jy, datatype: float64}
# - {name: net_aperture_sum_err, unit: Jy, datatype: float64}
# meta: !!omap
# - {instrument: NIRCAM}
# - {detector: NRCA3}
# - {channel: SHORT}
# - {subarray: SUBGRISM256}
# - {filter: F210M}
# - {pupil: WLP8}
# - {target_name: UNKNOWN}
# - {xcenter: 1055}
# - {ycenter: 166}
# - ra_icrs: !numpy.ndarray
#     buffer: !!binary |
#       WFgwQkNJUHhYVUE9
#     dtype: float64
#     order: C
#     shape: !!python/tuple []
# - dec_icrs: !numpy.ndarray
#     buffer: !!binary |
#       S2Yva3ZVM0lMa0E9
#     dtype: float64
#     order: C
#     shape: !!python/tuple []
# - {apertures: Photometry measured in a circular aperture of r=50.0 pixels.  Background calculated as the mean in a circular annulus
#     with r_inner=5.0 pixels and r_outer=20.0 pixels.}
# - {number_of_integrations: 1681}
# - __serialized_columns__:
#     annulus_mean:
#       __class__: astropy.units.quantity.Quantity
#       unit: &id001 !astropy.units.Unit {unit: Jy}
#       value: !astropy.table.SerializedColumn {name: annulus_mean}
#     annulus_mean_err:
#       __class__: astropy.units.quantity.Quantity
#       unit: *id001
#       value: !astropy.table.SerializedColumn {name: annulus_mean_err}
#     annulus_sum:
#       __class__: astropy.units.quantity.Quantity
#       unit: *id001
#       value: !astropy.table.SerializedColumn {name: annulus_sum}
#     annulus_sum_err:
#       __class__: astropy.units.quantity.Quantity
#       unit: *id001
#       value: !astropy.table.SerializedColumn {name: annulus_sum_err}
#     aperture_bkg:
#       __class__: astropy.units.quantity.Quantity
#       unit: *id001
#       value: !astropy.table.SerializedColumn {name: aperture_bkg}
#     aperture_bkg_err:
#       __class__: astropy.units.quantity.Quantity
#       unit: *id001
#       value: !astropy.table.SerializedColumn {name: aperture_bkg_err}
#     aperture_sum:
#       __class__: astropy.units.quantity.Quantity
#       unit: *id001
#       value: !astropy.table.SerializedColumn {name: aperture_sum}
#     aperture_sum_err:
#       __class__: astropy.units.quantity.Quantity
#       unit: *id001
#       value: !astropy.table.SerializedColumn {name: aperture_sum_err}
#     net_aperture_sum:
#       __class__: astropy.units.quantity.Quantity
#       unit: *id001
#       value: !astropy.table.SerializedColumn {name: net_aperture_sum}
#     net_aperture_sum_err:
#       __class__: astropy.units.quantity.Quantity
#       unit: *id001
#       value: !astropy.table.SerializedColumn {name: net_aperture_sum_err}
# schema: astropy-2.0
MJD aperture_sum aperture_sum_err annulus_sum annulus_sum_err annulus_mean annulus_mean_err aperture_bkg aperture_bkg_err net_aperture_sum net_aperture_sum_err
[from data line 622]
59907.023412160765 0.30691936834915645 5.258202132090111e-05 0.020025048298574925 1.2196034505326959e-05 1.699778891931812e-05 1.0352315614091222e-08 0.1335003219904995 8.130689670217974e-05 0.17341904635865696 9.682809725245366e-05
59907.02355244097 0.30694735301157683 5.2581210486044796e-05 0.020048366207949853 1.2199729116106262e-05 1.701758177552926e-05 1.0355451697122297e-08 0.1336557747196657 8.133152744070842e-05 0.17329157829191114 9.684834047115342e-05
59907.02369272118 0.3068931250201945 5.257877990450647e-05 0.02003643519968011 1.219757246277589e-05 1.7007454421170863e-05 1.0353621072919288e-08 0.13357623466453408 8.131714975183926e-05 0.17331689035566042 9.68349468942364e-05
59907.02383300139 0.30695146489561487 5.258323815850963e-05 0.020053121625464968 1.2202962109248295e-05 1.702161829928391e-05 1.035819594693316e-08 0.13368747750309978 8.135308072832197e-05 0.17326398739251508 9.686754192826105e-05
59907.0239732816 0.3069136318331236 5.2578366667055785e-05 0.020029791286284723 1.2196055000334124e-05 1.700181489232633e-05 1.0352333010793618e-08 0.13353194190856485 8.130703333556083e-05 0.17338168992455874 9.682622739322938e-05
59907.024113561805 0.30697307022124076 5.2583361313632253e-05 0.020029186865249873 1.2197201572569934e-05 1.70013018438175e-05 1.0353306251534636e-08 0.13352791243499917 8.131467715046623e-05 0.1734451577862416 9.683535824854758e-05
59907.02425384201 0.3067893686330536 5.2569888723612475e-05 0.020019339116394634 1.2194849919617587e-05 1.6992942814971425e-05 1.0351310106511689e-08 0.1334622607759642 8.129899946411726e-05 0.1733271078570894 9.681487754616816e-05
59907.02439412222 0.30685653775995847 5.2584327320165855e-05 0.020027346356930712 1.219562518691807e-05 1.6999739571834588e-05 1.0351968173834832e-08 0.13351564237953809 8.130416791278714e-05 0.17334089538042038 9.682705820020056e-05
59907.02453440243 0.3069056631578667 5.258135242404554e-05 0.020031542884517174 1.220094812354928e-05 1.700330169508369e-05 1.0356486422776815e-08 0.13354361923011449 8.13396541569952e-05 0.17336204392775223 9.685524230066882e-05
59907.02467468264 0.30693315127219234 5.2581100136346125e-05 0.020023971628531118 1.2196400584557168e-05 1.6996875013400517e-05 1.0352626351792827e-08 0.13349314419020744 8.130933723038112e-05 0.1734400070819849 9.682964635065181e-05
59907.024814962846 0.30694346418840374 5.2583911980500417e-05 0.02004006515526353 1.2204006564144341e-05 1.701053562316716e-05 1.0359082507784053e-08 0.13360043436842356 8.136004376096228e-05 0.17334302981998018 9.687375557889099e-05
59907.024955243054 0.30682174539933843 5.257420169612936e-05 0.020015206302828065 1.219528127223737e-05 1.698943477386211e-05 1.0351676249987176e-08 0.13343470868552043 8.130187514824913e-05 0.173387036713818 9.681963430320722e-05
59907.02509552326 0.30683222412454414 5.257436925672829e-05 0.020012112260070623 1.2194272113374414e-05 1.698680846880086e-05 1.0350819649339687e-08 0.13341408173380417 8.12951474224961e-05 0.17341814239073997 9.681407592487877e-05
59907.02523580347 0.30692697071937125 5.257846559436795e-05 0.020034400903439012 1.219602138796374e-05 1.7005727656890947e-05 1.0352304479727507e-08 0.1335626726895934 8.13068092530916e-05 0.17336429802977785 9.682609294594488e-05
59907.02537608368 0.306950720387725 5.258433211459051e-05 0.020057007213397884 1.2201195756938693e-05 1.702491648875773e-05 1.0356696620526148e-08 0.13371338142265254 8.134130504625797e-05 0.17323733896507243 9.685824637358425e-05
59907.02551636389 0.30683154754722297 5.257620219402334e-05 0.020003739821273316 1.2194628692957432e-05 1.6979701722025787e-05 1.0351122323490315e-08 0.13335826547515545 8.129752461971622e-05 0.17347328207206753 9.681706743358936e-05
59907.025656644095 0.30690148138159673 5.258051093202615e-05 0.0200020692939499 1.2193485194224899e-05 1.69782837343933e-05 1.0350151691619905e-08 0.13334712862633266 8.128990129483266e-05 0.17355435275526407 9.681300626670239e-05
59907.0257969243 0.30691131842169084 5.257955238148274e-05 0.02002474799623338 1.2197209677062141e-05 1.6997534014773702e-05 1.0353313130841281e-08 0.1334983199748892 8.131473118041427e-05 0.17341299844680164 9.683333535296676e-05
59907.02593720451 0.3069523456801916 5.2513297759056307e-05 0.02001801276043012 1.2182652186718723e-05 1.6991816969061815e-05 1.0340956349256388e-08 0.13345341840286745 8.121768124479149e-05 0.17349892727732413 9.671586316789951e-05
59907.02607748472 0.3068686923957772 5.251351109334743e-05 0.020037861406524513 1.2186394208253273e-05 1.7008665023139706e-05 1.0344132675786414e-08 0.13358574271016344 8.124262805502183e-05 0.17328294968561375 9.673692914620426e-05
59907.02621776493 0.30689518205569705 5.250740500508409e-05 0.02002983488155114 1.2178519673068681e-05 1.7001851897137772e-05 1.0337448562724127e-08 0.13353223254367427 8.119013115379121e-05 0.17336294951202277 9.668952878744289e-05
59907.026358045136 0.3068994818997171 5.250882459402057e-05 0.02000440255439335 1.2175849453496656e-05 1.698026426736981e-05 1.0335182009955975e-08 0.13336268369595566 8.117232968997771e-05 0.17353679820376144 9.66753524304104e-05
59907.026498325344 0.3069604599792949 5.2514665129298046e-05 0.020045405273808613 1.218130579651338e-05 1.7015068456570608e-05 1.0339813497754996e-08 0.1336360351587241 8.12087053100892e-05 0.17332442482057078 9.670906819829887e-05
59907.02663860556 0.3068883208041709 5.250912989197342e-05 0.020039987832119424 1.2182365756982182e-05 1.701046998924396e-05 1.034071322014482e-08 0.13359991888079617 8.121577171321455e-05 0.17328840192337472 9.671199665493995e-05
59907.02677888577 0.30688243165434037 5.251167281862514e-05 0.02002982361816416 1.2179461612284902e-05 1.7001842336477965e-05 1.0338248105563346e-08 0.13353215745442776 8.119641074856602e-05 0.1733502741999126 9.669711940208034e-05
59907.026919165975 0.3069030281158457 5.25063725596747e-05 0.02002689658099029 1.2178024756662878e-05 1.6999357790158843e-05 1.0337028464631323e-08 0.1335126438732686 8.118683171108586e-05 0.17339038424257708 9.668619758093467e-05
59907.02705944618 0.3068749162443399 5.2512902574691033e-05 0.020035642465383037 1.2179484150044245e-05 1.7006781527400527e-05 1.0338267236207643e-08 0.13357094976922024 8.119656100029497e-05 0.17330396647511964 9.669791339575851e-05
59907.02719972639 0.306973507536155 5.251212736675317e-05 0.02003335537928919 1.2178854481013274e-05 1.7004840188429262e-05 1.0337732756534091e-08 0.1335557025285946 8.119236320675516e-05 0.17341780500756038 9.669396756612977e-05
59907.0273400066 0.3068427237108392 5.251511314758909e-05 0.020013883132304018 1.2177223290318409e-05 1.6988311631838347e-05 1.0336348158868954e-08 0.13342588754869344 8.118148860212273e-05 0.17341683616214576 9.668645820672442e-05
59907.02748028681 0.3068748254316706 5.2506503404878304e-05 0.020026161469456405 1.2176193202379498e-05 1.699873380810902e-05 1.0335473793070036e-08 0.13350774312970937 8.117462134919666e-05 0.17336708230196124 9.667601590359395e-05
59907.027620567016 0.3068550940321132 5.250510184468307e-05 0.020018903293320588 1.2177220897829476e-05 1.6992572876856504e-05 1.0336346128061275e-08 0.13345935528880393 8.118147265219651e-05 0.17339573874330927 9.668100755422376e-05
59907.027760847224 0.3068203825881267 5.2506217679820026e-05 0.020000629849862964 1.2175676540674034e-05 1.6977061896304017e-05 1.0335035236993606e-08 0.13333753233241977 8.11711769378269e-05 0.17348285025570695 9.667296861332358e-05
59907.02790112743 0.30693377668675204 5.251660163120346e-05 0.02002609855367519 1.2178969324759229e-05 1.6998680403535267e-05 1.0337830238933302e-08 0.13350732369116794 8.11931288317282e-05 0.1734264529955841 9.669704037030366e-05
59907.02804140764 0.3068837762554262 5.251496934788726e-05 0.020019453561612915 1.2180477701944903e-05 1.699303995908984e-05 1.0339110589254086e-08 0.1334630237440861 8.120318467963269e-05 0.17342075251134006 9.67045976555617e-05
59907.02818168785 0.3069159045960609 5.250937190091445e-05 0.020016841856255865 1.2177094401369802e-05 1.699082307472998e-05 1.0336238754531457e-08 0.1334456123750391 8.118062934246535e-05 0.17347029222102178 9.668261848888502e-05
59907.02832196806 0.30693346048039505 5.251301884552291e-05 0.020128159229885034 1.2214514493753411e-05 1.708531219614379e-05 1.0368001915458427e-08 0.13418772819923358 8.143009662502275e-05 0.17274573228116147 9.689415763930654e-05
59907.028462248265 0.30693417851112265 5.2512223622661426e-05 0.02003162682226869 1.2179257423477108e-05 1.700337294366004e-05 1.0338074784720229e-08 0.1335441788151246 8.119504948984738e-05 0.17338999969599805 9.669627547871307e-05
59907.02860252847 0.30687406113852145 5.2512542705392597e-05 0.02002583248927601 1.2177143316044423e-05 1.6998454561058945e-05 1.0336280274596821e-08 0.13350554992850674 8.118095544029615e-05 0.1733685112100147 9.668461443055473e-05
59907.02874280868 0.30684468280183014 5.25071092894116e-05 0.01999185918195271 1.2174571137327953e-05 1.6969617122159303e-05 1.0334096941491531e-08 0.13327906121301808 8.116380758218637e-05 0.17356562158881206 9.666726533407463e-05
59907.02888308889 0.3068998956565122 5.250880265082402e-05 0.02001815559477284 1.2177632268800523e-05 1.6991938210617483e-05 1.0336695310586536e-08 0.13345437063181895 8.118421512533682e-05 0.17344552502469326 9.668532019567474e-05
59907.0290233691 0.30697185653056425 5.2512430601423585e-05 0.020032413066963746 1.2179690470973597e-05 1.7004040328885097e-05 1.033844236685175e-08 0.13354942044642498 8.119793647315732e-05 0.17342243608413926 9.669881206699605e-05
59907.029163649306 0.30691942844454706 5.250691580373943e-05 0.02004251460641622 1.218091610963068e-05 1.7012614781880825e-05 1.0339482721255585e-08 0.1336167640427748 8.120610739753787e-05 0.17330266440177225 9.670267879372026e-05
59907.029303929514 0.3069026769200265 5.2509067765555755e-05 0.020023792525470926 1.217745666617221e-05 1.6996722986001306e-05 1.0336546254446185e-08 0.1334919501698062 8.118304444114808e-05 0.1734107267502203 9.668448118669899e-05
59907.02944420972 0.306959144374113 5.2513093975912904e-05 0.020022335671070195 1.217895814478645e-05 1.699548636957868e-05 1.0337820749077668e-08 0.1334822378071346 8.119305429857634e-05 0.17347690656697837 9.669507280753568e-05
59907.02958448993 0.30698320334428186 5.251289647032018e-05 0.020049939385048756 1.2181186754085633e-05 1.7018917129724726e-05 1.033971245140399e-08 0.1336662625669917 8.120791169390422e-05 0.17331694077729015 9.67074413754573e-05
59907.02972477014 0.30681071504861085 5.250100658850081e-05 0.020041840514069143 1.2181467543622357e-05 1.7012042594525423e-05 1.0339950792965262e-08 0.13361227009379428 8.120978362414906e-05 0.17319844495481657 9.670255761398927e-05
59907.02986505035 0.30698173116457467 5.251873237131615e-05 0.020020827960175534 1.217953630989418e-05 1.6994206584823277e-05 1.0338311510863368e-08 0.13347218640117023 8.119690873262788e-05 0.17350954476340444 9.670137143611064e-05
59907.030005330555 0.306902711474917 5.2510258612964584e-05 0.020023561574302164 1.2178414000303343e-05 1.6996526948560658e-05 1.0337358864895041e-08 0.13349041049534777 8.118942666868896e-05 0.17341230097956922 9.669048692808845e-05
59907.03014561076 0.30693543274776613 5.251919538177577e-05 0.020043212672537548 1.2181266832991682e-05 1.7013207318807834e-05 1.0339780424490578e-08 0.13362141781691697 8.120844555327788e-05 0.17331401493084916 9.671131015930265e-05
59907.03028589097 0.3068759731508529 5.250659986728177e-05 0.02004066878236206 1.2180004325796203e-05 1.7011047997761907e-05 1.0338708775099381e-08 0.13360445854908043 8.120002883864136e-05 0.17327151460177248 9.669740282457964e-05
59907.03042617118 0.30672756301579884 5.249937354101636e-05 0.019993134125782682 1.2173851506270564e-05 1.6970699328093727e-05 1.0333486099678271e-08 0.13328756083855123 8.115901004180376e-05 0.17344000217724762 9.665903544503624e-05
59907.03056645139 0.30698724040105724 5.252442028869549e-05 0.020028820106430374 1.2178007733747266e-05 1.700099052926259e-05 1.0337014015131773e-08 0.1335254673762025 8.118671822498177e-05 0.17346177302485474 9.669590447793594e-05
59907.030706731595 0.306869611219279 5.250728847254955e-05 0.020016594311255125 1.2178728959528996e-05 1.699061295200728e-05 1.0337626210589094e-08 0.13344396207503417 8.119152639685998e-05 0.17342564914424485 9.669063709269655e-05
59907.0308470118 0.30691187710007867 5.251015666079796e-05 0.020035642461909066 1.2179011926130856e-05 1.700678152445173e-05 1.0337866400100645e-08 0.13357094974606046 8.119341284087236e-05 0.1733409273540182 9.669377871036937e-05
59907.03098729201 0.30691435576053455 5.250949462024228e-05 0.02000905198673957 1.2175618347713874e-05 1.6984210828118996e-05 1.0334985841274872e-08 0.13339367991159715 8.117078898475917e-05 0.1735206758489374 9.667442272742855e-05
59907.03112757222 0.3069533213829392 5.2516955611727685e-05 0.020043660455622295 1.2181375407801878e-05 1.7013587408895144e-05 1.0339872585651847e-08 0.13362440303748196 8.120916938534585e-05 0.17332891834545722 9.671070167764253e-05
59907.03126785243 0.3069302342524888 5.2510432661010043e-05 0.02002198241426764 1.2177530764166257e-05 1.6995186515891713e-05 1.033660915077699e-08 0.1334798827617843 8.118353842777505e-05 0.17345035149070448 9.668563724721733e-05
59907.031408132636 0.3068822958707148 5.252071134402123e-05 0.020015806441712188 1.2177185085249121e-05 1.698994418756851e-05 1.0336315729398936e-08 0.1334387096114146 8.11812339016608e-05 0.1734435862593002 9.668928512445502e-05
59907.031548412844 0.30679778763860743 5.2503292899655134e-05 0.020005169945051617 1.2176157221948773e-05 1.6980915648791387e-05 1.033544325193188e-08 0.13336779963367745 8.117438147965848e-05 0.17342998800492998 9.667407084586901e-05
59907.03168869305 0.30693946416476936 5.251179594863758e-05 0.020025739873894756 1.2177311862149649e-05 1.6998375946681703e-05 1.0336423340974344e-08 0.1335049324926317 8.118207908099766e-05 0.17343453167213765 9.668515231236236e-05
59907.03182897326 0.3068252108823311 5.250482986884429e-05 0.020029945196765767 1.2179135894640758e-05 1.7001945535600204e-05 1.0337971627840053e-08 0.13353296797843844 8.119423929760507e-05 0.17329224290389267 9.669158006089796e-05
59907.031969253476 0.3068977467336551 5.250732217686516e-05 0.02002048837019003 1.2177648242649423e-05 1.6993918331890917e-05 1.0336708869610604e-08 0.13346992246793354 8.118432161766281e-05 0.17342782426572156 9.668460559316168e-05
59907.032109533684 0.30685937036987876 5.2511172361095326e-05 0.02002929973780497 1.2178235265042037e-05 1.7001397653017945e-05 1.0337207149693218e-08 0.13352866491869983 8.118823510028025e-05 0.17333070545117893 9.668998263230291e-05
59907.03224981389 0.30688709365831823 5.2516773907586057e-05 0.020026121554694312 1.2188893969379854e-05 1.6998699927406678e-05 1.034625453893225e-08 0.13350747703129542 8.125929312919903e-05 0.1733796166270228 9.67526964043773e-05
59907.0323900941 0.3068767568373283 5.250691168994236e-05 0.020035835100388182 1.2179926323707408e-05 1.700694504107136e-05 1.033864256487003e-08 0.1335722340025879 8.119950882471605e-05 0.1733045228347404 9.669713547251824e-05
59907.03253037431 0.3067910513806306 5.2503016366898954e-05 0.019998396084806497 1.2175475090947448e-05 1.697516581763499e-05 1.0334864241154829e-08 0.13332264056537665 8.116983393964966e-05 0.17346841081525396 9.66701022520053e-05
59907.03267065452 0.3069105829976625 5.251183979287772e-05 0.02001500320159913 1.217645769148439e-05 1.69892623761846e-05 1.0335698298395037e-08 0.13343335467732753 8.117638460989593e-05 0.17347722832033496 9.668039479008454e-05
59907.032810934725 0.3068521725079951 5.250635787615091e-05 0.02001072555906003 1.2176491551225638e-05 1.698563140042525e-05 1.0335727039436059e-08 0.1334048370604002 8.117661034150426e-05 0.1734473354475949 9.667760694160179e-05
