GJ3470b/Results/ROEBA_Results/50520_radii/GJ3470b_nrca3_level3_asn_phot.ecsv
# %ECSV 0.9
# ---
# datatype:
# - {name: MJD, datatype: float64}
# - {name: aperture_sum, unit: Jy, datatype: float64}
# - {name: aperture_sum_err, unit: Jy, datatype: float64}
# - {name: annulus_sum, unit: Jy, datatype: float64}
# - {name: annulus_sum_err, unit: Jy, datatype: float64}
# - {name: annulus_mean, unit: Jy, datatype: float64}
# - {name: annulus_mean_err, unit: Jy, datatype: float64}
# - {name: aperture_bkg, unit: Jy, datatype: float64}
# - {name: aperture_bkg_err, unit: Jy, datatype: float64}
# - {name: net_aperture_sum, unit: Jy, datatype: float64}
# - {name: net_aperture_sum_err, unit: Jy, datatype: float64}
# meta: !!omap
# - {instrument: NIRCAM}
# - {detector: NRCA3}
# - {channel: SHORT}
# - {subarray: SUBGRISM256}
# - {filter: F210M}
# - {pupil: WLP8}
# - {target_name: UNKNOWN}
# - {xcenter: 1055}
# - {ycenter: 166}
# - ra_icrs: !numpy.ndarray
#     buffer: !!binary |
#       WFgwQkNJUHhYVUE9
#     dtype: float64
#     order: C
#     shape: !!python/tuple []
# - dec_icrs: !numpy.ndarray
#     buffer: !!binary |
#       S2Yva3ZVM0lMa0E9
#     dtype: float64
#     order: C
#     shape: !!python/tuple []
# - {apertures: Photometry measured in a circular aperture of r=50.0 pixels.  Background calculated as the mean in a circular annulus
#     with r_inner=5.0 pixels and r_outer=20.0 pixels.}
# - {number_of_integrations: 1681}
# - __serialized_columns__:
#     annulus_mean:
#       __class__: astropy.units.quantity.Quantity
#       unit: &id001 !astropy.units.Unit {unit: Jy}
#       value: !astropy.table.SerializedColumn {name: annulus_mean}
#     annulus_mean_err:
#       __class__: astropy.units.quantity.Quantity
#       unit: *id001
#       value: !astropy.table.SerializedColumn {name: annulus_mean_err}
#     annulus_sum:
#       __class__: astropy.units.quantity.Quantity
#       unit: *id001
#       value: !astropy.table.SerializedColumn {name: annulus_sum}
#     annulus_sum_err:
#       __class__: astropy.units.quantity.Quantity
#       unit: *id001
#       value: !astropy.table.SerializedColumn {name: annulus_sum_err}
#     aperture_bkg:
#       __class__: astropy.units.quantity.Quantity
#       unit: *id001
#       value: !astropy.table.SerializedColumn {name: aperture_bkg}
#     aperture_bkg_err:
#       __class__: astropy.units.quantity.Quantity
#       unit: *id001
#       value: !astropy.table.SerializedColumn {name: aperture_bkg_err}
#     aperture_sum:
#       __class__: astropy.units.quantity.Quantity
#       unit: *id001
#       value: !astropy.table.SerializedColumn {name: aperture_sum}
#     aperture_sum_err:
#       __class__: astropy.units.quantity.Quantity
#       unit: *id001
#       value: !astropy.table.SerializedColumn {name: aperture_sum_err}
#     net_aperture_sum:
#       __class__: astropy.units.quantity.Quantity
#       unit: *id001
#       value: !astropy.table.SerializedColumn {name: net_aperture_sum}
#     net_aperture_sum_err:
#       __class__: astropy.units.quantity.Quantity
#       unit: *id001
#       value: !astropy.table.SerializedColumn {name: net_aperture_sum_err}
# schema: astropy-2.0
MJD aperture_sum aperture_sum_err annulus_sum annulus_sum_err annulus_mean annulus_mean_err aperture_bkg aperture_bkg_err net_aperture_sum net_aperture_sum_err
[from data line 415]
59906.994374157635 0.3068273740280292 5.2584367215863616e-05 0.02000495579018758 1.2193815362556743e-05 1.6980733868496994e-05 1.0350431947204255e-08 0.13336637193458387 8.129210241704496e-05 0.1734610020934453 9.681694888229085e-05
59906.99451443785 0.3068421672107816 5.257570847565202e-05 0.020019140809043927 1.2196042387849137e-05 1.6992774486464137e-05 1.0352322304983855e-08 0.13346093872695952 8.130694925232758e-05 0.1733812284838221 9.682471336615111e-05
59906.99465471806 0.30687702637084163 5.2577822236816585e-05 0.020020021274004075 1.2195315473218693e-05 1.699352184833415e-05 1.0351705280681769e-08 0.1334668084933605 8.130210315479128e-05 0.17341021787748112 9.68217918061766e-05
59906.99479499827 0.3069243672812283 5.2579456631101765e-05 0.0200391722409995 1.2197934541044301e-05 1.7009777693999808e-05 1.0353928414499042e-08 0.13359448160666332 8.131956360696202e-05 0.17332988567456498 9.683734137639598e-05
59906.994935278475 0.3068424218009891 5.257449436994362e-05 0.020025469754341916 1.21965470260643e-05 1.6998146662084047e-05 1.035275065520474e-08 0.13350313169561276 8.131031350709533e-05 0.17333929010537633 9.682687922719272e-05
59906.99507555868 0.30697423284675246 5.25834473618742e-05 0.020021118198538267 1.2195861796776649e-05 1.6994452946797162e-05 1.0352169014520577e-08 0.13347412132358843 8.130574531184433e-05 0.17350011152316402 9.682790484758767e-05
59906.99521583889 0.30689285043876213 5.257978360498162e-05 0.020009769569386236 1.2194643352500074e-05 1.698481993118723e-05 1.0351134766896582e-08 0.13339846379590825 8.129762235000049e-05 0.17349438664285388 9.681909441690722e-05
59906.9953561191 0.3068717310719936 5.258656454067535e-05 0.02002558352168935 1.2195840189949522e-05 1.699824323080782e-05 1.0352150674076088e-08 0.13350389014459568 8.130560126633015e-05 0.17336784092739793 9.682947674892229e-05
59906.99549639931 0.30683253762347246 5.2576184991935994e-05 0.020031400870822065 1.2197147124651504e-05 1.700318115011535e-05 1.0353260034706054e-08 0.1335426724721471 8.131431416434336e-05 0.17328986515132536 9.683115674370418e-05
59906.995636679516 0.3069221595561971 5.258039651904874e-05 0.020028250784619415 1.2197452190093433e-05 1.7000507273900328e-05 1.0353518982295652e-08 0.13352167189746278 8.131634793395623e-05 0.17340048765873434 9.683515136259468e-05
59906.995776959724 0.3069272708926951 5.258030044609503e-05 0.020032294700312245 1.2197431275808686e-05 1.7003939856150784e-05 1.0353501229699392e-08 0.13354863133541497 8.131620850539125e-05 0.17337863955728014 9.683498211232285e-05
59906.99591723993 0.3069279524198665 5.257920805825806e-05 0.020025040925079184 1.2196695534898266e-05 1.699778266050055e-05 1.0352876713418174e-08 0.13350027283386123 8.131130356598845e-05 0.17342767958600525 9.683027009997398e-05
59906.99605752014 0.30695989242011756 5.258126071978629e-05 0.02001679094296802 1.2194382880740175e-05 1.699077985818902e-05 1.0350913671599922e-08 0.13344527295312014 8.129588587160117e-05 0.17351461946699742 9.681843852557499e-05
59906.99619780035 0.30693083837954066 5.2581782049633165e-05 0.02001951713957257 1.2195708487765325e-05 1.699309392573811e-05 1.0352038881790055e-08 0.13346344759715045 8.130472325176884e-05 0.1734673907823902 9.682614226830399e-05
59906.99633808056 0.30686101005004673 5.2575600840950775e-05 0.02001391154213092 1.219455400415453e-05 1.6988335746848394e-05 1.035105892566538e-08 0.13342607694753947 8.129702669436353e-05 0.17343493310250727 9.681632276187234e-05
59906.996478360765 0.30686084424060217 5.258210294514199e-05 0.02002191540143255 1.2220683137318298e-05 1.6995129633630618e-05 1.037323802274122e-08 0.13347943600955037 8.147122091545531e-05 0.1733814082310518 9.696616620032182e-05
59906.99661864097 0.3069017160508468 5.258194171663389e-05 0.02002641569786534 1.219538760785253e-05 1.699894960388479e-05 1.0351766510460667e-08 0.13350943798576895 8.13025840523502e-05 0.17339227806507787 9.682443270311968e-05
59906.99675892118 0.30682504770566144 5.2574321579199706e-05 0.02000447626227947 1.2194217179963726e-05 1.698032683256672e-05 1.0350773020412477e-08 0.13336317508186313 8.129478119975817e-05 0.1734618726237983 9.681374251535604e-05
59906.99689920139 0.30689825393023495 5.258665722665409e-05 0.020006926831061506 1.219486634662669e-05 1.6982406939953642e-05 1.0351324050190082e-08 0.1333795122070767 8.129910897751127e-05 0.17351874172315826 9.682407571885654e-05
59906.9970394816 0.3068622933472545 5.257888004618768e-05 0.02002185708991267 1.2196760066243594e-05 1.6995080137275267e-05 1.0352931489325338e-08 0.13347904726608448 8.13117337749573e-05 0.17338324608117003 9.683045324896979e-05
59906.997179761805 0.3068748040532284 5.2577591868786513e-05 0.020010667957216066 1.2195456462937297e-05 1.6985582506461527e-05 1.0351824956471855e-08 0.1334044530481071 8.130304308624864e-05 0.17347035100512131 9.682245597899843e-05
59906.99732004201 0.30682924570989834 5.257370045337639e-05 0.02001838741097824 1.2195676295216342e-05 1.699213498232403e-05 1.0352011555905782e-08 0.13345591607318827 8.130450863477562e-05 0.17337332963671007 9.682157354486475e-05
59906.99746032222 0.30692794254098876 5.258436715378283e-05 0.020031600183919872 1.2197206871346783e-05 1.7003350332327296e-05 1.0353310749276118e-08 0.1335440012261325 8.131471247564523e-05 0.17338394131485627 9.683593410485948e-05
59906.99760060243 0.3069145149156344 5.258023398028056e-05 0.02003133646144426 1.219877970441239e-05 1.700312647773744e-05 1.035464581144705e-08 0.1335422430762951 8.132519802941594e-05 0.1733722718393393 9.684249501094428e-05
59906.99774088264 0.30689996164835 5.257856827390384e-05 0.02001349847793694 1.2195245460803473e-05 1.698798512707087e-05 1.0351645852297983e-08 0.13342332318624628 8.13016364053565e-05 0.1734766384621037 9.682180500239787e-05
59906.997881162846 0.30687090523419025 5.2576437319851996e-05 0.019994774529161763 1.2193587389523612e-05 1.69720917457281e-05 1.0350238437683644e-08 0.13329849686107842 8.129058259682408e-05 0.17357240837311183 9.681136596587926e-05
59906.998021443054 0.30696471580270257 5.258159353533897e-05 0.020018190998848193 1.219495871370101e-05 1.6991968262530003e-05 1.0351402453797852e-08 0.13345460665898795 8.129972475800672e-05 0.17351010914371462 9.682184270320026e-05
59906.99816172326 0.3068938784873093 5.2584062682617435e-05 0.02001427691549619 1.2195457719510705e-05 1.698864588539323e-05 1.0351826023084491e-08 0.1334285127699746 8.130305146340471e-05 0.1734653657173347 9.68259770178978e-05
59906.99830200347 0.3069553234163503 5.2579623423913356e-05 0.020055693567845326 1.2199677416337188e-05 1.7023801431780876e-05 1.0355407812995338e-08 0.13370462378563552 8.133118277558125e-05 0.17325069963071477 9.684718938139374e-05
59906.99844228368 0.3068328286865372 5.257469023767264e-05 0.020020728554192055 1.2197339230151518e-05 1.6994122206403844e-05 1.0353423098918972e-08 0.1334715236946137 8.131559486767678e-05 0.1733613049919235 9.683142063540828e-05
59906.99858256389 0.30690814629760377 5.2577422707029124e-05 0.020052519868991647 1.2199675218338876e-05 1.7021107512525153e-05 1.0355405947276425e-08 0.13368346579327764 8.133116812225918e-05 0.17322468050432613 9.68459822948005e-05
59906.998722844095 0.3069223555591678 5.258800053390999e-05 0.02004692221700973 1.2198583328552492e-05 1.7016356077951126e-05 1.035447912244008e-08 0.1336461481133982 8.132388885701662e-05 0.1732762074457696 9.684561269868092e-05
59906.9988631243 0.30688681707649995 5.2579191772214475e-05 0.020007296254485607 1.2194500415186086e-05 1.6982720516295188e-05 1.035101343793619e-08 0.13338197502990407 8.129666943457391e-05 0.1735048420465959 9.681797285924598e-05
59906.99900340451 0.30683516518306375 5.257636648499416e-05 0.02001069173635195 1.219535018045856e-05 1.6985602690818958e-05 1.0351734741101962e-08 0.13340461157567965 8.13023345363904e-05 0.1734305536073841 9.682119558150248e-05
59906.99914368472 0.3069915050636288 5.2583393148464557e-05 0.0200517967218659 1.2198684087467504e-05 1.702049368618038e-05 1.0354564649263465e-08 0.13367864481243935 8.132456058311669e-05 0.17331286025118947 9.684367500793744e-05
59906.99928396493 0.3069485847906406 5.2580995289509346e-05 0.02003225770783415 1.2196398674648458e-05 1.700390845596014e-05 1.0352624730611964e-08 0.13354838471889435 8.13093244976564e-05 0.17340020007174622 9.682957872417183e-05
59906.999424245136 0.3069223154994238 5.258260460284252e-05 0.02004937595521339 1.2198952739672226e-05 1.7018438875626676e-05 1.0354792688337355e-08 0.13366250636808927 8.132635159781484e-05 0.1732598091313345 9.684475086978269e-05
59906.999564525344 0.30690288189849724 5.25800021290734e-05 0.020039867148786576 1.2198782648601557e-05 1.7010367550049442e-05 1.0354648310552434e-08 0.13359911432524385 8.132521765734373e-05 0.1733037675732534 9.684238561140311e-05
59906.99970480555 0.3069191225288205 5.258007347433658e-05 0.02001961369315329 1.2193315987804351e-05 1.6993175882962882e-05 1.0350008064749329e-08 0.1334640912876886 8.1288773252029e-05 0.17345503124113187 9.681182150639673e-05
59906.99984508577 0.3069273653693482 5.258127993812305e-05 0.02002795253354995 1.2194353529805916e-05 1.7000254110529724e-05 1.035088875775314e-08 0.13351968355699967 8.129569019870612e-05 0.17340768181234856 9.681828466160338e-05
59906.999985365976 0.30691222586776135 5.2580371795118436e-05 0.02001584767898995 1.2197020249218191e-05 1.698997919085702e-05 1.035315233949342e-08 0.13343898452659966 8.131346832812126e-05 0.17347324134116168 9.683271982992766e-05
59907.000125646184 0.30693111276739904 5.257873081341087e-05 0.020017610522060008 1.2194811971079822e-05 1.6991475538528992e-05 1.035127789479239e-08 0.1334507368137334 8.129874647386549e-05 0.17348037595366564 9.681946659722402e-05
59907.00026592639 0.30690669976468776 5.25787477336003e-05 0.02002810623520325 1.2197348495799376e-05 1.7000384576545105e-05 1.0353430963845147e-08 0.1335207082346883 8.131565663866251e-05 0.17338599152999945 9.683367558763035e-05
59907.0004062066 0.30684826681248556 5.257565479530583e-05 0.020015633874123067 1.2194807429605317e-05 1.6989797707649437e-05 1.0351274039869102e-08 0.13343755916082045 8.129871619736878e-05 0.1734107076516651 9.681777074739678e-05
59907.00054648681 0.3068296492731216 5.257363958090428e-05 0.020003835474057208 1.2194839487979942e-05 1.6979782914630466e-05 1.0351301251862644e-08 0.1333589031603814 8.129892991986628e-05 0.17347074611274022 9.681685589244342e-05
59907.000686767016 0.30695035405607995 5.2582324231474364e-05 0.020020082887957025 1.219464720887806e-05 1.699357414788175e-05 1.0351138040291882e-08 0.13346721925304683 8.129764805918706e-05 0.17348313480303312 9.682049577201792e-05
59907.000827047224 0.30687847418809744 5.257585395015655e-05 0.02001773629464131 1.2196180921561305e-05 1.6991582297611764e-05 1.0352439896050929e-08 0.13345157529760873 8.13078728104087e-05 0.1734268988904887 9.68255679019844e-05
59907.00096732743 0.3068751919880221 5.257839076932197e-05 0.0200193841159107 1.2195066011083494e-05 1.699298101174699e-05 1.0351493530644803e-08 0.133462560772738 8.130044007388996e-05 0.1734126312152841 9.682070404670529e-05
59907.00110760764 0.30694390220913076 5.2580092183833403e-05 0.02002607146002574 1.2197065977418079e-05 1.699865740573134e-05 1.0353191154795024e-08 0.13350714306683828 8.131377318278719e-05 0.17343675914229248 9.683282399724888e-05
59907.00124788785 0.30683280171731686 5.257450443458481e-05 0.020022313189101512 1.2195282218884089e-05 1.699546728629097e-05 1.0351677053525868e-08 0.13348208792734342 8.130188145922726e-05 0.17335071378997344 9.681980399356538e-05
59907.00138816806 0.30696083358995907 5.2581034582663146e-05 0.020034633072653043 1.2197499250238915e-05 1.700592472824053e-05 1.035355892818779e-08 0.13356422048435362 8.131666166825944e-05 0.17339661310560545 9.683576127987734e-05
59907.001528448265 0.30702799949145376 5.258792073428309e-05 0.020029736134160737 1.219697141875647e-05 1.7001768077749503e-05 1.0353110890910186e-08 0.13353157422773823 8.13131427917098e-05 0.17349642526371553 9.683654577596326e-05
59907.00166872847 0.3068208503806181 5.258147298298794e-05 0.02000354188485978 1.2194365720180416e-05 1.6979533708379748e-05 1.0350899105264393e-08 0.1333569458990652 8.129577146786945e-05 0.17346390448155294 9.681845774239924e-05
59907.00180900868 0.3069108099221891 0.0006659214469258569 0.020034271577236588 1.2197709851818578e-05 1.7005617881400884e-05 1.0353737692360731e-08 0.1335618105149106 8.131806567879053e-05 0.17334899940727852 0.0006708680952926342
59907.00194928889 0.3070419022163805 5.261469692078186e-05 0.020143593573039846 1.2238614747819716e-05 1.7098413273511602e-05 1.0388458846468682e-08 0.13429062382026563 8.159076498546477e-05 0.17275127839611487 9.708428947558443e-05
59907.0020895691 0.306831217636636 5.257521228690527e-05 0.020009690075284213 1.219385232717958e-05 1.6984752454497716e-05 1.0350463323750622e-08 0.13339793383522808 8.129234884786387e-05 0.17343328380140793 9.681218377981124e-05
59907.002229849306 0.30696448037472 5.258387800042019e-05 0.02002529027658248 1.2197234160300854e-05 1.699799431663024e-05 1.0353333912859756e-08 0.13350193517721654 8.131489440200569e-05 0.17346254519750348 9.683582125005401e-05
59907.002370129514 0.30688097510002843 5.257559565368031e-05 0.020030029299427623 1.2196189766668642e-05 1.70020169241568e-05 1.0352447404011221e-08 0.13353352866285084 8.130793177779095e-05 0.1733474464371776 9.682547716547125e-05
59907.00251040972 0.30692459667931216 5.2580102963423216e-05 0.02002598021215569 1.2196588713414105e-05 1.699857995213366e-05 1.0352786040526266e-08 0.1335065347477046 8.13105914227607e-05 0.17341806193160755 9.683015803541432e-05
59907.00265068993 0.3069756709310465 5.2583863761015256e-05 0.020037425742143816 1.219608653305912e-05 1.7008295219727882e-05 1.0352359776601896e-08 0.1335828382809588 8.130724355372746e-05 0.1733928326500877 9.682938904249149e-05
59907.00279097014 0.30673336967233017 5.2567393951712316e-05 0.020008539762061718 1.2194326078083218e-05 1.6983776038308575e-05 1.03508654560072e-08 0.13339026508041146 8.129550718722146e-05 0.1733431045919187 9.681059030757996e-05
59907.00293125035 0.30682911667241997 5.2574124202053524e-05 0.02000948222209553 1.2194235140973516e-05 1.69845760232315e-05 1.0350788266191095e-08 0.13339654814730356 8.129490093982345e-05 0.1734325685251164 9.681373587683029e-05
59907.003071530555 0.3068504971700796 5.257734549177797e-05 0.020011906315737103 1.2194789288553792e-05 1.6986633657821224e-05 1.0351258641266313e-08 0.13341270877158068 8.129859525702528e-05 0.17343778839849894 9.681858731528466e-05
59907.00321181076 0.30686386342774374 5.25767303062693e-05 0.02000305036838905 1.2193023867437378e-05 1.6979116496241467e-05 1.0349760105280626e-08 0.13335366912259367 8.128682578291585e-05 0.17351019430515008 9.680837058622715e-05
59907.00335209097 0.3068407774413766 5.2576293344357946e-05 0.02001675358376278 1.2195239045690041e-05 1.6990748146710705e-05 1.0351640406980579e-08 0.13344502389175186 8.130159363793361e-05 0.17339575354962475 9.682053372038219e-05
59907.00349237118 0.30687772793227575 5.2576602259872107e-05 0.02003973952429856 1.2198140046703446e-05 1.701025921901943e-05 1.03541028531203e-08 0.13359826349532375 8.132093364468964e-05 0.173279464436952 9.683694209358742e-05
59907.00363265139 0.30687368879957505 5.257792802246625e-05 0.020031476878158715 1.2196095163659435e-05 1.7003245667146493e-05 1.0352367102482973e-08 0.13354317918772476 8.13073010910629e-05 0.1733305096118503 9.682621404272916e-05
59907.003772931595 0.30687632139104615 5.25766664723687e-05 0.02001915518592154 1.2195753993367122e-05 1.6992786689936877e-05 1.0352077508144532e-08 0.13346103457281028 8.130502662244749e-05 0.17341528681823587 9.68236190783199e-05
