GJ3470b/Results/ROEBA_Results/50520_radii/GJ3470b_nrca3_level3_asn_phot.ecsv
# %ECSV 0.9
# ---
# datatype:
# - {name: MJD, datatype: float64}
# - {name: aperture_sum, unit: Jy, datatype: float64}
# - {name: aperture_sum_err, unit: Jy, datatype: float64}
# - {name: annulus_sum, unit: Jy, datatype: float64}
# - {name: annulus_sum_err, unit: Jy, datatype: float64}
# - {name: annulus_mean, unit: Jy, datatype: float64}
# - {name: annulus_mean_err, unit: Jy, datatype: float64}
# - {name: aperture_bkg, unit: Jy, datatype: float64}
# - {name: aperture_bkg_err, unit: Jy, datatype: float64}
# - {name: net_aperture_sum, unit: Jy, datatype: float64}
# - {name: net_aperture_sum_err, unit: Jy, datatype: float64}
# meta: !!omap
# - {instrument: NIRCAM}
# - {detector: NRCA3}
# - {channel: SHORT}
# - {subarray: SUBGRISM256}
# - {filter: F210M}
# - {pupil: WLP8}
# - {target_name: UNKNOWN}
# - {xcenter: 1055}
# - {ycenter: 166}
# - ra_icrs: !numpy.ndarray
#     buffer: !!binary |
#       WFgwQkNJUHhYVUE9
#     dtype: float64
#     order: C
#     shape: !!python/tuple []
# - dec_icrs: !numpy.ndarray
#     buffer: !!binary |
#       S2Yva3ZVM0lMa0E9
#     dtype: float64
#     order: C
#     shape: !!python/tuple []
# - {apertures: Photometry measured in a circular aperture of r=50.0 pixels.  Background calculated as the mean in a circular annulus
#     with r_inner=5.0 pixels and r_outer=20.0 pixels.}
# - {number_of_integrations: 1681}
# - __serialized_columns__:
#     annulus_mean:
#       __class__: astropy.units.quantity.Quantity
#       unit: &id001 !astropy.units.Unit {unit: Jy}
#       value: !astropy.table.SerializedColumn {name: annulus_mean}
#     annulus_mean_err:
#       __class__: astropy.units.quantity.Quantity
#       unit: *id001
#       value: !astropy.table.SerializedColumn {name: annulus_mean_err}
#     annulus_sum:
#       __class__: astropy.units.quantity.Quantity
#       unit: *id001
#       value: !astropy.table.SerializedColumn {name: annulus_sum}
#     annulus_sum_err:
#       __class__: astropy.units.quantity.Quantity
#       unit: *id001
#       value: !astropy.table.SerializedColumn {name: annulus_sum_err}
#     aperture_bkg:
#       __class__: astropy.units.quantity.Quantity
#       unit: *id001
#       value: !astropy.table.SerializedColumn {name: aperture_bkg}
#     aperture_bkg_err:
#       __class__: astropy.units.quantity.Quantity
#       unit: *id001
#       value: !astropy.table.SerializedColumn {name: aperture_bkg_err}
#     aperture_sum:
#       __class__: astropy.units.quantity.Quantity
#       unit: *id001
#       value: !astropy.table.SerializedColumn {name: aperture_sum}
#     aperture_sum_err:
#       __class__: astropy.units.quantity.Quantity
#       unit: *id001
#       value: !astropy.table.SerializedColumn {name: aperture_sum_err}
#     net_aperture_sum:
#       __class__: astropy.units.quantity.Quantity
#       unit: *id001
#       value: !astropy.table.SerializedColumn {name: net_aperture_sum}
#     net_aperture_sum_err:
#       __class__: astropy.units.quantity.Quantity
#       unit: *id001
#       value: !astropy.table.SerializedColumn {name: net_aperture_sum_err}
# schema: astropy-2.0
MJD aperture_sum aperture_sum_err annulus_sum annulus_sum_err annulus_mean annulus_mean_err aperture_bkg aperture_bkg_err net_aperture_sum net_aperture_sum_err
[from data line 1243]
59907.11052617014 0.3050861722860096 5.2372373865269424e-05 0.01990791064003596 1.2151668594116732e-05 1.6898359386631792e-05 1.0314656659030508e-08 0.1327194042669064 8.101112396077821e-05 0.1723667680191032 9.646588904722814e-05
59907.110666450346 0.30508021180598954 5.236752766396209e-05 0.019897460370678667 1.2152378118680487e-05 1.688948892249923e-05 1.0315258922185531e-08 0.13264973580452444 8.101585412453658e-05 0.1724304760014651 9.646723056646763e-05
59907.110806730554 0.3050725079669525 5.236625337885814e-05 0.019892714695050388 1.2151055473421564e-05 1.688546066791496e-05 1.0314136226020653e-08 0.1326180979670026 8.10070364894771e-05 0.1724544099999499 9.645913359421306e-05
59907.11094701076 0.30512549787906085 5.2370497492863056e-05 0.0199093439342495 1.2153395953207539e-05 1.6899576004546406e-05 1.0316122886965424e-08 0.13272895956166336 8.102263968805026e-05 0.17239653831739749 9.647454145871642e-05
59907.11108729097 0.30509121933057 5.236638198933515e-05 0.019922563351625427 1.215339514422174e-05 1.6910796994520665e-05 1.031612220027695e-08 0.1328170890108362 8.10226342948116e-05 0.1722741303197338 9.647230292018402e-05
59907.11122757118 0.30502566974966194 5.23688189603685e-05 0.019898358727457176 1.2150867533517096e-05 1.6890251471416352e-05 1.0313976697675051e-08 0.13265572484971452 8.100578355678064e-05 0.17236994489994742 9.645947423116013e-05
59907.11136785139 0.3051145648555276 5.236923833773884e-05 0.019907378459158756 1.2152606218078157e-05 1.6897907657473254e-05 1.0315452538967693e-08 0.1327158563943917 8.101737478718771e-05 0.17239870846113592 9.64694363074779e-05
59907.111508131595 0.3051336976055258 5.237075827573354e-05 0.019912892175931625 1.2153828552008997e-05 1.6902587845629045e-05 1.0316490088232772e-08 0.13275261450621084 8.102552368005999e-05 0.17238108309931494 9.647710510791291e-05
59907.1116484118 0.30507250202328223 5.237616816173056e-05 0.01989685416245909 1.2151563184345853e-05 1.6888974356980893e-05 1.0314567184438052e-08 0.13264569441639393 8.101042122897236e-05 0.1724268076068883 9.6467358930373e-05
59907.11178869201 0.305104900701758 5.236990950936839e-05 0.019893146835191625 1.2151423404913287e-05 1.688582747985942e-05 1.0314448535970663e-08 0.1326209789012775 8.100948936608858e-05 0.1724839218004805 9.646317841214778e-05
59907.11192897222 0.3050374002687668 5.2364633651945735e-05 0.019899552687315386 1.2151687078135546e-05 1.6891264936020552e-05 1.0314672348752975e-08 0.1326636845821026 8.10112471875703e-05 0.1723737156866642 9.64617905099636e-05
59907.11206925243 0.3050331409047119 5.236722835098239e-05 0.01989469271929628 1.2150827581898134e-05 1.6887139667041837e-05 1.0313942785687625e-08 0.13263128479530856 8.100551721265423e-05 0.17240185610940334 9.645838700731811e-05
59907.112209532635 0.3051392771111191 5.237458396740903e-05 0.019914256103109422 1.2172235189594584e-05 1.6903745582974985e-05 1.033211412747249e-08 0.1327617073540628 8.114823459729723e-05 0.1723775697570563 9.658226040022653e-05
59907.11234981284 0.3050904882524029 5.236816291724858e-05 0.019890567095548192 1.2150128033683633e-05 1.6883637728839992e-05 1.0313348990720858e-08 0.13260378063698794 8.100085355789089e-05 0.17248670761541499 9.645497791422885e-05
59907.11249009306 0.3051534796066361 5.237252506793919e-05 0.019907323667127275 1.2153205950072884e-05 1.689786114855244e-05 1.0315961607295646e-08 0.13271549111418185 8.10213730004859e-05 0.17243798849245423 9.647457833479131e-05
59907.11263037327 0.3050622918729702 5.237367771451304e-05 0.019927455160560933 1.215554403998337e-05 1.6914949290908648e-05 1.0317946239651097e-08 0.13284970107040622 8.10369602665558e-05 0.17221259080256396 9.648829486827417e-05
59907.112770653475 0.30512279553313304 5.236895257899772e-05 0.019903763232193044 1.2152646118087598e-05 1.689483895751596e-05 1.0315486407147598e-08 0.13269175488128696 8.101764078725065e-05 0.17243104065184608 9.646950457503807e-05
59907.11291093368 0.3051129620503459 5.2378399829575914e-05 0.019907103467102467 1.2153083440589301e-05 1.6897674236966217e-05 1.0315857618016244e-08 0.13271402311401645 8.102055627059534e-05 0.17239893893632943 9.647708177128712e-05
59907.11305121389 0.3051498265523623 5.2369492050373956e-05 0.019908881029836626 1.215219254188263e-05 1.6899183079077135e-05 1.031510139970712e-08 0.13272587353224416 8.10146169458842e-05 0.17242395302011812 9.646725795057373e-05
59907.1131914941 0.30514150760444714 5.23705982005126e-05 0.019911766989313753 1.2153732376700652e-05 1.6901632757564325e-05 1.0316408452095564e-08 0.1327451132620917 8.102488251133769e-05 0.17239639434235543 9.647647973395179e-05
59907.11333177431 0.3051686827736151 5.237271300528939e-05 0.0199126247874791 1.215252714317013e-05 1.6902360879261338e-05 1.0315385418101096e-08 0.13275083191652734 8.101684762113421e-05 0.17241785085708775 9.647087988611117e-05
59907.113472054516 0.3051358722980049 5.2370009297715614e-05 0.01992319635170158 1.2153892144886002e-05 1.6911334301673185e-05 1.0316544067543283e-08 0.13282130901134387 8.102594763257335e-05 0.172314563286661 9.647705459641344e-05
59907.113612334724 0.30519535031894474 6.003790698635484e-05 0.019918952313920116 1.2153218457980896e-05 1.6907731850518043e-05 1.0315972224337716e-08 0.13279301542613411 8.102145638653931e-05 0.17240233489281062 0.00010084159196630172
59907.11375261493 0.30516998899868963 5.237768954508374e-05 0.01989380511850866 1.2163987666207935e-05 1.6886386248093345e-05 1.0325113412191151e-08 0.1326253674567244 8.109325110805291e-05 0.17254462154196523 9.653775291229282e-05
59907.11389289514 0.3051589672198378 5.237334775445224e-05 0.019921713336042125 1.2154140441210913e-05 1.6910075478884464e-05 1.0316754828009742e-08 0.13281142224028084 8.10276029414061e-05 0.17234754497955698 9.64802570137484e-05
59907.11403317535 0.3051822688455418 5.2372807825061394e-05 0.019919178599337027 1.21542851633981e-05 1.6907923927545517e-05 1.031687767201756e-08 0.1327945239955802 8.102856775598734e-05 0.17238774484996158 9.648077420951514e-05
59907.11417345556 0.30513902530382697 5.236992586544866e-05 0.019919763805937837 1.2153166716314724e-05 1.6908420666336178e-05 1.0315928304647395e-08 0.13279842537291894 8.102111144209817e-05 0.17234059993090803 9.647294768205996e-05
59907.114313735765 0.305182480136885 5.237387885258931e-05 0.019912355959895097 1.2153964965769857e-05 1.690213269132089e-05 1.0316605879829288e-08 0.13274903973263397 8.102643310513239e-05 0.17243344040425101 9.647956285040991e-05
59907.11445401597 0.30523718334170796 5.2387337204884565e-05 0.019941527013834552 1.2156159085863203e-05 1.6926893850945768e-05 1.0318468306808451e-08 0.13294351342556368 8.104106057242136e-05 0.17229366991614428 9.649915335442664e-05
59907.11459429618 0.3051535075856944 5.237197815778075e-05 0.01991326035650806 1.2153089243540708e-05 1.6902900367008724e-05 1.0315862543714383e-08 0.13275506904338708 8.102059495693805e-05 0.1723984385423073 9.647362801996865e-05
59907.11473457639 0.3051168872374893 5.236965177605708e-05 0.019903727978180862 1.2157370377062854e-05 1.6894809032981014e-05 1.0319496482712174e-08 0.1326915198545391 8.104913584708569e-05 0.17242536738295022 9.64963359340904e-05
59907.1148748566 0.30524656485274926 5.237865233467859e-05 0.019923089711906785 1.2155697260077807e-05 1.6911243783004e-05 1.0318076296906622e-08 0.13282059807937857 8.103798173385205e-05 0.1724259667733707 9.649185304414705e-05
59907.115015136806 0.30516608394153877 5.237927781245772e-05 0.019909843372300288 1.2153339887055164e-05 1.6899999940730676e-05 1.0316075296537207e-08 0.13273228914866858 8.102226591370109e-05 0.1724337947928702 9.647899417979603e-05
59907.115155417014 0.30506273740904893 5.236744872611931e-05 0.01989673938216917 1.2153029803114504e-05 1.688887692844484e-05 1.0315812089113584e-08 0.13264492921446114 8.102019868743003e-05 0.1724178081945878 9.647083642963491e-05
59907.11529569722 0.30518311063342224 5.2373362051561855e-05 0.019928218689065646 1.2155335718766856e-05 1.691559739403247e-05 1.0317769411110516e-08 0.13285479126043764 8.103557145844571e-05 0.1723283193729846 9.648695711950316e-05
59907.11543597743 0.305175061641669 5.2372012186640294e-05 0.019902834524410277 1.2152210203721708e-05 1.689405064586628e-05 1.0315116391541751e-08 0.1326855634960685 8.101473469147806e-05 0.17248949814560052 9.646872497140292e-05
59907.11557625764 0.3051858715378425 5.237282652918407e-05 0.019918161576748285 1.2153491537480698e-05 1.6907060651960263e-05 1.0316204021416384e-08 0.13278774384498856 8.102327691653799e-05 0.17239812769285393 9.647634093885404e-05
59907.115716537846 0.30518148051419497 5.246381078640968e-05 0.019917058899782125 1.2189182195010272e-05 1.6906124670681345e-05 1.0346499192445886e-08 0.1327803926652142 8.126121463340181e-05 0.17240108784898078 9.672557286430509e-05
59907.115856818054 0.30515508689831505 5.246216705300511e-05 0.019902501569619792 1.2178415463567635e-05 1.6893768025062377e-05 1.0337360106952348e-08 0.13268334379746527 8.118943642378424e-05 0.17247174310084978 9.66643861963087e-05
59907.11599709826 0.30521501822501407 5.2472161400734136e-05 0.019917475818504185 1.217870231955328e-05 1.690647856228392e-05 1.0337603597875394e-08 0.13278317212336124 8.119134879702188e-05 0.17243184610165282 9.667141687978076e-05
59907.11613737847 0.30518881783961654 5.246796600799364e-05 0.019916454570816963 1.2179698206029086e-05 1.6905611700323693e-05 1.0338448932570768e-08 0.1327763638054464 8.119798804019391e-05 0.17241245403417013 9.667471602643293e-05
59907.11627765868 0.30519696104358895 5.246820777190867e-05 0.019912217590614747 1.218354890153834e-05 1.690201523982788e-05 1.0341717504435513e-08 0.132748117270765 8.122365934358894e-05 0.17244884377282396 9.669640977802413e-05
59907.11641793889 0.30519831760457106 5.246367385040787e-05 0.019897544819184133 1.2177036924665882e-05 1.6889560604617002e-05 1.0336189966789903e-08 0.1326502987945609 8.118024616443922e-05 0.17254801881001017 9.665748517937407e-05
59907.116558219095 0.30521420017819095 5.247332464873803e-05 0.019911888948094494 1.2178198422744048e-05 1.6901736279392635e-05 1.0337175876979406e-08 0.13274592632062995 8.118798948496032e-05 0.172468273857561 9.666922693547252e-05
59907.1166984993 0.30525050890549843 5.246618395528375e-05 0.019919067368404555 1.2180371725305253e-05 1.6907829511797636e-05 1.0339020633488472e-08 0.13279378245603038 8.120247816870168e-05 0.17245672644946805 9.667752023903048e-05
59907.11683877951 0.30531139564264165 5.247546659681818e-05 0.01992943830630837 1.217965737406855e-05 1.6916632637301055e-05 1.0338414273326206e-08 0.1328629220420558 8.119771582712367e-05 0.17244847360058585 9.667855837824699e-05
59907.11697905972 0.3053282018335174 5.2473143679796485e-05 0.01991402116648237 1.217921356489402e-05 1.690354616257227e-05 1.0338037556398653e-08 0.13276014110988246 8.119475709929346e-05 0.17256806072363493 9.667481258349473e-05
59907.11711933993 0.30531867682384733 5.247124344701942e-05 0.019907558236208298 1.2178084004031142e-05 1.6898060256972395e-05 1.0337078755359453e-08 0.13271705490805533 8.118722669354095e-05 0.172601621915792 9.666745660802702e-05
59907.117259620136 0.30533097663717046 5.247304237170753e-05 0.019935559384147497 1.2181847546784195e-05 1.692182836954184e-05 1.0340273349667112e-08 0.13290372922764998 8.12123169785613e-05 0.17242724740952048 9.6689506177089e-05
59907.117399900344 0.3054450459410759 5.2476973040997986e-05 0.019946384479122527 1.2181744299144514e-05 1.693101699554032e-05 1.0340185710348617e-08 0.1329758965274835 8.121162866096343e-05 0.1724691494135924 9.669106126892933e-05
59907.11754018055 0.30546708322246263 5.248710694517843e-05 0.01992403360372963 1.2179850216392036e-05 1.69120449832672e-05 1.0338577962974312e-08 0.13282689069153086 8.119900144261357e-05 0.17264019253093177 9.668595674011897e-05
59907.11768046076 0.3055188696540934 5.248486001236448e-05 0.019926887106458915 1.2180634341733125e-05 1.6914467111611155e-05 1.0339243549235849e-08 0.13284591404305943 8.12042289448875e-05 0.172672955611034 9.668912725353975e-05
59907.117820740976 0.3055813484588937 5.248759639311534e-05 0.019959896219171176 1.2184092648421384e-05 1.6942486116705735e-05 1.0342179051124725e-08 0.1330659747944745 8.122728432280923e-05 0.17251537366441919 9.670997618438888e-05
59907.117961021184 0.3055022155970925 5.248594115403594e-05 0.01992754845392337 1.2181397293117391e-05 1.6915028480774193e-05 1.0339891162484622e-08 0.13285032302615582 8.120931528744928e-05 0.1726518925709367 9.669398589509725e-05
59907.11810130139 0.3055651266898034 5.2496424106333826e-05 0.0199267923225193 1.2181171536710047e-05 1.691438665650441e-05 1.0339699534494415e-08 0.1328452821501287 8.120781024473365e-05 0.1727198445396747 9.669841254486412e-05
59907.1182415816 0.3055677157700032 5.249337646515172e-05 0.019925217997372093 1.2180896617169826e-05 1.691305032781528e-05 1.033946617554093e-08 0.1328347866491473 8.120597744779885e-05 0.1727329291208559 9.669521883715121e-05
59907.11838186181 0.30565624324696544 5.249313588383654e-05 0.019923838610196788 1.2180960903528967e-05 1.6911879467615878e-05 1.033952074349736e-08 0.13282559073464525 8.120640602352645e-05 0.1728306525123202 9.669544815645026e-05
59907.11852214202 0.30566952321267216 5.249333532193789e-05 0.019933757525973223 1.218216661413649e-05 1.6920298904820848e-05 1.0340544182447363e-08 0.13289171683982148 8.121444409424327e-05 0.17277780637285067 9.670230701880064e-05
59907.118662422225 0.30572988676788826 5.2496951942811396e-05 0.019943019342208594 1.2182446342746207e-05 1.6928160578612142e-05 1.034078162346582e-08 0.13295346228139063 8.121630895164139e-05 0.17277642448649763 9.670583644751911e-05
59907.11880270243 0.30590918566209824 5.2510910759159736e-05 0.01997650377500855 1.2186568731418996e-05 1.69565830479281e-05 1.0344280815650462e-08 0.13317669183339034 8.124379154279331e-05 0.1727324938287079 9.673649473185026e-05
59907.11894298264 0.3057654870181676 5.250046314201073e-05 0.019945216164149338 1.2182499478428139e-05 1.693002529899061e-05 1.0340826726433467e-08 0.1329681077609956 8.121666318952092e-05 0.17279737925717198 9.670804004717349e-05
59907.11908326285 0.305957808732506 5.251643363731243e-05 0.019990450405335196 1.2188109931509063e-05 1.6968421315426558e-05 1.034558902691781e-08 0.13326966936890133 8.125406621006043e-05 0.17268813936360466 9.674812183009613e-05
59907.11922354306 0.3059813140975596 5.2513089164496306e-05 0.019960275817336132 1.2185067229886898e-05 1.694280832963556e-05 1.0343006301565696e-08 0.13306850544890755 8.123378153257932e-05 0.17291280864865202 9.672927062518958e-05
59907.119363823265 0.3060093038456227 5.251656356456891e-05 0.019956681388284096 1.2184564686533722e-05 1.6939757283495692e-05 1.0342579729518892e-08 0.13304454258856066 8.123043124355815e-05 0.17296476125706203 9.672834335729024e-05
59907.11950410347 0.3060094745545564 5.251605783524552e-05 0.01994857564177233 1.2185228532560823e-05 1.6932876912163438e-05 1.0343143219527772e-08 0.1329905042784822 8.123485688373883e-05 0.1730189702760742 9.673178538348385e-05
59907.11964438368 0.30602560944018375 5.252331461846574e-05 0.019987164820712913 1.2188854175572902e-05 1.696563242458078e-05 1.0346220760899819e-08 0.13324776547141942 8.125902783715268e-05 0.17277784396876433 9.675602401685122e-05
59907.11978466389 0.30605665736110593 5.2518264488001454e-05 0.019956342857531707 1.2185381681741088e-05 1.6939469929668324e-05 1.0343273216589476e-08 0.13304228571687804 8.123587787827392e-05 0.1730143716442279 9.67338408184308e-05
59907.1199249441 0.30617946814647146 5.252600883898147e-05 0.01997145530614064 1.2186613491324612e-05 1.6952297774459438e-05 1.0344318809038362e-08 0.1331430353742709 8.124408994216409e-05 0.17303643277220054 9.674494175450833e-05
