HD189733b/Results/ROEBA_Results/345_radii/HD189733b_nrca1_level3_asn_phot.ecsv
# %ECSV 0.9
# ---
# datatype:
# - {name: MJD, datatype: float64}
# - {name: aperture_sum, unit: Jy, datatype: float64}
# - {name: aperture_sum_err, unit: Jy, datatype: float64}
# - {name: annulus_sum, unit: Jy, datatype: float64}
# - {name: annulus_sum_err, unit: Jy, datatype: float64}
# - {name: annulus_mean, unit: Jy, datatype: float64}
# - {name: annulus_mean_err, unit: Jy, datatype: float64}
# - {name: aperture_bkg, unit: Jy, datatype: float64}
# - {name: aperture_bkg_err, unit: Jy, datatype: float64}
# - {name: net_aperture_sum, unit: Jy, datatype: float64}
# - {name: net_aperture_sum_err, unit: Jy, datatype: float64}
# meta: !!omap
# - {instrument: NIRCAM}
# - {detector: NRCA1}
# - {channel: SHORT}
# - {subarray: SUBGRISM64}
# - {filter: WLP4}
# - {pupil: CLEAR}
# - {target_name: UNKNOWN}
# - {xcenter: 1981.2}
# - {ycenter: 29.2}
# - ra_icrs: !numpy.ndarray
#     buffer: !!binary |
#       TW93WjUrbkNja0E9
#     dtype: float64
#     order: C
#     shape: !!python/tuple []
# - dec_icrs: !numpy.ndarray
#     buffer: !!binary |
#       U1ZQa09iSzFOa0E9
#     dtype: float64
#     order: C
#     shape: !!python/tuple []
# - {apertures: Photometry measured in a circular aperture of r=3.0 pixels.  Background calculated as the mean in a circular annulus with
#     r_inner=4.0 pixels and r_outer=5.0 pixels.}
# - {number_of_integrations: 7350}
# - __serialized_columns__:
#     annulus_mean:
#       __class__: astropy.units.quantity.Quantity
#       unit: &id001 !astropy.units.Unit {unit: Jy}
#       value: !astropy.table.SerializedColumn {name: annulus_mean}
#     annulus_mean_err:
#       __class__: astropy.units.quantity.Quantity
#       unit: *id001
#       value: !astropy.table.SerializedColumn {name: annulus_mean_err}
#     annulus_sum:
#       __class__: astropy.units.quantity.Quantity
#       unit: *id001
#       value: !astropy.table.SerializedColumn {name: annulus_sum}
#     annulus_sum_err:
#       __class__: astropy.units.quantity.Quantity
#       unit: *id001
#       value: !astropy.table.SerializedColumn {name: annulus_sum_err}
#     aperture_bkg:
#       __class__: astropy.units.quantity.Quantity
#       unit: *id001
#       value: !astropy.table.SerializedColumn {name: aperture_bkg}
#     aperture_bkg_err:
#       __class__: astropy.units.quantity.Quantity
#       unit: *id001
#       value: !astropy.table.SerializedColumn {name: aperture_bkg_err}
#     aperture_sum:
#       __class__: astropy.units.quantity.Quantity
#       unit: *id001
#       value: !astropy.table.SerializedColumn {name: aperture_sum}
#     aperture_sum_err:
#       __class__: astropy.units.quantity.Quantity
#       unit: *id001
#       value: !astropy.table.SerializedColumn {name: aperture_sum_err}
#     net_aperture_sum:
#       __class__: astropy.units.quantity.Quantity
#       unit: *id001
#       value: !astropy.table.SerializedColumn {name: net_aperture_sum}
#     net_aperture_sum_err:
#       __class__: astropy.units.quantity.Quantity
#       unit: *id001
#       value: !astropy.table.SerializedColumn {name: net_aperture_sum_err}
# schema: astropy-2.0
MJD aperture_sum aperture_sum_err annulus_sum annulus_sum_err annulus_mean annulus_mean_err aperture_bkg aperture_bkg_err net_aperture_sum net_aperture_sum_err
[from data line 5757]
59866.452407241726 0.03413914892597934 6.770989957820007e-05 0.014977384061327622 4.052081428987605e-05 0.0005297166017657907 1.4331306427427739e-06 0.014977384061327623 4.052081428987605e-05 0.01916176486465172 7.890859833759919e-05
59866.452438779685 0.034174794590923804 6.774820890862606e-05 0.014940381885493549 4.047137270825756e-05 0.0005284079175015355 1.4313820044963595e-06 0.014940381885493549 4.047137270825756e-05 0.019234412705430255 7.891610620917339e-05
59866.45247031765 0.034101858718153896 6.769090045604101e-05 0.014961670914940084 4.0509363284493926e-05 0.0005291608628948788 1.432725646273899e-06 0.014961670914940084 4.0509363284493926e-05 0.01914018780321381 7.888641529607463e-05
59866.452501855616 0.03412911354967796 6.77132392088777e-05 0.014984773251774795 4.0525262335151665e-05 0.0005299779409180384 1.4332879601633762e-06 0.014984773251774794 4.0525262335151665e-05 0.019144340297903163 7.891374817794143e-05
59866.452533393574 0.034075482620069805 6.766785944383582e-05 0.014954463691055735 4.050611123774313e-05 0.0005289059594932868 1.4326106286482202e-06 0.014954463691055735 4.050611123774313e-05 0.01912101892901407 7.886497479436065e-05
59866.45256493154 0.034121665556445656 6.772805843257959e-05 0.014972636043206833 4.0514268241136645e-05 0.0005295486749760543 1.432899123628419e-06 0.014972636043206833 4.0514268241136645e-05 0.019149029513238824 7.892082000436696e-05
59866.452596469506 0.03411919977919454 6.769561754452422e-05 0.014911231089813806 4.045823497158923e-05 0.0005273769190065371 1.4309173521115142e-06 0.014911231089813806 4.045823497158923e-05 0.019207968689380732 7.886422136654125e-05
59866.452628007464 0.034111190382620976 6.76838788152644e-05 0.01491562494161785 4.046770026052927e-05 0.0005275323197251652 1.4312521182276476e-06 0.014915624941617849 4.046770026052927e-05 0.019195565441003128 7.885900212312756e-05
59866.45265954543 0.033982535619091224 6.761765491090036e-05 0.014880530050438398 4.0460047374271764e-05 0.0005262910918566137 1.4309814527439139e-06 0.014880530050438398 4.0460047374271764e-05 0.019102005568652825 7.879824039391948e-05
59866.45269108339 0.034146638523088975 6.773366291802245e-05 0.014890892332195135 4.0460170476202066e-05 0.0005266575826040128 1.430985806584072e-06 0.014890892332195137 4.0460170476202066e-05 0.01925574619089384 7.889787378158947e-05
59866.452722621354 0.03416969199781027 6.774053647794217e-05 0.014959531244997588 4.050807176630302e-05 0.0005290851875508936 1.43267996816186e-06 0.014959531244997588 4.050807176630302e-05 0.019210160752812677 7.89283482694486e-05
59866.45275415932 0.03413482824707304 6.77045001734133e-05 0.014906983932556708 4.046249345624856e-05 0.0005272267065461913 1.4310679651967616e-06 0.014906983932556708 4.046249345624856e-05 0.019227844314516334 7.887403070991541e-05
59866.45278569728 0.03397814906251891 6.760698663713548e-05 0.014947646537052255 4.0489029426802166e-05 0.0005286648519916262 1.4320064831708388e-06 0.014947646537052254 4.0489029426802166e-05 0.01903050252546666 7.880397290795855e-05
59866.452817235244 0.03407692531252581 6.766962819898638e-05 0.014955291794391052 4.0501230598915584e-05 0.000528935247657555 1.4324380113604756e-06 0.014955291794391052 4.0501230598915584e-05 0.01912163351813476 7.886398582759807e-05
59866.45284877321 0.03409325144670654 6.76720708850191e-05 0.014905770725625057 4.045702101116971e-05 0.0005271837981283767 1.4308744170445175e-06 0.014905770725625055 4.045702101116971e-05 0.019187480721081483 7.884338733822436e-05
59866.45288031117 0.0341293793183601 6.772239758967505e-05 0.015000649337133503 4.0534871932389695e-05 0.0005305394425762134 1.4336278301414995e-06 0.015000649337133505 4.0534871932389695e-05 0.01912872998122659 7.892654165658888e-05
59866.452911849134 0.03408931840547863 6.766679835885792e-05 0.01496737086533005 4.0493150325323336e-05 0.0005293624574015326 1.4321522301418663e-06 0.014967370865330051 4.0493150325323336e-05 0.01912194754014858 7.885740817074557e-05
59866.45294338709 0.03403562626377013 6.7624358086637e-05 0.014931364387640367 4.047505891913918e-05 0.0005280889887553901 1.431512377537046e-06 0.014931364387640367 4.047505891913918e-05 0.019104261876129763 7.88117009151401e-05
59866.45297492506 0.034132692286500003 6.769177663027951e-05 0.01498097630271235 4.05078965115578e-05 0.0005298436513153815 1.4326737697931927e-06 0.01498097630271235 4.05078965115578e-05 0.019151715983787655 7.888641393265846e-05
59866.45300646302 0.03413075718433706 6.771573050273289e-05 0.014941594867798563 4.0494086570444886e-05 0.000528450817974808 1.432185343039431e-06 0.014941594867798563 4.0494086570444886e-05 0.019189162316538493 7.889988089150348e-05
59866.45303800098 0.03413750621870795 6.771146043916244e-05 0.01497097155606958 4.050792303031034e-05 0.0005294898057859195 1.4326747077022042e-06 0.014970971556069579 4.050792303031034e-05 0.019166534662638374 7.8903318707351e-05
59866.45306953895 0.03407186391172124 6.766887264448848e-05 0.014954270619256135 4.0507597994070965e-05 0.000528899130975225 1.4326632118968308e-06 0.014954270619256135 4.0507597994070965e-05 0.019117593292465106 7.88666077641562e-05
59866.45310107691 0.034054023488337776 7.163470714839199e-05 0.014984869515734613 4.1341932265879053e-05 0.00052998134555916 1.4621717504633272e-06 0.014984869515734614 4.1341932265879053e-05 0.019069153972603163 8.270844353336856e-05
59866.45313261487 0.03413260453412243 6.771968606107269e-05 0.014988633596539673 4.050940979760008e-05 0.0005301144726850093 1.432727291338513e-06 0.014988633596539671 4.050940979760008e-05 0.019143970937582758 7.891114092674203e-05
59866.45316415284 0.034116910552452924 6.770606944376024e-05 0.014959087697610412 4.05032226398953e-05 0.0005290695002710793 1.4325084653979784e-06 0.014959087697610412 4.05032226398953e-05 0.019157822854842514 7.88962792769102e-05
59866.453195690796 0.03411228742563025 6.768372176255654e-05 0.014925414162118731 4.047834410943593e-05 0.0005278785425766612 1.4316285673758738e-06 0.014925414162118731 4.047834410943593e-05 0.01918687326351152 7.886432991836725e-05
59866.45322722876 0.034137637746534985 6.773788091594424e-05 0.01492897080783474 4.0469356965654845e-05 0.0005280043331870011 1.431310712185421e-06 0.01492897080783474 4.0469356965654845e-05 0.019208666938700245 7.890620611964714e-05
59866.45325876673 0.03415325774263327 6.775278657198207e-05 0.01494395111383038 4.04843688113766e-05 0.0005285341531310534 1.4318416476190991e-06 0.014943951113830381 4.04843688113766e-05 0.019209306628802887 7.89267014788032e-05
59866.453290304686 0.034045349297627925 6.766425924569646e-05 0.014939685672167058 4.048571362858437e-05 0.0005283832939921227 1.4318892107982483e-06 0.014939685672167058 4.048571362858437e-05 0.019105663625460866 7.885141081353309e-05
59866.45332184265 0.03406391985259951 6.765453066038682e-05 0.01492539176940542 4.047656052181118e-05 0.0005278777505964362 1.4315654858676703e-06 0.014925391769405421 4.047656052181118e-05 0.01913852808319409 7.883836293679026e-05
59866.45335338062 0.03400062094389634 6.764127864108724e-05 0.014947212954727134 4.049921008803066e-05 0.0005286495171537862 1.4323665504060518e-06 0.014947212954727136 4.049921008803066e-05 0.019053407989169203 7.883862374468271e-05
59866.453384918575 0.03406661419479175 6.76677586533721e-05 0.014875831596043733 4.043192430596159e-05 0.000526124918025102 1.4299868026691415e-06 0.014875831596043733 4.043192430596159e-05 0.019190782598748013 7.882681056756021e-05
59866.45341645654 0.03419125813102785 6.774706726390049e-05 0.014907851203143375 4.046622268874905e-05 0.0005272573799686061 1.4311998598159597e-06 0.014907851203143375 4.046622268874905e-05 0.019283406927884474 7.891248508034001e-05
59866.4534479945 0.0339928157472045 6.762428739476043e-05 0.01490689990179251 4.0470632248755585e-05 0.0005272237345658594 1.4313558160986044e-06 0.01490689990179251 4.0470632248755585e-05 0.019085915845411992 7.8809366957635e-05
59866.453479532465 0.034017070728030604 6.765233148551712e-05 0.014978521423002713 4.0511633934065166e-05 0.0005297568277063849 1.4328059540746307e-06 0.014978521423002714 4.0511633934065166e-05 0.01903854930502789 7.885448902525455e-05
59866.45351107043 0.03414463647461254 6.771111202112896e-05 0.01498278194945124 4.051835815059237e-05 0.000529907513005153 1.4330437745854582e-06 0.014982781949451239 4.051835815059237e-05 0.019161854525161302 7.890837749160446e-05
59866.45354260839 0.03416679223360064 6.772019089440834e-05 0.014938062256980954 4.047950096368219e-05 0.0005283258774251096 1.431669482725147e-06 0.014938062256980954 4.047950096368219e-05 0.019228729976619688 7.889622458041863e-05
59866.453574146355 0.03422253836119346 6.778436273769115e-05 0.01493481994004447 4.048848626868772e-05 0.0005282112039212181 1.4319872728822179e-06 0.014934819940044471 4.048848626868772e-05 0.01928771842114899 7.895592031054166e-05
59866.45360568431 0.03397474987465025 6.76110502847007e-05 0.014962810196901639 4.0496819563222734e-05 0.0005292011567517137 1.432282002886104e-06 0.014962810196901639 4.0496819563222734e-05 0.019011939677748606 7.88114618271768e-05
59866.45363722228 0.03409589122576936 6.769235117629655e-05 0.014978626961339732 4.052668534846535e-05 0.0005297605603615009 1.4333382889640337e-06 0.01497862696133973 4.052668534846535e-05 0.019117264264429626 7.889655653517822e-05
59866.453668760245 0.03408584865071754 6.76398086618873e-05 0.014969074476635258 4.049667343946085e-05 0.0005294227103260506 1.4322768348152138e-06 0.014969074476635258 4.049667343946085e-05 0.01911677417408228 7.883605948726165e-05
59866.4537002982 0.034029357646465225 6.763382714456784e-05 0.014969029543741168 4.050460045724708e-05 0.0005294211211500057 1.4325571957184704e-06 0.014969029543741167 4.050460045724708e-05 0.01906032810272406 7.883500004707618e-05
59866.45373183617 0.034071018232522496 6.76309301772728e-05 0.01494737503435845 4.050236719042573e-05 0.0005286552495481192 1.4324782100620568e-06 0.01494737503435845 4.050236719042573e-05 0.019123643198164043 7.883136726374358e-05
59866.453763374135 0.03406681813661194 6.765021895315802e-05 0.014953293270084943 4.049194834625831e-05 0.0005288645643192868 1.4321097188286016e-06 0.014953293270084943 4.049194834625831e-05 0.019113524866527 7.884256467978621e-05
59866.45379491209 0.03409119404763337 6.7670419986884e-05 0.014919716192913508 4.046526991331391e-05 0.0005276770181400842 1.4311661622781466e-06 0.01491971619291351 4.046526991331391e-05 0.019171477854719857 7.884620352533543e-05
59866.45382645006 0.03417451130735706 6.773236888855036e-05 0.0149500533507493 4.049225893444261e-05 0.0005287499756131787 1.4321207036385566e-06 0.0149500533507493 4.049225893444261e-05 0.01922445795660776 7.891322340944267e-05
59866.45385798802 0.03405223406043442 6.761992006594547e-05 0.014940393956565887 4.049406154956904e-05 0.0005284083444283868 1.4321844581069707e-06 0.014940393956565885 4.049406154956904e-05 0.019111840103868537 7.881765418042548e-05
59866.45388952598 0.034125694778453376 6.771584170591415e-05 0.014961209549879064 4.050382326663866e-05 0.0005291445454437607 1.4325297082235695e-06 0.014961209549879062 4.050382326663866e-05 0.019164485228574314 7.890497396967774e-05
59866.45392106395 0.03418877325462414 6.777741027642436e-05 0.014898481037655505 4.0465622645837605e-05 0.0005269259781563875 1.431178637639199e-06 0.014898481037655505 4.0465622645837605e-05 0.019290292216968635 7.893822876081069e-05
59866.45395260191 0.034163456482165795 6.773459087187434e-05 0.014976429389675089 4.052297042952622e-05 0.0005296828371630061 1.433206900583512e-06 0.014976429389675087 4.052297042952622e-05 0.01918702709249071 7.893089340057199e-05
59866.45398413987 0.03412305754538749 6.769425718887217e-05 0.015007783453777582 4.052947046561773e-05 0.0005307917603381021 1.4334367923333428e-06 0.015007783453777582 4.052947046561773e-05 0.01911527409160991 7.889962251225636e-05
59866.45401567784 0.03422544701050632 6.777437337363785e-05 0.01495742792995985 4.049518333937737e-05 0.0005290107979986412 1.4322241333054386e-06 0.014957427929959848 4.049518333937737e-05 0.01926801908054647 7.895077934940895e-05
59866.4540472158 0.0340529450473302 6.766030271703991e-05 0.014971466388603904 4.050277841870182e-05 0.0005295073069067729 1.432492754287141e-06 0.014971466388603904 4.050277841870182e-05 0.0190814786587263 7.885677918477229e-05
59866.45407875376 0.034153624484259966 6.774104929963667e-05 0.014968385030833174 4.049874097377367e-05 0.0005293983261688515 1.4323499588831909e-06 0.014968385030833174 4.049874097377367e-05 0.019185239453426792 7.892400002962736e-05
59866.45411029172 0.034029421555325595 6.764283563947392e-05 0.014917739186828786 4.047025927300853e-05 0.0005276070958532161 1.4313426247799827e-06 0.014917739186828786 4.047025927300853e-05 0.019111682368496807 7.882509181075158e-05
59866.45414182969 0.03404883596810179 6.766358644668022e-05 0.014918991093291395 4.0473533651756794e-05 0.0005276513729869523 1.431458432238503e-06 0.014918991093291393 4.0473533651756794e-05 0.019129844874810398 7.884458039134495e-05
59866.45417336765 0.034166134372013365 6.773005664363156e-05 0.014934602307174557 4.050711877882033e-05 0.0005282035067329901 1.4326462631243987e-06 0.014934602307174557 4.050711877882033e-05 0.01923153206483881 7.891886494819219e-05
59866.45420490561 0.034035751950286915 6.764908537853122e-05 0.014976024612332956 4.051133078081108e-05 0.000529668521093039 1.4327952322215412e-06 0.014976024612332956 4.051133078081108e-05 0.01905972733795396 7.885154833092435e-05
59866.45423644358 0.03401651447513565 6.763089646274597e-05 0.014959071828612377 4.0494923958818833e-05 0.000529068939020084 1.4322149595947645e-06 0.014959071828612377 4.0494923958818833e-05 0.019057442646523273 7.882751437654992e-05
59866.45426798154 0.03412711656583222 6.771844400222552e-05 0.014951661588263696 4.048670135139787e-05 0.0005288068553798636 1.4319241443467312e-06 0.014951661588263696 4.048670135139787e-05 0.019175454977568524 7.889841978392113e-05
59866.4542995195 0.03409690639543377 6.767085070817289e-05 0.014920951921915419 4.048954991430444e-05 0.00052772072311319 1.4320248916505732e-06 0.014920951921915417 4.048954991430444e-05 0.019175954473518355 7.88590368177977e-05
59866.454331057466 0.034083111651348634 6.768332691488307e-05 0.014996665830300505 4.052639458500008e-05 0.0005303985548421441 1.4333280053100852e-06 0.014996665830300506 4.052639458500008e-05 0.019086445821048126 7.888866458703721e-05
59866.454362595425 0.034027696489745886 6.762150132317463e-05 0.014915782558524833 4.047395661680935e-05 0.0005275378942829122 1.4314733915671408e-06 0.014915782558524833 4.047395661680935e-05 0.019111913931221053 7.8808683566086e-05
59866.45439413339 0.0339952023727262 6.760476676986074e-05 0.014970745117146585 4.051582366950279e-05 0.0005294817971472743 1.4329541356535516e-06 0.014970745117146583 4.051582366950279e-05 0.019024457255579615 7.881583887535239e-05
59866.454425671356 0.03419803349556207 6.776127331723505e-05 0.014955556870526274 4.050813265884605e-05 0.0005289446228080475 1.4326821217950202e-06 0.014955556870526274 4.050813265884605e-05 0.0192424766250358 7.89461776977182e-05
59866.454457209315 0.03403742464513586 6.766032603121761e-05 0.015003408382269275 4.0526013891683354e-05 0.0005306370238365626 1.4333145410382721e-06 0.015003408382269275 4.0526013891683354e-05 0.019034016262866583 7.886873601497347e-05
59866.45448874728 0.03405884946614788 6.766001292851934e-05 0.014901822666850886 4.046822620052552e-05 0.0005270441641129264 1.4312707195499083e-06 0.014901822666850887 4.046822620052552e-05 0.01915702679929699 7.883878919227707e-05
