HD189733b/Results/ROEBA_Results/345_radii/HD189733b_nrca1_level3_asn_phot.ecsv
# %ECSV 0.9
# ---
# datatype:
# - {name: MJD, datatype: float64}
# - {name: aperture_sum, unit: Jy, datatype: float64}
# - {name: aperture_sum_err, unit: Jy, datatype: float64}
# - {name: annulus_sum, unit: Jy, datatype: float64}
# - {name: annulus_sum_err, unit: Jy, datatype: float64}
# - {name: annulus_mean, unit: Jy, datatype: float64}
# - {name: annulus_mean_err, unit: Jy, datatype: float64}
# - {name: aperture_bkg, unit: Jy, datatype: float64}
# - {name: aperture_bkg_err, unit: Jy, datatype: float64}
# - {name: net_aperture_sum, unit: Jy, datatype: float64}
# - {name: net_aperture_sum_err, unit: Jy, datatype: float64}
# meta: !!omap
# - {instrument: NIRCAM}
# - {detector: NRCA1}
# - {channel: SHORT}
# - {subarray: SUBGRISM64}
# - {filter: WLP4}
# - {pupil: CLEAR}
# - {target_name: UNKNOWN}
# - {xcenter: 1981.2}
# - {ycenter: 29.2}
# - ra_icrs: !numpy.ndarray
#     buffer: !!binary |
#       TW93WjUrbkNja0E9
#     dtype: float64
#     order: C
#     shape: !!python/tuple []
# - dec_icrs: !numpy.ndarray
#     buffer: !!binary |
#       U1ZQa09iSzFOa0E9
#     dtype: float64
#     order: C
#     shape: !!python/tuple []
# - {apertures: Photometry measured in a circular aperture of r=3.0 pixels.  Background calculated as the mean in a circular annulus with
#     r_inner=4.0 pixels and r_outer=5.0 pixels.}
# - {number_of_integrations: 7350}
# - __serialized_columns__:
#     annulus_mean:
#       __class__: astropy.units.quantity.Quantity
#       unit: &id001 !astropy.units.Unit {unit: Jy}
#       value: !astropy.table.SerializedColumn {name: annulus_mean}
#     annulus_mean_err:
#       __class__: astropy.units.quantity.Quantity
#       unit: *id001
#       value: !astropy.table.SerializedColumn {name: annulus_mean_err}
#     annulus_sum:
#       __class__: astropy.units.quantity.Quantity
#       unit: *id001
#       value: !astropy.table.SerializedColumn {name: annulus_sum}
#     annulus_sum_err:
#       __class__: astropy.units.quantity.Quantity
#       unit: *id001
#       value: !astropy.table.SerializedColumn {name: annulus_sum_err}
#     aperture_bkg:
#       __class__: astropy.units.quantity.Quantity
#       unit: *id001
#       value: !astropy.table.SerializedColumn {name: aperture_bkg}
#     aperture_bkg_err:
#       __class__: astropy.units.quantity.Quantity
#       unit: *id001
#       value: !astropy.table.SerializedColumn {name: aperture_bkg_err}
#     aperture_sum:
#       __class__: astropy.units.quantity.Quantity
#       unit: *id001
#       value: !astropy.table.SerializedColumn {name: aperture_sum}
#     aperture_sum_err:
#       __class__: astropy.units.quantity.Quantity
#       unit: *id001
#       value: !astropy.table.SerializedColumn {name: aperture_sum_err}
#     net_aperture_sum:
#       __class__: astropy.units.quantity.Quantity
#       unit: *id001
#       value: !astropy.table.SerializedColumn {name: net_aperture_sum}
#     net_aperture_sum_err:
#       __class__: astropy.units.quantity.Quantity
#       unit: *id001
#       value: !astropy.table.SerializedColumn {name: net_aperture_sum_err}
# schema: astropy-2.0
MJD aperture_sum aperture_sum_err annulus_sum annulus_sum_err annulus_mean annulus_mean_err aperture_bkg aperture_bkg_err net_aperture_sum net_aperture_sum_err
[from data line 6785]
59866.484828267654 0.034154098887988864 6.77156199714533e-05 0.014975409522501915 4.0516594149576614e-05 0.0005296467667403599 1.4329813858118413e-06 0.014975409522501914 4.0516594149576614e-05 0.019178689365486952 7.891134005705258e-05
59866.48485980561 0.03406369202220549 6.766390267468562e-05 0.014970643318821818 4.0507958061931055e-05 0.0005294781967680333 1.4326759466923379e-06 0.014970643318821818 4.0507958061931055e-05 0.01909304870338367 7.88625284372527e-05
59866.48489134358 0.03400903389087531 6.760701190534142e-05 0.014982095290096748 4.05079126688017e-05 0.000529883227398378 1.4326743412388002e-06 0.014982095290096746 4.05079126688017e-05 0.019026938600778566 7.881369834966662e-05
59866.48492288154 0.03399467903828894 6.75946396108799e-05 0.014906548899059508 4.04629494775335e-05 0.000527211320383638 1.4310840936504624e-06 0.014906548899059508 4.04629494775335e-05 0.019088130139229435 7.877998213090786e-05
59866.4849544195 0.034100119700081116 6.770241155188213e-05 0.014977709918244538 4.051679323955154e-05 0.0005297281265966946 1.4329884271793145e-06 0.014977709918244538 4.051679323955154e-05 0.019122409781836578 7.890010813907034e-05
59866.48498595747 0.0341372901481486 6.771105188415352e-05 0.015011172979313883 4.0531565057766435e-05 0.0005309116402811774 1.4335108733765045e-06 0.015011172979313883 4.0531565057766435e-05 0.019126117168834715 7.891510827015625e-05
59866.485017495426 0.03415814614825995 6.7744008983279e-05 0.01497378058724051 4.05268493626739e-05 0.0005295891549406201 1.43334408978004e-06 0.01497378058724051 4.05268493626739e-05 0.01918436556101944 7.89409670094777e-05
59866.48504903339 0.03414349860093409 6.773647093517797e-05 0.014967100053161084 4.050533873139187e-05 0.0005293528793803457 1.4325833068250262e-06 0.014967100053161082 4.050533873139187e-05 0.019176398547773005 7.892345633901878e-05
59866.48508057136 0.03408625277733378 6.767248013508437e-05 0.014949390431749353 4.0485615074118946e-05 0.0005287265296496874 1.4318857251470625e-06 0.014949390431749353 4.0485615074118946e-05 0.019136862345584427 7.885841486844074e-05
59866.485112109316 0.034215009992643874 6.780556472681524e-05 0.014901838225793409 4.0474201280294324e-05 0.0005270447143979512 1.4314820447678134e-06 0.014901838225793409 4.0474201280294324e-05 0.019313171766850466 7.896680047463054e-05
59866.48514364728 0.03413379215749026 6.77124895851616e-05 0.014925263556742124 4.047591806860985e-05 0.0005278732160010738 1.4315427637337376e-06 0.014925263556742122 4.047591806860985e-05 0.019208528600748138 7.888777591818289e-05
59866.48517518524 0.03413196370261036 6.771127270606646e-05 0.014947456361760952 4.047776869032522e-05 0.0005286581259165896 1.4316082160879141e-06 0.014947456361760952 4.047776869032522e-05 0.019184507340849408 7.888768097505955e-05
59866.485206723206 0.03409946932947808 6.768409120776698e-05 0.014933925272783154 4.0493622661691223e-05 0.000528179561539649 1.432168935623589e-06 0.014933925272783154 4.0493622661691223e-05 0.019165544056694923 7.8872490000562e-05
59866.48523826117 0.034052817504175444 6.764012349940602e-05 0.014936561193064928 4.048831383128174e-05 0.0005282727881490802 1.431981174156543e-06 0.014936561193064926 4.048831383128174e-05 0.019116256311110517 7.883203577172962e-05
59866.48526979913 0.033979795225794585 6.760171715417324e-05 0.014959386662467716 4.05040913191226e-05 0.000529080073989935 1.4325391886408644e-06 0.014959386662467714 4.05040913191226e-05 0.01902040856332687 7.880719241148401e-05
59866.485301337096 0.034115983441809605 6.771169337275426e-05 0.015006461048922875 4.053230443555888e-05 0.0005307449898337921 1.4335370235166112e-06 0.015006461048922875 4.053230443555888e-05 0.01910952239288673 7.8916038434926e-05
59866.48533287506 0.03413291033541613 6.771099061020498e-05 0.014942250146018434 4.048194930601901e-05 0.0005284739937009841 1.4317560751218772e-06 0.014942250146018432 4.048194930601901e-05 0.019190660189397697 7.888958403382768e-05
59866.48536441302 0.0341104910917935 6.769463960437862e-05 0.014923640486850086 4.047298323380431e-05 0.0005278158116463401 1.4314389651856355e-06 0.014923640486850085 4.047298323380431e-05 0.01918685060494342 7.88709490434248e-05
59866.485395950986 0.03405133701709668 6.764269768024357e-05 0.014979605921848714 4.051813167627314e-05 0.0005297951840068557 1.4330357646949274e-06 0.014979605921848714 4.051813167627314e-05 0.019071731095247964 7.884956273814482e-05
59866.485427488944 0.03409087872232571 6.7705100198943e-05 0.014959113775074166 4.0485433486883185e-05 0.0005290704225726925 1.4318793028123572e-06 0.014959113775074164 4.0485433486883185e-05 0.019131764947251547 7.888631641526782e-05
59866.48545902691 0.03414603441623312 6.773605313794483e-05 0.01493630357799511 4.0494020373278655e-05 0.0005282636768797965 1.4321830017936033e-06 0.01493630357799511 4.0494020373278655e-05 0.019209730838238015 7.891728949158094e-05
59866.485490564875 0.03401284360363872 6.76197589829545e-05 0.014896556400056535 4.047281690524691e-05 0.0005268579080258238 1.4314330825162828e-06 0.014896556400056537 4.047281690524691e-05 0.01911628720358219 7.880660323322213e-05
59866.485522102834 0.033934618332920136 6.755683874683013e-05 0.014966683280615442 4.0523789033876374e-05 0.0005293381390668383 1.4332358527899037e-06 0.014966683280615444 4.0523789033876374e-05 0.018967935052304694 7.877882925715086e-05
59866.4855536408 0.03401008615798807 6.759947677353012e-05 0.014907881382701679 4.047259689845056e-05 0.000527258447352136 1.431425301367582e-06 0.01490788138270168 4.047259689845056e-05 0.01910220477528639 7.878908782159817e-05
59866.485585178765 0.03404971197426928 6.763615606406721e-05 0.01488569129980666 4.046465894412496e-05 0.0005264736337120557 1.4311445536633692e-06 0.01488569129980666 4.046465894412496e-05 0.01916402067446262 7.881648451045763e-05
59866.48561671672 0.03417516801924478 6.77544970531715e-05 0.014906391155961539 4.0459061438447415e-05 0.000527205741362798 1.4309465823972436e-06 0.01490639115596154 4.0459061438447415e-05 0.019268776863283238 7.89151919683928e-05
59866.48564825469 0.03395772458150444 6.75863787945364e-05 0.014988435476049061 4.051653491657153e-05 0.0005301074656060297 1.4329792908728295e-06 0.014988435476049061 4.051653491657153e-05 0.01896928910545538 7.880043274122497e-05
59866.48567979265 0.03419158474447276 6.775903007203045e-05 0.01499590638679398 4.0522987521346986e-05 0.0005303716950225746 1.4332075050830144e-06 0.01499590638679398 4.0522987521346986e-05 0.019195678357678776 7.895187568359329e-05
59866.48571133061 0.03418637722605472 6.774768214366954e-05 0.014894779772359363 4.046405163996213e-05 0.0005267950726747041 1.4311230746723748e-06 0.014894779772359364 4.046405163996213e-05 0.019291597453695356 7.89118996790801e-05
59866.48574286858 0.03406160740749801 6.766081932224687e-05 0.01494753044458903 4.049881820106082e-05 0.0005286607460606534 1.4323526902397446e-06 0.014947530444589031 4.049881820106082e-05 0.019114076962908975 7.885518845986173e-05
59866.48577440654 0.03415885983734438 6.773943830556044e-05 0.014971772750437599 4.0506996291021336e-05 0.0005295181422401524 1.4326419310046926e-06 0.0149717727504376 4.0506996291021336e-05 0.01918708708690678 7.89268537981443e-05
59866.4858059445 0.03411624258738919 6.769508387244884e-05 0.01497287958880031 4.050864737074631e-05 0.0005295572886394032 1.4327003260046188e-06 0.014972879588800309 4.050864737074631e-05 0.019143362998588882 7.88896374202934e-05
59866.48583748246 0.034097678224675534 6.769154524467496e-05 0.014960747030706854 4.0499616546875626e-05 0.0005291281871743093 1.4323809259470163e-06 0.014960747030706855 4.0499616546875626e-05 0.019136931193968677 7.888196395917028e-05
59866.48586902043 0.03408087406149502 6.7674532859341e-05 0.014940427501067827 4.049060759004068e-05 0.0005284095308224529 1.4320622992775976e-06 0.014940427501067827 4.049060759004068e-05 0.019140446560427196 7.886273962233803e-05
59866.48590055839 0.03409236404562195 6.768155977051646e-05 0.014946531049464942 4.0501111308298926e-05 0.0005286253996886311 1.4324337923179633e-06 0.014946531049464943 4.0501111308298926e-05 0.019145832996157006 7.887416275420748e-05
59866.48593209635 0.03399777732707217 6.760234351949927e-05 0.014925321179210764 4.048009720057467e-05 0.000527875253979011 1.431690570291523e-06 0.014925321179210764 4.048009720057467e-05 0.019072456147861405 7.879540036509972e-05
59866.48596363432 0.034094369562511016 6.768258543499082e-05 0.014944190772375745 4.0482947478518104e-05 0.0005285426293181976 1.431791378252386e-06 0.014944190772375745 4.0482947478518104e-05 0.019150178790135274 7.886571756925366e-05
59866.48599517228 0.03398888948686988 6.760862797327027e-05 0.014802618635289156 4.040084722899194e-05 0.00052353553922455 1.4288876759099042e-06 0.014802618635289155 4.040084722899194e-05 0.019186270851580724 7.876011067315999e-05
59866.48602671024 0.03421248440665996 6.779823390012688e-05 0.014929415499688105 4.050006830868027e-05 0.0005280200609440268 1.4323969037524182e-06 0.014929415499688103 4.050006830868027e-05 0.019283068906971852 7.897376813210879e-05
59866.48605824821 0.03409520064599209 6.770476506380082e-05 0.014913095966082236 4.0462691644597145e-05 0.0005274428755123983 1.4310749746757263e-06 0.014913095966082236 4.0462691644597145e-05 0.019182104679909856 7.887435975949482e-05
59866.486089786165 0.03404152860811892 6.763572062199622e-05 0.014949871679829712 4.049373824225489e-05 0.0005287435503187635 1.4321730234498184e-06 0.014949871679829712 4.049373824225489e-05 0.019091656928289208 7.883104427120689e-05
59866.48612132413 0.03406461315148125 6.766355608731037e-05 0.014934121754840608 4.048549177416962e-05 0.0005281865106709096 1.431881364303414e-06 0.014934121754840608 4.048549177416962e-05 0.019130491396640643 7.885069350726696e-05
59866.4861528621 0.03415844101024676 6.769661628477402e-05 0.014912213434665117 4.0473382260253565e-05 0.0005274116623485164 1.431453077859374e-06 0.014912213434665117 4.0473382260253565e-05 0.019246227575581643 7.887285038587447e-05
59866.486184400055 0.034155897510252976 6.772762400672826e-05 0.015013833667990086 4.053178084836807e-05 0.0005310057428933654 1.4335185054078208e-06 0.015013833667990086 4.053178084836807e-05 0.019142063842262892 7.892943881934604e-05
59866.48621593802 0.03410283427276373 6.767651674747606e-05 0.01494519341035256 4.049997892331291e-05 0.0005285780903826735 1.4323937423917392e-06 0.014945193410352558 4.049997892331291e-05 0.019157640862411167 7.886925390708471e-05
59866.48624747599 0.03401270540483946 6.759429887335479e-05 0.014914155690612049 4.047468860594122e-05 0.0005274803556006728 1.4314992803868356e-06 0.014914155690612049 4.047468860594122e-05 0.01909854971422741 7.878571988582906e-05
59866.486279013945 0.034205862881532594 6.775959591124182e-05 0.014943875944646537 4.049106147586193e-05 0.0005285314945650141 1.4320783522047205e-06 0.014943875944646539 4.049106147586193e-05 0.019261986936886057 7.893597973989307e-05
59866.48631055191 0.03424047571544359 6.778162266966777e-05 0.014925169943354645 4.048768556677126e-05 0.0005278699051047723 1.4319589538448962e-06 0.014925169943354645 4.048768556677126e-05 0.019315305772088946 7.895315734210354e-05
59866.48634208987 0.034075318721397234 6.767118779129801e-05 0.01494844537427363 4.049297265731563e-05 0.0005286931050788501 1.4321459464214985e-06 0.014948445374273629 4.049297265731563e-05 0.019126873347123603 7.886108350581567e-05
59866.486373627835 0.03418787241358555 6.777128000684947e-05 0.014962834468734237 4.0509511561582104e-05 0.0005292020151921883 1.4327308905031281e-06 0.014962834468734237 4.0509511561582104e-05 0.019225037944851312 7.895547429231711e-05
59866.4864051658 0.03401191234452363 6.762118025108846e-05 0.014952384571438883 4.049660585573436e-05 0.0005288324256789976 1.4322744445298484e-06 0.014952384571438881 4.049660585573436e-05 0.01905952777308475 7.882004252970748e-05
59866.48643670376 0.034163575436272915 6.775015577653622e-05 0.014981890996636547 4.051593831577684e-05 0.0005298760019952597 1.4329581904360454e-06 0.014981890996636547 4.051593831577684e-05 0.019181684439636366 7.894064140449302e-05
59866.486468241725 0.03402700751476016 6.764609393404176e-05 0.01490442271114595 4.0466965822183794e-05 0.0005271361218688858 1.4312261427847412e-06 0.014904422711145952 4.0466965822183794e-05 0.01912258480361421 7.882619708819519e-05
59866.48649977969 0.03413162030322016 6.769771150569323e-05 0.014876247545893999 4.0444591742329664e-05 0.0005261396292417127 1.4304348215834262e-06 0.014876247545893999 4.0444591742329664e-05 0.01925537275732616 7.885902069079852e-05
59866.48653131765 0.034052880394620205 6.765280011788131e-05 0.014920408768150812 4.047928133763647e-05 0.000527701512978413 1.4316617150427452e-06 0.01492040876815081 4.047928133763647e-05 0.019132471626469395 7.883827485049078e-05
59866.486562855614 0.034090903810496766 6.768212609513491e-05 0.015000763723110438 4.052083731804812e-05 0.00053054348815258 1.433131457197755e-06 0.015000763723110438 4.052083731804812e-05 0.019090140087386326 7.888477958208075e-05
59866.48659439357 0.034009804452114385 6.763591900145794e-05 0.01497283365324076 4.048756595456347e-05 0.0005295556640013219 1.431954723428424e-06 0.014972833653240761 4.048756595456347e-05 0.019036970798873624 7.882804409660882e-05
59866.48662593154 0.03413615608906204 6.769910507856524e-05 0.014951370472077502 4.049945098896583e-05 0.0005287965592509643 1.432375070533747e-06 0.014951370472077504 4.049945098896583e-05 0.01918478561698454 7.888836643540201e-05
59866.486657469504 0.03412601537176167 6.771025729708896e-05 0.014984284818839929 4.051528759430985e-05 0.0005299606661367156 1.4329351758720351e-06 0.014984284818839929 4.051528759430985e-05 0.019141730552921746 7.890606739717566e-05
59866.48668900746 0.03408180191532675 6.766075581250405e-05 0.014976896579426977 4.051245023674583e-05 0.0005296993606204227 1.4328348248761166e-06 0.014976896579426977 4.051245023674583e-05 0.01910490533589977 7.886213604325024e-05
59866.48672054543 0.03417483786073553 6.774247331623177e-05 0.014969111004439418 4.05152589334543e-05 0.0005294240022328489 1.4329341622016276e-06 0.01496911100443942 4.05152589334543e-05 0.01920572685629611 7.893369937767532e-05
59866.486752083394 0.03399933387626303 6.762843228067501e-05 0.014960545263902827 4.049236115671138e-05 0.000529121051133373 1.4321243190117497e-06 0.014960545263902827 4.049236115671138e-05 0.019038788612360198 7.882408365967469e-05
59866.48678362135 0.03423024252542937 6.776450216310977e-05 0.014932197676467071 4.0484872050543804e-05 0.0005281184603188997 1.4318594460637696e-06 0.014932197676467071 4.0484872050543804e-05 0.019298044848962297 7.893701678150126e-05
59866.48681515932 0.03408058807502902 6.768577003893763e-05 0.014972859677370652 4.0505230645769376e-05 0.0005295565844166357 1.4325794840781157e-06 0.014972859677370652 4.0505230645769376e-05 0.01910772839765837 7.887989081781822e-05
59866.48684669728 0.03404617600219793 6.762329493322982e-05 0.01494214577131593 4.048682358483472e-05 0.0005284703022010204 1.431928467470217e-06 0.01494214577131593 4.048682358483472e-05 0.019104030230881995 7.881683133453231e-05
59866.48687823524 0.03412198546386088 6.773755324659814e-05 0.014969168792347326 4.050263324353443e-05 0.0005294260460620032 1.432487619765918e-06 0.014969168792347326 4.050263324353443e-05 0.019152816671513556 7.89229967721448e-05
59866.48690977321 0.033980164141276824 6.760488637107192e-05 0.014906442925879223 4.0469389015592805e-05 0.0005272075723490874 1.4313118457200994e-06 0.014906442925879221 4.0469389015592805e-05 0.019073721215397604 7.87920815091271e-05
