HD189733b/Results/ROEBA_Results/345_radii/HD189733b_nrca1_level3_asn_phot.ecsv
# %ECSV 0.9
# ---
# datatype:
# - {name: MJD, datatype: float64}
# - {name: aperture_sum, unit: Jy, datatype: float64}
# - {name: aperture_sum_err, unit: Jy, datatype: float64}
# - {name: annulus_sum, unit: Jy, datatype: float64}
# - {name: annulus_sum_err, unit: Jy, datatype: float64}
# - {name: annulus_mean, unit: Jy, datatype: float64}
# - {name: annulus_mean_err, unit: Jy, datatype: float64}
# - {name: aperture_bkg, unit: Jy, datatype: float64}
# - {name: aperture_bkg_err, unit: Jy, datatype: float64}
# - {name: net_aperture_sum, unit: Jy, datatype: float64}
# - {name: net_aperture_sum_err, unit: Jy, datatype: float64}
# meta: !!omap
# - {instrument: NIRCAM}
# - {detector: NRCA1}
# - {channel: SHORT}
# - {subarray: SUBGRISM64}
# - {filter: WLP4}
# - {pupil: CLEAR}
# - {target_name: UNKNOWN}
# - {xcenter: 1981.2}
# - {ycenter: 29.2}
# - ra_icrs: !numpy.ndarray
#     buffer: !!binary |
#       TW93WjUrbkNja0E9
#     dtype: float64
#     order: C
#     shape: !!python/tuple []
# - dec_icrs: !numpy.ndarray
#     buffer: !!binary |
#       U1ZQa09iSzFOa0E9
#     dtype: float64
#     order: C
#     shape: !!python/tuple []
# - {apertures: Photometry measured in a circular aperture of r=3.0 pixels.  Background calculated as the mean in a circular annulus with
#     r_inner=4.0 pixels and r_outer=5.0 pixels.}
# - {number_of_integrations: 7350}
# - __serialized_columns__:
#     annulus_mean:
#       __class__: astropy.units.quantity.Quantity
#       unit: &id001 !astropy.units.Unit {unit: Jy}
#       value: !astropy.table.SerializedColumn {name: annulus_mean}
#     annulus_mean_err:
#       __class__: astropy.units.quantity.Quantity
#       unit: *id001
#       value: !astropy.table.SerializedColumn {name: annulus_mean_err}
#     annulus_sum:
#       __class__: astropy.units.quantity.Quantity
#       unit: *id001
#       value: !astropy.table.SerializedColumn {name: annulus_sum}
#     annulus_sum_err:
#       __class__: astropy.units.quantity.Quantity
#       unit: *id001
#       value: !astropy.table.SerializedColumn {name: annulus_sum_err}
#     aperture_bkg:
#       __class__: astropy.units.quantity.Quantity
#       unit: *id001
#       value: !astropy.table.SerializedColumn {name: aperture_bkg}
#     aperture_bkg_err:
#       __class__: astropy.units.quantity.Quantity
#       unit: *id001
#       value: !astropy.table.SerializedColumn {name: aperture_bkg_err}
#     aperture_sum:
#       __class__: astropy.units.quantity.Quantity
#       unit: *id001
#       value: !astropy.table.SerializedColumn {name: aperture_sum}
#     aperture_sum_err:
#       __class__: astropy.units.quantity.Quantity
#       unit: *id001
#       value: !astropy.table.SerializedColumn {name: aperture_sum_err}
#     net_aperture_sum:
#       __class__: astropy.units.quantity.Quantity
#       unit: *id001
#       value: !astropy.table.SerializedColumn {name: net_aperture_sum}
#     net_aperture_sum_err:
#       __class__: astropy.units.quantity.Quantity
#       unit: *id001
#       value: !astropy.table.SerializedColumn {name: net_aperture_sum_err}
# schema: astropy-2.0
MJD aperture_sum aperture_sum_err annulus_sum annulus_sum_err annulus_mean annulus_mean_err aperture_bkg aperture_bkg_err net_aperture_sum net_aperture_sum_err
[from data line 4112]
59866.40052729265 0.033298907056012246 6.658923832566572e-05 0.014632430678351776 3.995991242344979e-05 0.0005175163715353734 1.4132927972691717e-06 0.014632430678351776 3.995991242344979e-05 0.01866647637766047 7.7659006314027e-05
59866.40055883061 0.033276012899591374 6.660665123901109e-05 0.01457754933829349 3.992879438697386e-05 0.0005155753411900882 1.4121922218637367e-06 0.01457754933829349 3.992879438697386e-05 0.01869846356129788 7.765793333892225e-05
59866.400590368576 0.0333895856919339 6.667590140959872e-05 0.014586411130228927 3.9928989141851205e-05 0.0005158887629659052 1.4121991099084969e-06 0.014586411130228925 3.9928989141851205e-05 0.018803174561704973 7.771743692809612e-05
59866.40062190654 0.03336375114243421 6.664399871877369e-05 0.014627987634943726 3.995864820823225e-05 0.0005173592310196483 1.413248084802282e-06 0.014627987634943725 3.995864820823225e-05 0.018735763507490483 7.770531598196594e-05
59866.4006534445 0.03327860461564304 6.659488830245745e-05 0.014608233328935922 3.995342409839449e-05 0.0005166605653644279 1.413063319712519e-06 0.014608233328935922 3.995342409839449e-05 0.018670371286707118 7.766051277968074e-05
59866.400684982465 0.033265829720652354 6.659134225069495e-05 0.014605137117806657 3.9949207753234754e-05 0.0005165510592964104 1.412914197007196e-06 0.014605137117806657 3.9949207753234754e-05 0.018660692602845697 7.765530286374718e-05
59866.40071652043 0.03330421832280944 6.662149778346848e-05 0.014628236149936759 3.995908752736677e-05 0.0005173680204395535 1.4132636225382497e-06 0.014628236149936757 3.995908752736677e-05 0.018675982172872686 7.768624487599111e-05
59866.40074805839 0.033271914124353305 6.661795186867598e-05 0.014627994093127535 3.9971550221421905e-05 0.0005173594594311765 1.4137044001744979e-06 0.014627994093127535 3.9971550221421905e-05 0.01864392003122577 7.768961538250066e-05
59866.400779596355 0.03334823784027572 6.665578276478287e-05 0.014587846818692704 3.9925434798246345e-05 0.0005159395400582942 1.4120734007186834e-06 0.014587846818692704 3.9925434798246345e-05 0.018760391021583014 7.769835081785807e-05
59866.400811134314 0.03330279702908259 6.660389519148393e-05 0.014572956693184187 3.992678098382297e-05 0.0005154129095965299 1.412121012293981e-06 0.014572956693184185 3.992678098382297e-05 0.018729840335898407 7.765453428106013e-05
59866.40084267228 0.03328309891528451 6.663502481020072e-05 0.014637545175455976 3.995210461484547e-05 0.0005176972598677207 1.4130166525282624e-06 0.014637545175455976 3.995210461484547e-05 0.018645553739828534 7.769425457916192e-05
59866.400874210245 0.03332992685126243 6.666301561388038e-05 0.014623775552966014 3.9960306345535585e-05 0.0005172102590935458 1.4133067294129824e-06 0.014623775552966014 3.9960306345535585e-05 0.01870615129829642 7.772247894892128e-05
59866.4009057482 0.03328592032521457 6.664201606323178e-05 0.01460474977920753 3.995010137123159e-05 0.0005165373599958101 1.4129458022786251e-06 0.01460474977920753 3.995010137123159e-05 0.018681170546007035 7.769922074605203e-05
59866.40093728617 0.03332045167978295 6.664542497027933e-05 0.014661937704218779 3.9984023639417486e-05 0.0005185599690959677 1.4141455570925529e-06 0.01466193770421878 3.9984023639417486e-05 0.018658513975564173 7.771959093990799e-05
59866.400968824135 0.033335696216236076 6.666896594018956e-05 0.014587117065079548 3.992939334526928e-05 0.0005159137303039001 1.4122134056800527e-06 0.014587117065079546 3.992939334526928e-05 0.01874857915115653 7.771169456687578e-05
59866.40100036209 0.03334139433285098 6.663867246273173e-05 0.014537461658479559 3.990618196001878e-05 0.0005141575295457611 1.4113924708581356e-06 0.01453746165847956 3.990618196001878e-05 0.01880393267437142 7.767377952836703e-05
59866.40103190006 0.03327943642836669 6.660806238348757e-05 0.01458903886561802 3.9938467558804054e-05 0.0005159817000939745 1.4125343403331038e-06 0.01458903886561802 3.9938467558804054e-05 0.01869039756274867 7.766411761829407e-05
59866.40106343802 0.033356761108353866 6.665066928018811e-05 0.014655083726267056 3.997104728027928e-05 0.0005183175592135544 1.4136866122702904e-06 0.014655083726267056 3.997104728027928e-05 0.01870167738208681 7.771741333947838e-05
59866.40109497598 0.03337770177392761 6.66558902191843e-05 0.014620351191850052 3.99469972462961e-05 0.0005170891470938709 1.412836016316968e-06 0.014620351191850052 3.99469972462961e-05 0.01875735058207756 7.770952509124952e-05
59866.40112651395 0.033265845278846726 6.656464743209326e-05 0.014590480115029074 3.992505184237954e-05 0.0005160326738646407 1.4120598564255304e-06 0.014590480115029074 3.992505184237954e-05 0.018675365163817653 7.761998487745004e-05
59866.40115805191 0.033322569824206276 6.664178500713634e-05 0.014584312461494477 3.9933928339861844e-05 0.0005158145377430163 1.4123737983036751e-06 0.014584312461494477 3.9933928339861844e-05 0.0187382573627118 7.769070820626236e-05
59866.40118958987 0.03335800870671624 6.6654532900902e-05 0.014590591117670663 3.9927277987725035e-05 0.0005160365997799974 1.4121385902112585e-06 0.014590591117670663 3.9927277987725035e-05 0.018767417589045578 7.769822574387718e-05
59866.40122112784 0.033303931175953115 6.660335045059962e-05 0.014592900837689066 3.994312680551938e-05 0.0005161182894151278 1.4126991274766214e-06 0.014592900837689066 3.994312680551938e-05 0.01871103033826405 7.766247272812778e-05
59866.4012526658 0.03336498088747416 6.666317772528351e-05 0.014563041164053672 3.9914925882103785e-05 0.000515062219491087 1.4117017238407664e-06 0.014563041164053674 3.9914925882103785e-05 0.018801939723420487 7.769929583082832e-05
59866.40128420376 0.033251787877505726 6.657711004798327e-05 0.014563176146611689 3.9909578635819e-05 0.0005150669935224958 1.4115126036900657e-06 0.01456317614661169 3.9909578635819e-05 0.018688611730894034 7.762271606449941e-05
59866.40131574172 0.03328254498604204 6.661978807120596e-05 0.014602436775859729 3.993691181141194e-05 0.0005164555542366567 1.4124793170247358e-06 0.014602436775859729 3.993691181141194e-05 0.01868010821018231 7.767337438070326e-05
59866.40134727969 0.03335324038091863 6.668005161361111e-05 0.014563856359421024 3.991206194447745e-05 0.0005150910511293759 1.4116004327674466e-06 0.014563856359421026 3.991206194447745e-05 0.0187893840214976 7.771230257722162e-05
59866.40137881765 0.03329970421016522 6.661352876625911e-05 0.014597851397425705 3.99303813148507e-05 0.0005162933796491629 1.4122483479561655e-06 0.014597851397425707 3.99303813148507e-05 0.018701852812739513 7.766464811381436e-05
59866.40141035561 0.03319665278964119 6.656307672906732e-05 0.01464141310323963 3.9961883436181e-05 0.0005178340598291187 1.4133625075845204e-06 0.01464141310323963 3.9961883436181e-05 0.018555239686401562 7.763758955175399e-05
59866.40144189358 0.0332656538060874 6.659836240083608e-05 0.014622161356026845 3.9954467636543865e-05 0.0005171531685553253 1.4131002273246918e-06 0.014622161356026847 3.9954467636543865e-05 0.01864349245006055 7.766402873011886e-05
59866.40147343154 0.03324624761753585 6.657155723457174e-05 0.01467000336320378 3.997801412261122e-05 0.0005188452334285802 1.4139330139135948e-06 0.014670003363203779 3.997801412261122e-05 0.018576244254332068 7.765316378502272e-05
59866.4015049695 0.03322999535909428 6.654966988251062e-05 0.014606578961548823 3.995695665595592e-05 0.0005166020540872397 1.413188258378665e-06 0.014606578961548822 3.995695665595592e-05 0.01862341639754546 7.762355922448468e-05
59866.40153650747 0.033337880036219215 6.662845081454035e-05 0.014600606414457722 3.995003818589625e-05 0.0005163908184444846 1.4129435675545252e-06 0.014600606414457722 3.995003818589625e-05 0.018737273621761495 7.768755375863106e-05
59866.401568045425 0.033338362655494266 6.663492851435594e-05 0.014645863913727604 3.9964935339097955e-05 0.0005179914750491024 1.4134704465700915e-06 0.014645863913727606 3.9964935339097955e-05 0.01869249874176666 7.770077061890445e-05
59866.40159958339 0.03334359938717728 6.665763125954824e-05 0.014514841307830888 3.988772085651939e-05 0.000513357498296826 1.4107395428855003e-06 0.01451484130783089 3.988772085651939e-05 0.018828758079346388 7.768056436626549e-05
59866.401631121356 0.03336246146082891 6.666389895306193e-05 0.014581540729594016 3.991975138214485e-05 0.0005157165077801533 1.411872390992861e-06 0.014581540729594016 3.991975138214485e-05 0.0187809207312349 7.77023936184485e-05
59866.401662659315 0.03334985935382667 6.666136864799842e-05 0.014659350028309382 3.997727192721715e-05 0.0005184684487821676 1.4139067641212156e-06 0.014659350028309382 3.997727192721715e-05 0.018690509325517288 7.772979056170814e-05
59866.40169419728 0.03324758738097385 6.657379713651149e-05 0.014616262227912997 3.994547994871648e-05 0.0005169445295777139 1.4127823528925374e-06 0.014616262227912997 3.994547994871648e-05 0.018631325153060853 7.763833997134854e-05
59866.401725735246 0.033297332775541026 6.662320357201412e-05 0.014594195204673744 3.9940108342743746e-05 0.0005161640682826359 1.4125923711941145e-06 0.014594195204673744 3.9940108342743746e-05 0.018703137570867282 7.767794737651184e-05
59866.401757273205 0.03332361171524674 6.664617420678695e-05 0.014636328773388552 3.997200727810737e-05 0.0005176542384450945 1.4137205652480012e-06 0.014636328773388552 3.997200727810737e-05 0.018687282941858188 7.771405215430774e-05
59866.40178881117 0.03328254451593508 6.660212424732355e-05 0.01460930958726831 3.994278440167609e-05 0.0005166986302163486 1.4126870174179117e-06 0.01460930958726831 3.994278440167609e-05 0.018673234928666765 7.76612450326075e-05
59866.40182034913 0.03334070200872894 6.662432418285933e-05 0.014608573815497407 3.994620914976324e-05 0.0005166726076131649 1.4128081431038929e-06 0.014608573815497405 3.994620914976324e-05 0.018732128193231536 7.768204553343947e-05
59866.401851887094 0.0333071526928839 6.663359861457509e-05 0.01464257980421647 3.9974166537195134e-05 0.0005178753234352464 1.4137969334162753e-06 0.014642579804216472 3.9974166537195134e-05 0.01866457288866743 7.770437860681799e-05
59866.40188342506 0.03345569612308169 6.67081535643339e-05 0.014606079432473697 3.995109874075787e-05 0.0005165843868602342 1.4129810770097802e-06 0.014606079432473695 3.995109874075787e-05 0.018849616690607994 7.775646624272826e-05
59866.40191496302 0.03330428614331699 6.661072010852929e-05 0.014594927157995909 3.9936532435691184e-05 0.0005161899558358215 1.4124658993533473e-06 0.01459492715799591 3.9936532435691184e-05 0.018709358985321084 7.766540192623639e-05
59866.401946500984 0.03327951853151345 6.657298665921157e-05 0.014594117168257436 3.994042331399412e-05 0.0005161613083089923 1.412603511023321e-06 0.014594117168257438 3.994042331399412e-05 0.018685401363256013 7.763504342259755e-05
59866.40197803895 0.03323273615527279 6.655573738716629e-05 0.014647609838570589 3.996132237482037e-05 0.0005180532245088863 1.4133426640980935e-06 0.014647609838570589 3.996132237482037e-05 0.018585126316702207 7.763100839931015e-05
59866.40200957691 0.03337050994791301 6.668014092877465e-05 0.014526274015056127 3.9887962773170533e-05 0.0005137618476007857 1.410748098936799e-06 0.014526274015056125 3.9887962773170533e-05 0.018844235932856886 7.770000494514197e-05
59866.402041114874 0.033300420074805014 6.661649550903959e-05 0.014611463188249022 3.994403723880199e-05 0.0005167747982700215 1.4127313274671286e-06 0.014611463188249022 3.994403723880199e-05 0.01868895688655599 7.767421441405566e-05
59866.40207265283 0.033223218158541006 6.656351951038615e-05 0.014622589443031552 3.9965437835247734e-05 0.0005171683090359636 1.4134882187358964e-06 0.014622589443031552 3.9965437835247734e-05 0.01860062871550945 7.763979875664677e-05
59866.4021041908 0.03333315653489154 6.662651324072289e-05 0.014608270907333435 3.994690028530664e-05 0.0005166618944283652 1.4128325870234658e-06 0.014608270907333437 3.994690028530664e-05 0.018724885627558106 7.768427839029242e-05
59866.402135728764 0.033242115558911406 6.657427571883703e-05 0.01456268154565586 3.991996325809423e-05 0.0005150495005920562 1.4118798845716755e-06 0.014562681545655858 3.991996325809423e-05 0.018679434013255548 7.762562498309001e-05
59866.40216726672 0.033335174522280964 6.663754767246538e-05 0.014633504870381606 3.995584322821615e-05 0.0005175543633067906 1.413148878927874e-06 0.014633504870381606 3.995584322821615e-05 0.018701669651899358 7.769834083092047e-05
59866.40219880469 0.03334307249192183 6.665782159475301e-05 0.014640722176652396 3.9971653060681644e-05 0.0005178096232998583 1.4137080373692826e-06 0.014640722176652396 3.9971653060681644e-05 0.018702350315269435 7.772385880900036e-05
59866.402230342654 0.03318709205134218 6.653524565334577e-05 0.014631724321358466 3.9957838308139076e-05 0.000517491389267135 1.4132194404460068e-06 0.014631724321358466 3.9957838308139076e-05 0.018555367729983716 7.761164704095934e-05
59866.40226188061 0.033237660519152966 6.657348327594234e-05 0.014651622409128312 3.996610661122344e-05 0.0005181951401619456 1.4135118718475309e-06 0.014651622409128312 3.996610661122344e-05 0.018586038110024655 7.764868545668917e-05
59866.40229341858 0.03321424078286998 6.65865889730626e-05 0.014670101858622381 3.997681506849347e-05 0.0005188487169914118 1.4138906060491782e-06 0.014670101858622381 3.997681506849347e-05 0.018544138924247604 7.766543358591458e-05
59866.402324956536 0.033227977598496064 6.657123191360765e-05 0.014580300719270188 3.99246990291574e-05 0.0005156726513862594 1.4120473782103544e-06 0.014580300719270186 3.99246990291574e-05 0.018647676879225878 7.762545015047666e-05
59866.4023564945 0.033271681419028386 6.659004982294577e-05 0.014603244176941772 3.9936099679750374e-05 0.0005164841102084933 1.4124505937428734e-06 0.014603244176941772 3.9936099679750374e-05 0.018668437242086614 7.764745194179497e-05
59866.40238803247 0.03335675104628168 6.664651594181218e-05 0.014609055829775229 3.993177213125147e-05 0.000516689655380933 1.4122975380239689e-06 0.014609055829775229 3.993177213125147e-05 0.018747695216506446 7.769365812422798e-05
59866.402419570426 0.03339282817196324 6.668491256514376e-05 0.014590060510978579 3.992910726412943e-05 0.0005160178334071344 1.4122032876294899e-06 0.014590060510978577 3.992910726412943e-05 0.018802767660984664 7.772522866310026e-05
59866.40245110839 0.03334820854989587 6.661934123126795e-05 0.01466180189736419 3.99697436996914e-05 0.0005185551659110313 1.4136405075382282e-06 0.01466180189736419 3.99697436996914e-05 0.018686406652531677 7.768987731684957e-05
59866.40248264636 0.03326655538533406 6.661708665831177e-05 0.014607395514412706 3.994485997334976e-05 0.000516630933737147 1.41276042574938e-06 0.014607395514412706 3.994485997334976e-05 0.018659159870921354 7.767514450022955e-05
59866.402514184316 0.03329642179280318 6.661994713359999e-05 0.01459748210032857 3.9950318897783453e-05 0.0005162803184361677 1.4129534957066214e-06 0.01459748210032857 3.9950318897783453e-05 0.018698939692474607 7.768040509754214e-05
59866.40254572228 0.0332425227137936 6.656695474602647e-05 0.014616720125380426 3.994706560712443e-05 0.0005169607243877963 1.4128384340866884e-06 0.014616720125380428 3.994706560712443e-05 0.01862580258841317 7.76332887025884e-05
59866.40257726024 0.03328931967689257 6.660496211772151e-05 0.014609042360266132 3.9943240431884614e-05 0.0005166891789944988 1.4127031461872197e-06 0.01460904236026613 3.9943240431884614e-05 0.018680277316626435 7.76639133375499e-05
59866.402608798206 0.03339893465289297 6.670340193844233e-05 0.014602563334728919 3.994614598075013e-05 0.0005164600303410174 1.4128059089570736e-06 0.014602563334728917 3.994614598075013e-05 0.01879637131816405 7.774984507300829e-05
