HD189733b/Results/ROEBA_Results/345_radii/HD189733b_nrca1_level3_asn_phot.ecsv
# %ECSV 0.9
# ---
# datatype:
# - {name: MJD, datatype: float64}
# - {name: aperture_sum, unit: Jy, datatype: float64}
# - {name: aperture_sum_err, unit: Jy, datatype: float64}
# - {name: annulus_sum, unit: Jy, datatype: float64}
# - {name: annulus_sum_err, unit: Jy, datatype: float64}
# - {name: annulus_mean, unit: Jy, datatype: float64}
# - {name: annulus_mean_err, unit: Jy, datatype: float64}
# - {name: aperture_bkg, unit: Jy, datatype: float64}
# - {name: aperture_bkg_err, unit: Jy, datatype: float64}
# - {name: net_aperture_sum, unit: Jy, datatype: float64}
# - {name: net_aperture_sum_err, unit: Jy, datatype: float64}
# meta: !!omap
# - {instrument: NIRCAM}
# - {detector: NRCA1}
# - {channel: SHORT}
# - {subarray: SUBGRISM64}
# - {filter: WLP4}
# - {pupil: CLEAR}
# - {target_name: UNKNOWN}
# - {xcenter: 1981.2}
# - {ycenter: 29.2}
# - ra_icrs: !numpy.ndarray
#     buffer: !!binary |
#       TW93WjUrbkNja0E9
#     dtype: float64
#     order: C
#     shape: !!python/tuple []
# - dec_icrs: !numpy.ndarray
#     buffer: !!binary |
#       U1ZQa09iSzFOa0E9
#     dtype: float64
#     order: C
#     shape: !!python/tuple []
# - {apertures: Photometry measured in a circular aperture of r=3.0 pixels.  Background calculated as the mean in a circular annulus with
#     r_inner=4.0 pixels and r_outer=5.0 pixels.}
# - {number_of_integrations: 7350}
# - __serialized_columns__:
#     annulus_mean:
#       __class__: astropy.units.quantity.Quantity
#       unit: &id001 !astropy.units.Unit {unit: Jy}
#       value: !astropy.table.SerializedColumn {name: annulus_mean}
#     annulus_mean_err:
#       __class__: astropy.units.quantity.Quantity
#       unit: *id001
#       value: !astropy.table.SerializedColumn {name: annulus_mean_err}
#     annulus_sum:
#       __class__: astropy.units.quantity.Quantity
#       unit: *id001
#       value: !astropy.table.SerializedColumn {name: annulus_sum}
#     annulus_sum_err:
#       __class__: astropy.units.quantity.Quantity
#       unit: *id001
#       value: !astropy.table.SerializedColumn {name: annulus_sum_err}
#     aperture_bkg:
#       __class__: astropy.units.quantity.Quantity
#       unit: *id001
#       value: !astropy.table.SerializedColumn {name: aperture_bkg}
#     aperture_bkg_err:
#       __class__: astropy.units.quantity.Quantity
#       unit: *id001
#       value: !astropy.table.SerializedColumn {name: aperture_bkg_err}
#     aperture_sum:
#       __class__: astropy.units.quantity.Quantity
#       unit: *id001
#       value: !astropy.table.SerializedColumn {name: aperture_sum}
#     aperture_sum_err:
#       __class__: astropy.units.quantity.Quantity
#       unit: *id001
#       value: !astropy.table.SerializedColumn {name: aperture_sum_err}
#     net_aperture_sum:
#       __class__: astropy.units.quantity.Quantity
#       unit: *id001
#       value: !astropy.table.SerializedColumn {name: net_aperture_sum}
#     net_aperture_sum_err:
#       __class__: astropy.units.quantity.Quantity
#       unit: *id001
#       value: !astropy.table.SerializedColumn {name: net_aperture_sum_err}
# schema: astropy-2.0
MJD aperture_sum aperture_sum_err annulus_sum annulus_sum_err annulus_mean annulus_mean_err aperture_bkg aperture_bkg_err net_aperture_sum net_aperture_sum_err
[from data line 138]
59866.275195427836 0.03416414273741992 6.774796991057593e-05 0.014931062573778114 4.0481167927414684e-05 0.0005280783142735965 1.4317284395069208e-06 0.014931062573778114 4.0481167927414684e-05 0.019233080163641805 7.892092487909559e-05
59866.2752269658 0.03412727702136354 6.772370594731265e-05 0.01494287164364953 4.049516309932646e-05 0.0005284959746832305 1.4322234174600718e-06 0.01494287164364953 4.049516309932646e-05 0.01918440537771401 7.890727838215638e-05
59866.27525850376 0.03406403225948606 6.763801789093002e-05 0.015015547887751514 4.053181749681786e-05 0.0005310663710152714 1.4335198015815854e-06 0.015015547887751514 4.053181749681786e-05 0.019048484371734543 7.885258203641223e-05
59866.275290041725 0.03403868240315493 6.764871314156251e-05 0.01493056497316331 4.049420081304442e-05 0.0005280607152519228 1.4321893835448592e-06 0.01493056497316331 4.049420081304442e-05 0.019108117429991616 7.884242949831379e-05
59866.27532157969 0.034133677740555035 6.771212308432681e-05 0.014945163449462551 4.048826745736401e-05 0.0005285770307329526 1.4319795340147128e-06 0.01494516344946255 4.048826745736401e-05 0.019188514291092487 7.889379832588912e-05
59866.27535311765 0.03416233053237065 6.77405123603268e-05 0.014950092173897653 4.050314863820986e-05 0.0005287513487011713 1.4325058481237486e-06 0.014950092173897653 4.050314863820986e-05 0.019212238358473 7.892580100606208e-05
59866.275384655615 0.03404315497579699 6.765455988121149e-05 0.01490575262659083 4.046986817110051e-05 0.0005271831580059851 1.4313287923795574e-06 0.014905752626590829 4.046986817110051e-05 0.019137402349206162 7.883495228962015e-05
59866.27541619357 0.03411741976853241 6.768402028368905e-05 0.014937019511881562 4.0486152442301476e-05 0.0005282889978613423 1.4319047306587314e-06 0.014937019511881562 4.0486152442301476e-05 0.019180400256650847 7.886859413825065e-05
59866.27544773154 0.0340843390094191 6.765331133688064e-05 0.014930546958177944 4.047526052601494e-05 0.0005280600781021515 1.4315195079216768e-06 0.014930546958177944 4.047526052601494e-05 0.01915379205124116 7.883664915186139e-05
59866.275479269505 0.03407630622024817 6.765653357403544e-05 0.014870397055609786 4.046453483124257e-05 0.0005259327104754364 1.4311401640680953e-06 0.014870397055609788 4.046453483124257e-05 0.01920590916463838 7.883390840471775e-05
59866.27551080746 0.034181708064203675 6.772543892971756e-05 0.014960117817266963 4.05053849837283e-05 0.0005291059333011496 1.4325849426667977e-06 0.014960117817266963 4.05053849837283e-05 0.01922159024693671 7.891401200612565e-05
59866.27554234543 0.0341758942950128 6.77151128911798e-05 0.014935025878053553 4.048419923491072e-05 0.000528218487488355 1.431835650078482e-06 0.014935025878053555 4.048419923491072e-05 0.019240868416959243 7.889427673511667e-05
59866.275573883395 0.034168305719107 6.773641714274923e-05 0.01494044193769174 4.049212526176232e-05 0.0005284100414135768 1.4321159759345955e-06 0.01494044193769174 4.049212526176232e-05 0.019227863781415257 7.891662952477622e-05
59866.27560542135 0.03408172359243618 6.766856086312084e-05 0.014922891412073524 4.0489690943162166e-05 0.0005277893185455767 1.43202987952609e-06 0.014922891412073522 4.0489690943162166e-05 0.019158832180362656 7.885714426707753e-05
59866.27563695932 0.034114904118154744 6.76996967510582e-05 0.014988609585979282 4.0514798810177854e-05 0.0005301136234851488 1.4329178886696545e-06 0.014988609585979282 4.0514798810177854e-05 0.019126294532175462 7.88967544504489e-05
59866.27566849728 0.034050890099328775 6.764658703077219e-05 0.014948384937373526 4.048981993665817e-05 0.000528690967560762 1.4320344417377603e-06 0.014948384937373526 4.048981993665817e-05 0.019102505161955247 7.883835523027378e-05
59866.27570003524 0.03413855499456229 6.772970323903145e-05 0.015038242331900433 4.0555483605995304e-05 0.000531869022785721 1.4343568189725506e-06 0.015038242331900431 4.0555483605995304e-05 0.019100312662661857 7.894339713594432e-05
59866.27573157321 0.03413749577213978 6.769256454285286e-05 0.015011389230116518 4.052415191703174e-05 0.0005309192885887744 1.433248687156113e-06 0.015011389230116518 4.052415191703174e-05 0.019126106542023263 7.889543829007459e-05
59866.27576311117 0.034037312983337425 6.765643345114956e-05 0.014969318547480669 4.051078525577629e-05 0.0005294313425663865 1.4327759382202373e-06 0.014969318547480669 4.051078525577629e-05 0.019067994435856758 7.885757230202721e-05
59866.27579464913 0.03399580743844129 6.761946361062217e-05 0.014956842184913804 4.0532030938881744e-05 0.0005289900815054258 1.43352735055037e-06 0.014956842184913804 4.0532030938881744e-05 0.01903896525352749 7.8836776893901e-05
59866.27582618709 0.034122296024170495 6.771099769261094e-05 0.014971459271645962 4.051972516328721e-05 0.000529507055195876 1.4330921227693813e-06 0.014971459271645962 4.051972516328721e-05 0.019150836752524533 7.890898133822978e-05
59866.27585772506 0.034140041541926174 6.770568570797425e-05 0.014939588260272016 4.049628742171494e-05 0.0005283798487510979 1.4322631822302397e-06 0.014939588260272016 4.049628742171494e-05 0.019200453281654158 7.88923898239186e-05
59866.27588926302 0.034073668841878534 6.767601305334632e-05 0.014968804071393034 4.0520462052762565e-05 0.0005294131466969533 1.4331181849032736e-06 0.014968804071393034 4.0520462052762565e-05 0.0191048647704855 7.887934195824705e-05
59866.27592080098 0.0340572662395148 6.76441179370087e-05 0.014917069928440324 4.047164037445196e-05 0.0005275834256797207 1.4313914712514568e-06 0.014917069928440324 4.047164037445196e-05 0.019140196311074477 7.882690128423742e-05
59866.27595233895 0.034227819132444 6.779179740381362e-05 0.01494210332405577 4.0496661686833384e-05 0.0005284688009362925 1.4322764191510456e-06 0.014942103324055768 4.0496661686833384e-05 0.019285715808388233 7.896649544596461e-05
59866.27598387691 0.03414431488843561 6.773961569707383e-05 0.014932869855763583 4.046052737702226e-05 0.000528142233798385 1.430998429368456e-06 0.014932869855763581 4.046052737702226e-05 0.019211445032672032 7.890316730280236e-05
59866.27601541487 0.03412771179183491 6.769758820985182e-05 0.014951201845826973 4.0510405892257e-05 0.0005287905953173406 1.4327625209803878e-06 0.014951201845826973 4.0510405892257e-05 0.019176509946007933 7.889268936337562e-05
59866.27604695284 0.03397798823560519 6.758802252217404e-05 0.01494120595909014 4.049951961252969e-05 0.0005284370631429508 1.432377497595836e-06 0.01494120595909014 4.049951961252969e-05 0.01903678227651505 7.87930953656701e-05
59866.276078490795 0.03399599440617651 6.761307888553156e-05 0.014927005786415797 4.048454399247923e-05 0.0005279348347709775 1.4318478433831922e-06 0.014927005786415797 4.048454399247923e-05 0.019068988619760713 7.880689524819576e-05
59866.27611002876 0.03414256665912608 6.768950110292017e-05 0.01490340510720255 4.0459248925159e-05 0.0005271001314916188 1.4309532133832241e-06 0.014903405107202552 4.0459248925159e-05 0.019239161551923525 7.885949139545734e-05
59866.27614156673 0.03407033579337748 6.765080471349365e-05 0.014957925735799004 4.050763783119183e-05 0.0005290284042786416 1.4326646208467651e-06 0.014957925735799002 4.050763783119183e-05 0.01911241005757848 7.88511261875584e-05
59866.276173104685 0.034112103464944185 6.77018572646705e-05 0.014933279009892818 4.049521269035159e-05 0.0005281567046655304 1.4322251713838012e-06 0.014933279009892818 4.049521269035159e-05 0.01917882445505137 7.888855257844847e-05
59866.27620464265 0.03404050067651631 6.766084900644368e-05 0.014962505908427622 4.0501104704070444e-05 0.0005291903947484324 1.4324335587411615e-06 0.01496250590842762 4.0501104704070444e-05 0.01907799476808869 7.885638826704433e-05
59866.276236180616 0.0340593377545217 6.766173108683974e-05 0.014942348908345874 4.048850373933235e-05 0.0005284774867037849 1.4319878907798737e-06 0.014942348908345874 4.048850373933235e-05 0.019116988846175825 7.88506739902567e-05
59866.276267718575 0.03407282888993343 6.764784632806565e-05 0.014952717876992351 4.051081017326271e-05 0.0005288442139515298 1.4327768194960447e-06 0.014952717876992353 4.051081017326271e-05 0.01912011101294108 7.885021784192933e-05
59866.27629925654 0.034132567085197074 6.769907460379308e-05 0.014917182630166372 4.049181769964737e-05 0.0005275874116878975 1.4321050981499505e-06 0.014917182630166372 4.049181769964737e-05 0.019215384455030703 7.88844218007042e-05
59866.2763307945 0.03410586183090995 6.766016112279313e-05 0.01494466723494278 4.0488259818768716e-05 0.0005285594807343624 1.4319792638546684e-06 0.014944667234942779 4.0488259818768716e-05 0.019161194595967174 7.884920155787532e-05
59866.276362332464 0.03412834733212528 6.769376912861319e-05 0.014977371607480305 4.051024239798009e-05 0.0005297161613010438 1.4327567385532015e-06 0.014977371607480305 4.051024239798009e-05 0.019150975724644977 7.888932828957975e-05
59866.27639387043 0.034075195797246806 6.768117513737581e-05 0.01494917678936717 4.049402730244074e-05 0.0005287189735960922 1.4321832468625805e-06 0.01494917678936717 4.049402730244074e-05 0.019126019007879635 7.88701953538024e-05
59866.27642540839 0.03413280685632237 6.770142542418693e-05 0.014903661770652643 4.046273036429059e-05 0.0005271092091042395 1.43107634410475e-06 0.014903661770652643 4.046273036429059e-05 0.019229145085669724 7.887151293718175e-05
59866.276456946354 0.03417929772680579 6.774055366910718e-05 0.01497266680808705 4.050740387543122e-05 0.0005295497630611122 1.4326563463543724e-06 0.01497266680808705 4.050740387543122e-05 0.019206630918718735 7.892802024708647e-05
59866.27648848432 0.03411636540459292 6.768711084424791e-05 0.0149789277458494 4.05211313071539e-05 0.0005297711984373941 1.4331418549353993e-06 0.014978927745849399 4.05211313071539e-05 0.019137437658743518 7.888920748019409e-05
59866.27652002228 0.033979705864058254 6.760486184827845e-05 0.014904064004854839 4.046191244284403e-05 0.0005271234352290306 1.431047416051132e-06 0.014904064004854837 4.046191244284403e-05 0.019075641859203418 7.878822059202246e-05
59866.276551560244 0.03401297740447736 6.762078900760053e-05 0.014903078915119614 4.047018455712862e-05 0.0005270885948066416 1.4313399822462904e-06 0.014903078915119614 4.047018455712862e-05 0.01910989848935775 7.880613519326068e-05
59866.2765830982 0.034112825651827605 6.769692661297152e-05 0.014926663733788157 4.048083021201742e-05 0.0005279227371339805 1.4317164952680688e-06 0.014926663733788157 4.048083021201742e-05 0.01918616191803945 7.887693888264322e-05
59866.27661463617 0.03413114697169015 6.771723468461942e-05 0.01492907766028351 4.047777168879686e-05 0.000528008112319313 1.4316083221371549e-06 0.014929077660283513 4.047777168879686e-05 0.01920206931140664 7.889279988834335e-05
59866.276646174134 0.034259115117116455 6.781999781745501e-05 0.014950052088838187 4.05101103920342e-05 0.0005287499309822028 1.4327520697979113e-06 0.014950052088838187 4.05101103920342e-05 0.01930906302827827 7.899760216572653e-05
59866.27667771209 0.034060256781782344 6.764826725183999e-05 0.014953004361827152 4.0492058696743556e-05 0.0005288543462798807 1.432113621678646e-06 0.01495300436182715 4.0492058696743556e-05 0.019107252419955194 7.884094671981617e-05
59866.27670925006 0.034104164108160334 6.767784060148185e-05 0.014930030194367396 4.0492033789304584e-05 0.0005280418013210716 1.4321127407581943e-06 0.014930030194367398 4.0492033789304584e-05 0.019174133913792937 7.886631035412883e-05
59866.276740788024 0.0340888940307117 6.768786491281935e-05 0.014988230200573764 4.0523819749374106e-05 0.0005301002054712321 1.4332369391284133e-06 0.014988230200573762 4.0523819749374106e-05 0.019100663830137934 7.889123540378768e-05
59866.27677232598 0.03410564079848579 6.770223340553518e-05 0.014917722050174975 4.048268921453459e-05 0.000527606489768069 1.431782244032475e-06 0.014917722050174975 4.048268921453459e-05 0.019187918748310814 7.888244756685837e-05
59866.27680386395 0.034091872581455594 6.766063047281877e-05 0.014950517435351281 4.049962894169506e-05 0.0005287663892483827 1.432381364324079e-06 0.014950517435351281 4.049962894169506e-05 0.019141355146104315 7.885544280767382e-05
59866.276835401906 0.0341267114191397 6.769359806463807e-05 0.014995193990993467 4.05336320361853e-05 0.0005303464991752213 1.4335839777837549e-06 0.014995193990993467 4.05336320361853e-05 0.019131517428146234 7.890119482607117e-05
59866.27686693987 0.034063256416391456 6.765919951554418e-05 0.014970942465953062 4.051097601274199e-05 0.0005294887769335108 1.4327826848677975e-06 0.014970942465953062 4.051097601274199e-05 0.019092313950438394 7.886004347316307e-05
59866.27689847784 0.03404828099210028 6.764979939880357e-05 0.014952794276522552 4.049314294692795e-05 0.0005288469160321701 1.4321519691845113e-06 0.014952794276522553 4.049314294692795e-05 0.019095486715577724 7.884281821712555e-05
59866.276930015796 0.03406348468967161 6.763367278933681e-05 0.014868065648176377 4.0466910527118684e-05 0.0005258502538049056 1.4312241871218655e-06 0.014868065648176377 4.0466910527118684e-05 0.019195419041495233 7.881550953070662e-05
59866.27696155376 0.03408387916654176 6.765781935298972e-05 0.014904853756225073 4.04585383646695e-05 0.0005271513669700054 1.4309280824467196e-06 0.014904853756225075 4.04585383646695e-05 0.019179025410316682 7.883193417776342e-05
59866.27699309173 0.03398034058762629 6.75878948504808e-05 0.01491399376403984 4.0469420938070494e-05 0.0005274746286196984 1.4313129747467928e-06 0.01491399376403984 4.0469420938070494e-05 0.019066346823586454 7.877751939089215e-05
59866.277024629686 0.034011452517282194 6.762998781968644e-05 0.014898059501854787 4.046108355031377e-05 0.0005269110693771931 1.4310180999748022e-06 0.014898059501854787 4.046108355031377e-05 0.01911339301542741 7.880935562835422e-05
59866.27705616765 0.0342281549923308 6.779111775917351e-05 0.014922819261271737 4.0475086093392636e-05 0.0005277867667329651 1.4315133386296598e-06 0.014922819261271737 4.0475086093392636e-05 0.01930533573105906 7.895484938435178e-05
59866.27708770561 0.034096542877707366 6.76517767651414e-05 0.014956214641916776 4.050261251532701e-05 0.000528967886712097 1.4324868866555465e-06 0.014956214641916776 4.050261251532701e-05 0.01914032823579059 7.884937869157405e-05
59866.277119243576 0.03406145811741188 6.765498351100625e-05 0.014927501763363958 4.0480097211189225e-05 0.0005279523763671907 1.431690570666936e-06 0.014927501763363958 4.0480097211189225e-05 0.019133956354047923 7.88405673755704e-05
59866.27715078154 0.03401137564618797 6.762792169023142e-05 0.014955763508745347 4.049489058816959e-05 0.0005289519311400468 1.43221377934948e-06 0.014955763508745348 4.049489058816959e-05 0.01905561213744262 7.882494501037028e-05
59866.2771823195 0.03408245918519154 6.767604704379775e-05 0.014889358675028812 4.0453977844260425e-05 0.000526603340577562 1.430766787032014e-06 0.014889358675028812 4.0453977844260425e-05 0.019193100510162726 7.884523870785248e-05
59866.277213857466 0.03407706858149945 6.765451858566211e-05 0.015022977867205963 4.054945700204393e-05 0.0005313291527835485 1.4341436714594574e-06 0.015022977867205963 4.054945700204393e-05 0.019054090714293485 7.887580331266559e-05
59866.27724539543 0.034070412132069516 6.767191820605429e-05 0.015008599446850306 4.053384962281431e-05 0.0005308206201894472 1.4335916733365456e-06 0.015008599446850306 4.053384962281431e-05 0.019061812685219212 7.888270709687787e-05
59866.27727693339 0.03393491054978776 6.755315403784979e-05 0.014944044341185188 4.04974879432972e-05 0.0005285374503742421 1.4323056419955962e-06 0.014944044341185188 4.04974879432972e-05 0.018990866208602575 7.876214287447342e-05
