Original_Data_Set_NRCA3_DataChallengeSimulation/Results/ROEBA_Results/345_radii/DataChallengeSimulation_nrca3_level3_asn_phot.ecsv
# %ECSV 0.9
# ---
# datatype:
# - {name: MJD, datatype: float64}
# - {name: aperture_sum, unit: Jy, datatype: float64}
# - {name: aperture_sum_err, unit: Jy, datatype: float64}
# - {name: annulus_sum, unit: Jy, datatype: float64}
# - {name: annulus_sum_err, unit: Jy, datatype: float64}
# - {name: annulus_mean, unit: Jy, datatype: float64}
# - {name: annulus_mean_err, unit: Jy, datatype: float64}
# - {name: aperture_bkg, unit: Jy, datatype: float64}
# - {name: aperture_bkg_err, unit: Jy, datatype: float64}
# - {name: net_aperture_sum, unit: Jy, datatype: float64}
# - {name: net_aperture_sum_err, unit: Jy, datatype: float64}
# meta: !!omap
# - {instrument: NIRCAM}
# - {detector: NRCA3}
# - {channel: SHORT}
# - {subarray: SUBGRISM64}
# - {filter: WLP4}
# - {pupil: CLEAR}
# - {target_name: UNKNOWN}
# - {xcenter: 1054.0}
# - {ycenter: 22.0}
# - ra_icrs: !numpy.ndarray
#     buffer: !!binary |
#       RjByVEdwN3haVUE9
#     dtype: float64
#     order: C
#     shape: !!python/tuple []
# - dec_icrs: !numpy.ndarray
#     buffer: !!binary |
#       Wkg2dmxQdXpPa0E9
#     dtype: float64
#     order: C
#     shape: !!python/tuple []
# - {apertures: Photometry measured in a circular aperture of r=3.0 pixels.  Background calculated as the mean in a circular annulus with
#     r_inner=4.0 pixels and r_outer=5.0 pixels.}
# - {number_of_integrations: 2198}
# - __serialized_columns__:
#     annulus_mean:
#       __class__: astropy.units.quantity.Quantity
#       unit: &id001 !astropy.units.Unit {unit: Jy}
#       value: !astropy.table.SerializedColumn {name: annulus_mean}
#     annulus_mean_err:
#       __class__: astropy.units.quantity.Quantity
#       unit: *id001
#       value: !astropy.table.SerializedColumn {name: annulus_mean_err}
#     annulus_sum:
#       __class__: astropy.units.quantity.Quantity
#       unit: *id001
#       value: !astropy.table.SerializedColumn {name: annulus_sum}
#     annulus_sum_err:
#       __class__: astropy.units.quantity.Quantity
#       unit: *id001
#       value: !astropy.table.SerializedColumn {name: annulus_sum_err}
#     aperture_bkg:
#       __class__: astropy.units.quantity.Quantity
#       unit: *id001
#       value: !astropy.table.SerializedColumn {name: aperture_bkg}
#     aperture_bkg_err:
#       __class__: astropy.units.quantity.Quantity
#       unit: *id001
#       value: !astropy.table.SerializedColumn {name: aperture_bkg_err}
#     aperture_sum:
#       __class__: astropy.units.quantity.Quantity
#       unit: *id001
#       value: !astropy.table.SerializedColumn {name: aperture_sum}
#     aperture_sum_err:
#       __class__: astropy.units.quantity.Quantity
#       unit: *id001
#       value: !astropy.table.SerializedColumn {name: aperture_sum_err}
#     net_aperture_sum:
#       __class__: astropy.units.quantity.Quantity
#       unit: *id001
#       value: !astropy.table.SerializedColumn {name: net_aperture_sum}
#     net_aperture_sum_err:
#       __class__: astropy.units.quantity.Quantity
#       unit: *id001
#       value: !astropy.table.SerializedColumn {name: net_aperture_sum_err}
# schema: astropy-2.0
MJD aperture_sum aperture_sum_err annulus_sum annulus_sum_err annulus_mean annulus_mean_err aperture_bkg aperture_bkg_err net_aperture_sum net_aperture_sum_err
[from data line 1495]
59492.00733782951 0.015586449827251646 3.9663719278478985e-05 0.008477294051289233 2.733251047464978e-05 0.0002998229449569335 9.666898109225598e-07 0.008477294051289233 2.733251047464978e-05 0.007109155775962413 4.8169251144779336e-05
59492.00737330972 0.01563201306910917 3.968181384357886e-05 0.008492987777684837 2.7343655961776398e-05 0.0003003779969861318 9.670840018935305e-07 0.008492987777684837 2.7343655961776398e-05 0.007139025291424333 4.81904749019185e-05
59492.007408789934 0.015510369687396127 3.962804768527933e-05 0.008471968935428023 2.7343483563166054e-05 0.000299634607509856 9.67077904539971e-07 0.008471968935428023 2.7343483563166054e-05 0.007038400751968104 4.814611362006185e-05
59492.00744427014 0.015525134991052077 3.9638808520014986e-05 0.008466107077181819 2.7329439775642455e-05 0.00029942728668416995 9.665812071612792e-07 0.008466107077181819 2.732943977564246e-05 0.007059027913870258 4.8146998030374445e-05
59492.00747975035 0.0155849381420496 3.967874602147354e-05 0.008484334778134315 2.734224782677337e-05 0.00030007195973034566 9.670341993054698e-07 0.008484334778134315 2.7342247826773365e-05 0.0071006033639152855 4.8187149760670585e-05
59492.00751523056 0.015561382853557347 3.966972382447479e-05 0.008473904504979205 2.73359899055797e-05 0.000299703064279138 9.668128706184805e-07 0.008473904504979205 2.7335989905579696e-05 0.0070874783485781415 4.817616975671746e-05
59492.00755071076 0.015569137049272893 3.965450149829408e-05 0.00845738854891254 2.732187458916179e-05 0.00029911893182404947 9.663136434226546e-07 0.00845738854891254 2.732187458916179e-05 0.007111748500360353 4.81556260487193e-05
59492.00758619097 0.015533369001662304 3.9640807013463684e-05 0.008455503126669237 2.7320940188262377e-05 0.0002990522486529746 9.662805957511056e-07 0.008455503126669237 2.7320940188262377e-05 0.007077865874993067 4.814381947300486e-05
59492.00762167118 0.01552794161013191 3.9634956589683056e-05 0.008471205616020501 2.7337071780542572e-05 0.00029960761060833047 9.668511341180692e-07 0.008471205616020501 2.7337071780542572e-05 0.007056735994111409 4.81481596470789e-05
59492.007657151386 0.01563131909863013 3.9709226467679735e-05 0.008468922338199313 2.7330006325879857e-05 0.0002995268561746206 9.666012447770107e-07 0.008468922338199313 2.7330006325879857e-05 0.007162396760430817 4.8205310002468706e-05
59492.007692631596 0.015589155631307456 3.969806590969084e-05 0.00847943669129236 2.7332244985480394e-05 0.0002998987253453255 9.66680421163972e-07 0.00847943669129236 2.7332244985480397e-05 0.007109718940015096 4.8197386370180654e-05
59492.00772811181 0.015575005142938995 3.968160741519193e-05 0.008474970314004033 2.7341346954113197e-05 0.00029974075956240315 9.670023374528114e-07 0.008474970314004033 2.7341346954113193e-05 0.007100034828934962 4.818899480502379e-05
59492.00776359202 0.015555549530409033 3.9647025839123845e-05 0.00847343254988188 2.732812059918011e-05 0.0002996863722821032 9.665345508379919e-07 0.00847343254988188 2.732812059918011e-05 0.007082116980527152 4.8153014790057394e-05
59492.00779907222 0.015606377095807556 3.96934479274672e-05 0.008490783131587609 2.7346401396672484e-05 0.0003003000235807668 9.671811017901193e-07 0.008490783131587609 2.7346401396672487e-05 0.007115593964219947 4.8201612812420303e-05
59492.00783455243 0.015561322997605945 3.967511374903829e-05 0.008461127299215223 2.7326257232331575e-05 0.0002992511630666402 9.66468647716939e-07 0.008461127299215223 2.7326257232331575e-05 0.007100195698390722 4.817508677030775e-05
59492.00787003264 0.015641298600645715 3.972317618736489e-05 0.008449472494318227 2.732324090520096e-05 0.0002988389586643894 9.663619669674235e-07 0.008449472494318227 2.732324090520096e-05 0.007191826106327489 4.821296734257372e-05
59492.007905512844 0.015621565376753235 3.967093864072036e-05 0.008480757224550002 2.7340247412363674e-05 0.0002999454296554302 9.66963449118462e-07 0.008480757224550002 2.7340247412363674e-05 0.007140808152203233 4.8179585938497416e-05
59492.007940993055 0.015512597725976839 3.962159610839646e-05 0.008509355548235058 2.7354652932981807e-05 0.00030095688845067876 9.674729401882816e-07 0.008509355548235058 2.7354652932981803e-05 0.007003242177741781 4.8147148568329444e-05
59492.007976473265 0.015600000477995257 3.9681047566853e-05 0.008478825638940306 2.7340239407113036e-05 0.000299877113789255 9.669631659906378e-07 0.008478825638940306 2.7340239407113036e-05 0.0071211748390549515 4.818790540001824e-05
59492.00801195347 0.015559901024340477 3.9635088845404296e-05 0.008500397238395862 2.7347243278780087e-05 0.0003006400530523106 9.672108772787693e-07 0.008500397238395862 2.7347243278780087e-05 0.007059503785944615 4.815404430296457e-05
59492.00804743368 0.01559186440190048 3.967967559743819e-05 0.008478296686086328 2.7335639176235287e-05 0.00029985840590894986 9.668004661054027e-07 0.008478296686086328 2.7335639176235287e-05 0.007113567715814152 4.818416570504528e-05
59492.00808291389 0.015598681339739547 3.970496826484861e-05 0.008471347521409222 2.732827193793951e-05 0.00029961262948478964 9.665399033516896e-07 0.008471347521409222 2.732827193793951e-05 0.007127333818330325 4.820081899746733e-05
59492.0081183941 0.015540465834801747 3.962698263522009e-05 0.008501111236802073 2.7351236038922863e-05 0.00030066530558024577 9.673520922817256e-07 0.008501111236802073 2.7351236038922863e-05 0.0070393545979996735 4.814964034786664e-05
59492.0081538743 0.015580054971461463 3.966745093538008e-05 0.008493957739246761 2.7338868722298024e-05 0.0003004123023588405 9.66914687932031e-07 0.008493957739246761 2.7338868722298024e-05 0.007086097232214702 4.8175931820005636e-05
59492.008189354514 0.015532736635137104 3.9662835071739196e-05 0.008497133208145404 2.7352709728374214e-05 0.0003005246115970302 9.674042133841178e-07 0.008497133208145404 2.7352709728374214e-05 0.0070356034269917 4.817998770664727e-05
59492.008224834724 0.015603534087191135 3.97713762797089e-05 0.008490493035641422 2.740373667839414e-05 0.0003002897635354765 9.69208922567801e-07 0.008490493035641422 2.740373667839414e-05 0.007113041051549713 4.829831420578731e-05
59492.00826031493 0.015613883872483695 3.975182763535112e-05 0.00850961049698627 2.7410653210615298e-05 0.00030096590541823224 9.694535448549235e-07 0.00850961049698627 2.7410653210615298e-05 0.007104273375497424 4.828614407657004e-05
59492.00829579514 0.015595459549304169 3.974232537012655e-05 0.00847878316393132 2.7392349714668223e-05 0.00029987561154311325 9.688061911091815e-07 0.00847878316393132 2.7392349714668226e-05 0.007116676385372849 4.826793188770044e-05
59492.00833127535 0.015576971223602607 3.97431760656095e-05 0.008496121998961909 2.7399041087225476e-05 0.00030048884738812946 9.69042850002194e-07 0.008496121998961909 2.7399041087225476e-05 0.007080849224640699 4.82724299811135e-05
59492.00836675556 0.015612997227229088 3.97519596750836e-05 0.00852933821714856 2.7416925835513255e-05 0.0003016636307915127 9.696753935790728e-07 0.00852933821714856 2.741692583551326e-05 0.0070836590100805275 4.828981383562694e-05
59492.00840223576 0.015586562847936912 3.975031307068315e-05 0.008476344421105335 2.739151154645414e-05 0.00029978935865962756 9.687765469726452e-07 0.008476344421105335 2.739151154645414e-05 0.007110218426831577 4.8274033330734385e-05
59492.00843771597 0.015566475528043733 3.9734630477985306e-05 0.008454022182024373 2.737627499350638e-05 0.0002989998709506022 9.682376641465745e-07 0.008454022182024373 2.737627499350638e-05 0.00711245334601936 4.825247446237469e-05
59492.00847319618 0.015566126213330025 3.972640032176666e-05 0.008509107115540268 2.7408814533128614e-05 0.00030094810194147847 9.693885149414219e-07 0.008509107115540268 2.7408814533128614e-05 0.007057019097789757 4.8264168869221236e-05
59492.00850867639 0.015554889936349214 3.971752403319936e-05 0.008493757138287738 2.7401611246294845e-05 0.0003004052075512366 9.6913375078451e-07 0.008493757138287738 2.7401611246294845e-05 0.007061132798061476 4.8252772088459754e-05
59492.0085441566 0.015611510114507374 3.9739284747994986e-05 0.008525845296084316 2.741220961600408e-05 0.0003015400939796895 9.695085914351635e-07 0.008525845296084316 2.741220961600408e-05 0.007085664818423059 4.8276702334707715e-05
59492.00857963681 0.015565673859291113 3.97088810560605e-05 0.008470388232343366 2.7382145453729095e-05 0.0002995787015744152 9.684452892049455e-07 0.008470388232343366 2.7382145453729095e-05 0.007095285626947747 4.823460505045664e-05
59492.00861511701 0.01563910137047348 3.9801493831671445e-05 0.008486280823763383 2.7395906442158716e-05 0.00030014078701508977 9.689319846117021e-07 0.008486280823763383 2.7395906442158716e-05 0.007152820546710098 4.8318677558684215e-05
59492.00865059722 0.015563428025621938 3.9722502550325204e-05 0.008505682980035975 2.740766273763724e-05 0.0003008269979211841 9.693477785090033e-07 0.008505682980035975 2.7407662737637237e-05 0.007057745045585963 4.826030652203383e-05
59492.00868607743 0.015590415749445627 3.9749633159804136e-05 0.008459984135818499 2.737999077207296e-05 0.0002992107319321179 9.68369082930198e-07 0.008459984135818499 2.7379990772072955e-05 0.007130431613627128 4.826693724505213e-05
59492.00872155764 0.015592915494497536 3.97382548782691e-05 0.008515000333476897 2.740294461428289e-05 0.0003011565318893301 9.691809090303452e-07 0.008515000333476897 2.740294461428289e-05 0.007077915161020638 4.827059430236729e-05
59492.008757037845 0.01552424295396225 3.969161879218932e-05 0.008498025569547103 2.739909381610908e-05 0.0003005561724254979 9.690447149049649e-07 0.008498025569547103 2.739909381610908e-05 0.007026217384415147 4.8230021193116046e-05
59492.008792518056 0.01563790212198482 3.9789548490955855e-05 0.008504393875119745 2.7400058942017755e-05 0.00030078140516127694 9.690788492514254e-07 0.008504393875119745 2.740005894201776e-05 0.0071335082468650755 4.831119331107621e-05
59492.00882799827 0.015588384821576467 3.9737869894552024e-05 0.008482393546313213 2.7388264630231918e-05 0.00030000330269923104 9.686617108022958e-07 0.008482393546313213 2.7388264630231918e-05 0.007105991275263254 4.826194508318077e-05
59492.00886347847 0.015547299113595509 3.971430874403992e-05 0.008487422563162336 2.739757569900264e-05 0.00030018116778599333 9.68991022495702e-07 0.008487422563162336 2.739757569900264e-05 0.007059876550433173 4.8247833870542895e-05
59492.00889895868 0.01565990761638069 3.980911202893579e-05 0.008480189381576035 2.7391600200252694e-05 0.00029992534631849535 9.687796824593702e-07 0.008480189381576035 2.739160020025269e-05 0.007179718234804655 4.832251195936366e-05
59492.00893443889 0.015556629897411495 3.972614373355534e-05 0.00847711848253398 2.7388839475398774e-05 0.0002998167354824333 9.686820417911441e-07 0.00847711848253398 2.7388839475398774e-05 0.007079511414877514 4.8252616755449234e-05
59492.008969919094 0.015575194202470404 3.975650757187225e-05 0.008534674155575007 2.741946837996996e-05 0.0003018523510085356 9.69765317694254e-07 0.008534674155575007 2.741946837996996e-05 0.007040520046895397 4.8295001196319564e-05
59492.009005399304 0.015573866256586464 3.9735852662896064e-05 0.008491607191847536 2.739061630814468e-05 0.00030032916875049416 9.687448843943793e-07 0.008491607191847536 2.739061630814468e-05 0.007082259064738928 4.826161879368931e-05
59492.009040879515 0.0155907528986299 3.9748255254863835e-05 0.008500019959346131 2.739068126411765e-05 0.0003006267095354907 9.687471817419751e-07 0.008500019959346131 2.7390681264117646e-05 0.0070907329392837695 4.8271867748392495e-05
59492.009076359725 0.015560432544859977 3.972692504520873e-05 0.00848673913716266 2.7397237593198796e-05 0.000300156996535752 9.689790644490423e-07 0.00848673913716266 2.7397237593198796e-05 0.007073693407697318 4.8258027324848436e-05
59492.00911183993 0.015635625505282087 3.9794625383015826e-05 0.008498974759595435 2.7398843534545326e-05 0.0003005897431561925 9.690358630054012e-07 0.008498974759595435 2.7398843534545322e-05 0.007136650745686653 4.831468551491424e-05
59492.00914732014 0.015576965245233188 3.973439371384619e-05 0.008443981028926476 2.737504248060716e-05 0.00029864473780618603 9.681940729198333e-07 0.008443981028926476 2.7375042480607158e-05 0.007132984216306712 4.825158022927318e-05
59492.00918280035 0.015578385564680242 3.973234150027371e-05 0.008485991148169131 2.7388919642346805e-05 0.00030013054183670795 9.686848771169333e-07 0.008485991148169131 2.7388919642346805e-05 0.0070923944165111105 4.825776497382886e-05
59492.00921828055 0.01561106271710252 3.975005243089845e-05 0.00852430326450333 2.7416022780674712e-05 0.0003014855557689078 9.696434545476422e-07 0.00852430326450333 2.7416022780674712e-05 0.0070867594525991905 4.8287731085335235e-05
59492.00925376076 0.015593649394860892 3.974780060011483e-05 0.008539636047457218 2.741905670635728e-05 0.0003020278420352337 9.697507577186098e-07 0.008539636047457218 2.741905670635728e-05 0.007054013347403673 4.8287600097881496e-05
59492.009289240974 0.015605012749219454 3.9775205220979056e-05 0.00847877712232119 2.739434854653353e-05 0.00029987539786486514 9.688768853251311e-07 0.00847877712232119 2.7394348546533533e-05 0.007126235626898264 4.829614148832144e-05
59492.00932472118 0.015580236152698662 3.9733356229333446e-05 0.008516149769820375 2.7411895103614837e-05 0.0003011971848839599 9.694974678348499e-07 0.008516149769820375 2.741189510361484e-05 0.007064086382878287 4.8271643750950664e-05
59492.00936020139 0.01559610098820239 3.9748685794411933e-05 0.008476283875186608 2.7389688409808065e-05 0.0002997872172857944 9.68712066703944e-07 0.008476283875186608 2.7389688409808065e-05 0.007119817113015781 4.827165890633198e-05
59492.0093956816 0.015589837653151133 3.9718728037237696e-05 0.00849487075481705 2.7396140393666453e-05 0.0003004445936790919 9.6894025895368e-07 0.00849487075481705 2.7396140393666456e-05 0.007094966898334082 4.8250656631444246e-05
59492.00943116181 0.015566588245648556 3.974103660966726e-05 0.008528431301582852 2.7415318944130063e-05 0.0003016315552147906 9.696185614220402e-07 0.008528431301582852 2.7415318944130066e-05 0.007038156944065704 4.827990993797824e-05
59492.00946664201 0.015561911215255622 3.9717787206837794e-05 0.00852862096231769 2.741288557910695e-05 0.00030163826309111504 9.695324987394235e-07 0.00852862096231769 2.7412885579106955e-05 0.007033290252937932 4.8259392001773686e-05
59492.00950212222 0.01564966906374872 3.9787742273059455e-05 0.008521720127575658 2.7417723397688884e-05 0.00030139419598874733 9.69703601570778e-07 0.008521720127575658 2.741772339768888e-05 0.007127948936173061 4.831972673245968e-05
59492.00953760243 0.01562912028624686 3.977423214962146e-05 0.008503889423714685 2.7398572513967665e-05 0.0003007635638424625 9.690262776132649e-07 0.008503889423714685 2.7398572513967665e-05 0.007125230862532174 4.829773616739325e-05
59492.009573082636 0.015584550658031231 3.9725310586567136e-05 0.008492370002734314 2.73961787293775e-05 0.0003003561476667775 9.689416148021043e-07 0.008492370002734314 2.73961787293775e-05 0.0070921806552969174 4.825609712949462e-05
59492.00960856285 0.015584523540792594 3.972467425943423e-05 0.008491135921683353 2.739853963435406e-05 0.00030031250097801385 9.690251147348132e-07 0.008491135921683353 2.739853963435406e-05 0.007093387619109241 4.8256913692376004e-05
59492.00964404306 0.01558532254042131 3.974149578935807e-05 0.00850968367620682 2.7405729249228982e-05 0.0003009684936037172 9.692793953450957e-07 0.00850968367620682 2.7405729249228986e-05 0.00707563886421449 4.827484317175573e-05
59492.00967952326 0.015612931185864567 3.9758969137473304e-05 0.008500500160119011 2.739858763374619e-05 0.0003006436931636419 9.690268123660404e-07 0.008500500160119011 2.739858763374619e-05 0.007112431025745556 4.8285176101973826e-05
