Original_Data_Set_NRCA3_DataChallengeSimulation/Results/ROEBA_Results/345_radii/DataChallengeSimulation_nrca3_level3_asn_phot.ecsv
# %ECSV 0.9
# ---
# datatype:
# - {name: MJD, datatype: float64}
# - {name: aperture_sum, unit: Jy, datatype: float64}
# - {name: aperture_sum_err, unit: Jy, datatype: float64}
# - {name: annulus_sum, unit: Jy, datatype: float64}
# - {name: annulus_sum_err, unit: Jy, datatype: float64}
# - {name: annulus_mean, unit: Jy, datatype: float64}
# - {name: annulus_mean_err, unit: Jy, datatype: float64}
# - {name: aperture_bkg, unit: Jy, datatype: float64}
# - {name: aperture_bkg_err, unit: Jy, datatype: float64}
# - {name: net_aperture_sum, unit: Jy, datatype: float64}
# - {name: net_aperture_sum_err, unit: Jy, datatype: float64}
# meta: !!omap
# - {instrument: NIRCAM}
# - {detector: NRCA3}
# - {channel: SHORT}
# - {subarray: SUBGRISM64}
# - {filter: WLP4}
# - {pupil: CLEAR}
# - {target_name: UNKNOWN}
# - {xcenter: 1054.0}
# - {ycenter: 22.0}
# - ra_icrs: !numpy.ndarray
#     buffer: !!binary |
#       RjByVEdwN3haVUE9
#     dtype: float64
#     order: C
#     shape: !!python/tuple []
# - dec_icrs: !numpy.ndarray
#     buffer: !!binary |
#       Wkg2dmxQdXpPa0E9
#     dtype: float64
#     order: C
#     shape: !!python/tuple []
# - {apertures: Photometry measured in a circular aperture of r=3.0 pixels.  Background calculated as the mean in a circular annulus with
#     r_inner=4.0 pixels and r_outer=5.0 pixels.}
# - {number_of_integrations: 2198}
# - __serialized_columns__:
#     annulus_mean:
#       __class__: astropy.units.quantity.Quantity
#       unit: &id001 !astropy.units.Unit {unit: Jy}
#       value: !astropy.table.SerializedColumn {name: annulus_mean}
#     annulus_mean_err:
#       __class__: astropy.units.quantity.Quantity
#       unit: *id001
#       value: !astropy.table.SerializedColumn {name: annulus_mean_err}
#     annulus_sum:
#       __class__: astropy.units.quantity.Quantity
#       unit: *id001
#       value: !astropy.table.SerializedColumn {name: annulus_sum}
#     annulus_sum_err:
#       __class__: astropy.units.quantity.Quantity
#       unit: *id001
#       value: !astropy.table.SerializedColumn {name: annulus_sum_err}
#     aperture_bkg:
#       __class__: astropy.units.quantity.Quantity
#       unit: *id001
#       value: !astropy.table.SerializedColumn {name: aperture_bkg}
#     aperture_bkg_err:
#       __class__: astropy.units.quantity.Quantity
#       unit: *id001
#       value: !astropy.table.SerializedColumn {name: aperture_bkg_err}
#     aperture_sum:
#       __class__: astropy.units.quantity.Quantity
#       unit: *id001
#       value: !astropy.table.SerializedColumn {name: aperture_sum}
#     aperture_sum_err:
#       __class__: astropy.units.quantity.Quantity
#       unit: *id001
#       value: !astropy.table.SerializedColumn {name: aperture_sum_err}
#     net_aperture_sum:
#       __class__: astropy.units.quantity.Quantity
#       unit: *id001
#       value: !astropy.table.SerializedColumn {name: net_aperture_sum}
#     net_aperture_sum_err:
#       __class__: astropy.units.quantity.Quantity
#       unit: *id001
#       value: !astropy.table.SerializedColumn {name: net_aperture_sum_err}
# schema: astropy-2.0
MJD aperture_sum aperture_sum_err annulus_sum annulus_sum_err annulus_mean annulus_mean_err aperture_bkg aperture_bkg_err net_aperture_sum net_aperture_sum_err
[from data line 1224]
59491.99772269306 0.01553056913260132 3.962631771369659e-05 0.008439221341659132 2.7296204482869037e-05 0.00029847639830481507 9.654057491323911e-07 0.008439221341659132 2.7296204482869037e-05 0.007091347790942188 4.811785359632559e-05
59491.99775817327 0.015522764018860172 3.960709036821625e-05 0.00845038550229822 2.7302875438740723e-05 0.000298871249716189 9.656416859328637e-07 0.00845038550229822 2.7302875438740723e-05 0.007072378516561952 4.810580645472477e-05
59491.99779365347 0.015557136981579081 3.9627757188279855e-05 0.008448797755835038 2.7301161403611815e-05 0.0002988150946721908 9.655810643409973e-07 0.008448797755835038 2.7301161403611815e-05 0.007108339225744043 4.812185110487053e-05
59491.99782913368 0.01546447005500432 3.956555887413806e-05 0.008442684088440447 2.730149720625084e-05 0.00029859886791968655 9.655929409298649e-07 0.008442684088440447 2.730149720625084e-05 0.007021785966563873 4.8070835219765086e-05
59491.99786461389 0.01553976085887986 3.9624702931277075e-05 0.008408380668917134 2.7283495697191298e-05 0.0002973856326347776 9.64956267785434e-07 0.008408380668917134 2.7283495697191298e-05 0.007131380189962726 4.8109315312635807e-05
59491.997900094095 0.015559290485260755 3.965457397417659e-05 0.008459488850149181 2.731582419360979e-05 0.00029919321478489246 9.660996544538186e-07 0.008459488850149181 2.731582419360979e-05 0.007099801635111574 4.815225320220894e-05
59491.997935574305 0.015515860283276015 3.9605692148364696e-05 0.008471117238722117 2.7311799550208617e-05 0.00029960448490079825 9.659573118112678e-07 0.008471117238722117 2.7311799550208617e-05 0.007044743044553898 4.810972090151649e-05
59491.997971054516 0.015512740839288577 3.961157743969153e-05 0.008474923938709696 2.7322091454958475e-05 0.00029973911937188514 9.663213134812169e-07 0.008474923938709696 2.7322091454958475e-05 0.007037816900578881 4.812040885875549e-05
59491.99800653472 0.015430543743145404 3.9543067482456794e-05 0.008465252107230406 2.7306057953569914e-05 0.00029939704830773386 9.657542443698702e-07 0.008465252107230406 2.7306057953569917e-05 0.006965291635914998 4.8054916365402726e-05
59491.99804201493 0.015558270166516322 3.962468597844118e-05 0.00843736050682004 2.7297354852864062e-05 0.0002984105847352775 9.654464351481896e-07 0.00843736050682004 2.7297354852864062e-05 0.007120909659696282 4.811716243559312e-05
59491.99807749514 0.015554043545392667 3.9616742748769385e-05 0.008425886276453395 2.728694380800168e-05 0.0002980047668506049 9.65078219758723e-07 0.008425886276453395 2.7286943808001678e-05 0.0071281572689392714 4.8104715032969614e-05
59491.99811297535 0.015539271823829531 3.9625117218576236e-05 0.008440034436447124 2.7299781715925905e-05 0.00029850515565030646 9.655322678709673e-07 0.008440034436447124 2.729978171592591e-05 0.007099237387382407 4.811889437968322e-05
59491.998148455554 0.015462025724514526 3.957412596755013e-05 0.008434527088258401 2.7293796284052186e-05 0.00029831037305307013 9.653205765222466e-07 0.008434527088258401 2.7293796284052182e-05 0.007027498636256124 4.807351413918964e-05
59491.998183935764 0.01547653771234646 3.9584084816698904e-05 0.008471189614033751 2.7314439901251144e-05 0.00029960704465382146 9.660506951268048e-07 0.008471189614033751 2.7314439901251147e-05 0.0070053480983127085 4.809343404140188e-05
59491.998219415975 0.015532426755453115 3.964105909772366e-05 0.008469610473160905 2.7311812802868485e-05 0.00029955119397032104 9.659577805282293e-07 0.008469610473160905 2.731181280286848e-05 0.00706281628229221 4.8138847981314946e-05
59491.99825489618 0.015536220067338383 3.9623421573032475e-05 0.00844007537643703 2.7294562157473858e-05 0.00029850660360625393 9.65347663753545e-07 0.00844007537643703 2.729456215747386e-05 0.007096144690901352 4.811453689398308e-05
59491.99829037639 0.015522669613250557 3.960517147070098e-05 0.008429379767415956 2.7287962734992992e-05 0.0002981283238184579 9.651142569292378e-07 0.008429379767415956 2.7287962734992992e-05 0.007093289845834601 4.809576402813446e-05
59491.9983258566 0.0155582506933254 3.964946839537563e-05 0.008468909486815085 2.731261076235371e-05 0.00029952640164988164 9.659860025718872e-07 0.008468909486815085 2.7312610762353706e-05 0.007089341206510315 4.814622571595546e-05
59491.9983613368 0.015518794968700577 3.9606581812803664e-05 0.008470567609569222 2.731102962045332e-05 0.0002995850457460092 9.659300811165148e-07 0.008470567609569222 2.731102962045332e-05 0.0070482273591313555 4.811001623179511e-05
59491.99839681701 0.01555176932110178 3.962717469042276e-05 0.008479135153891232 2.7320920638659436e-05 0.00029988806064134405 9.662799043253404e-07 0.008479135153891232 2.7320920638659436e-05 0.007072634167210549 4.813258437367776e-05
59491.99843229722 0.015453206523808365 3.95573887343293e-05 0.0084423208376969 2.7302262220123985e-05 0.00029858602055270493 9.656199977608528e-07 0.0084423208376969 2.730226222012399e-05 0.007010885686111466 4.806454541359204e-05
59491.998467777434 0.015526914006104767 3.960846477982075e-05 0.008421509145143505 2.7294716029900868e-05 0.00029784995749848684 9.653531058774037e-07 0.008421509145143505 2.729471602990087e-05 0.0071054048609612615 4.810230769274202e-05
59491.99850325764 0.01550453920275724 3.960155002499922e-05 0.008452316447704479 2.730242347601298e-05 0.0002989395429397994 9.656257010212608e-07 0.008452316447704479 2.730242347601298e-05 0.00705222275505276 4.8100988472650544e-05
59491.99853873785 0.015509990156187689 3.9614283076704286e-05 0.00840095046337332 2.727889290391766e-05 0.000297122842870225 9.647934772739828e-07 0.00840095046337332 2.7278892903917656e-05 0.007109039692814369 4.809812285052992e-05
59491.99857421806 0.01551531326393098 3.960770331812139e-05 0.008437724925635437 2.730810284723243e-05 0.00029842347341434996 9.65826567688645e-07 0.008437724925635437 2.730810284723243e-05 0.007077588338295544 4.8109278141033754e-05
59491.99860969826 0.015530740713182724 3.9611150975354164e-05 0.0084428995129865 2.7295269538508177e-05 0.00029860648700443497 9.653726822398252e-07 0.0084428995129865 2.7295269538508177e-05 0.007087841200196223 4.8104833652888914e-05
59491.99864517847 0.015518220227195038 3.960501308314863e-05 0.00846937187903087 2.7311446286719467e-05 0.0002995427554291682 9.65944817671154e-07 0.00846937187903087 2.7311446286719463e-05 0.0070488483481641676 4.810896132311252e-05
59491.99868065868 0.015498057073682322 3.960060547180766e-05 0.008456497545589838 2.7315527121857717e-05 0.0002990874190278007 9.660891476898642e-07 0.008456497545589838 2.7315527121857717e-05 0.007041559528092484 4.8107649866509874e-05
59491.998716138885 0.015531472263093093 3.9620758433408846e-05 0.008425208963238682 2.729536376083343e-05 0.0002979808117959064 9.65376014672895e-07 0.008425208963238682 2.729536376083343e-05 0.007106263299854412 4.811279852258396e-05
59491.998751619096 0.015546945848437311 3.962404508218443e-05 0.008474843197817928 2.7326759590205668e-05 0.0002997362637469886 9.66486414992242e-07 0.008474843197817928 2.732675959020567e-05 0.007072102650619383 4.813332253622101e-05
59491.998787099306 0.015521006443980856 3.961764048621387e-05 0.008412387762245038 2.727923918870609e-05 0.0002975273545704591 9.648057245930487e-07 0.008412387762245038 2.727923918870609e-05 0.007108618681735818 4.810108448267597e-05
59491.99882257952 0.015516404130024676 3.959114419353881e-05 0.008444018750575207 2.730549982870092e-05 0.0002986460719365987 9.657345047405896e-07 0.008444018750575207 2.7305499828700924e-05 0.007072385379449469 4.809416824781117e-05
59491.99885805972 0.015487294794946984 3.958123167033494e-05 0.008507039202694229 2.733420845988012e-05 0.0003008749644856273 9.667498648653833e-07 0.008507039202694229 2.7334208459880122e-05 0.006980255592252755 4.810231650002843e-05
59491.99889353993 0.015546977048130614 3.9631234074616055e-05 0.008439515187330068 2.7307200030030403e-05 0.00029848679096948965 9.65794637061887e-07 0.008439515187330068 2.7307200030030403e-05 0.007107461860800546 4.812814028982525e-05
59491.99892902014 0.015519539509735704 3.961827714658956e-05 0.0084609099578904 2.7309252596297166e-05 0.0002992434761897105 9.658672317435268e-07 0.0084609099578904 2.7309252596297166e-05 0.007058629551845304 4.811863632141235e-05
59491.998964500344 0.015548607350237695 3.96304613346496e-05 0.00844861039898013 2.730268181309914e-05 0.0002988084682789506 9.656348378266489e-07 0.00844861039898013 2.730268181309914e-05 0.007099996951257565 4.812494051720471e-05
59491.998999980555 0.015556938518554962 3.963599827489627e-05 0.008440200633350969 2.7291716230207267e-05 0.00029851103366336723 9.652470096663988e-07 0.008440200633350969 2.729171623020727e-05 0.007116737885203993 4.81232805826633e-05
59491.999035460765 0.015532029386737754 3.96345556254209e-05 0.008455450430262326 2.7315203727119757e-05 0.00029905038489883164 9.660777099407272e-07 0.008455450430262326 2.7315203727119754e-05 0.007076578956475428 4.8135416839149114e-05
59491.999070940976 0.015507202591963564 3.959771994356181e-05 0.008470507561275016 2.7317679600928863e-05 0.0002995829219720432 9.66165276064103e-07 0.008470507561275016 2.7317679600928863e-05 0.007036695030688548 4.810649689499078e-05
59491.99910642118 0.015544489752857401 3.963281801692547e-05 0.008452983088535353 2.7294851539393665e-05 0.00029896312053613285 9.65357898545318e-07 0.008452983088535353 2.7294851539393665e-05 0.007091506664322048 4.812243951131606e-05
59491.99914190139 0.015529217852796526 3.9601512526169626e-05 0.008436474494103868 2.729086145595691e-05 0.00029837924844562837 9.652167782114715e-07 0.008436474494103868 2.7290861455956907e-05 0.0070927433586926575 4.809439586239341e-05
59491.9991773816 0.015519476173900912 3.960180084939649e-05 0.008424359019788379 2.728724713781373e-05 0.000297950751195581 9.65088947856273e-07 0.008424359019788379 2.7287247137813728e-05 0.007095117154112533 4.8092582451718935e-05
59491.9992128618 0.015524218443831369 3.959847788534906e-05 0.008470698129624086 2.7312051817102267e-05 0.0002995896619486546 9.659662339275129e-07 0.008470698129624086 2.7312051817102267e-05 0.007053520314207282 4.810392525872039e-05
59491.999248342014 0.015509008016308437 3.9598117226647215e-05 0.008468730631189348 2.731940036576249e-05 0.00029952007592611815 9.662261356705852e-07 0.008468730631189348 2.7319400365762486e-05 0.007040277385119089 4.810780107467102e-05
59491.999283822224 0.015464411495695444 3.955776655302044e-05 0.008446179135287052 2.7307786522344905e-05 0.000298722479915681 9.658153799843178e-07 0.008446179135287052 2.7307786522344908e-05 0.007018232360408392 4.8067994543284464e-05
59491.99931930243 0.015500926831764392 3.958630419858982e-05 0.00844916133023363 2.7304799398773188e-05 0.00029882795348612804 9.657097320994144e-07 0.00844916133023363 2.7304799398773188e-05 0.007051765501530761 4.808978634087008e-05
59491.99935478264 0.01550287876521301 3.9611213656234825e-05 0.008464136045732037 2.731403029270052e-05 0.0002993575757067872 9.660362081877904e-07 0.008464136045732037 2.731403029270052e-05 0.007038742719480974 4.8115532815822024e-05
59491.99939026285 0.015543904551030325 3.9637415745568573e-05 0.008418788136949355 2.7295366204073327e-05 0.0002977537215197551 9.653761010848296e-07 0.008418788136949355 2.7295366204073324e-05 0.00712511641408097 4.81265180872408e-05
59491.99942574306 0.015505992618473297 3.9593534349736176e-05 0.008432423053964425 2.7293492827574348e-05 0.0002982359580623321 9.65309843944811e-07 0.008432423053964425 2.729349282757435e-05 0.007073569564508872 4.8089320155649855e-05
59491.99946122326 0.015463411905836449 3.956764807682025e-05 0.008430323340697505 2.7285426556834376e-05 0.0002981616958966641 9.650245579757922e-07 0.008430323340697505 2.7285426556834376e-05 0.007033088565138944 4.806342972281005e-05
59491.99949670347 0.01551204529683435 3.960455503890773e-05 0.008443006391859922 2.7296429876536712e-05 0.00029861026707132766 9.654137208026915e-07 0.008443006391859922 2.729642987653671e-05 0.0070690389049744284 4.810006095458256e-05
59491.99953218368 0.0154729822141864 3.9578751098151915e-05 0.00844806695049867 2.7304453199970937e-05 0.00029878924772069724 9.656974878214875e-07 0.00844806695049867 2.7304453199970934e-05 0.007024915263687729 4.808337241748819e-05
59491.99956766389 0.015510196163304195 3.961658664863353e-05 0.008425627873982842 2.7291302785878117e-05 0.000297995627732717 9.652323870644704e-07 0.008425627873982842 2.7291302785878117e-05 0.007084568289321353 4.810705920589168e-05
59491.9996031441 0.015570629403045247 3.964810491301221e-05 0.00845400852669838 2.730401301612014e-05 0.0002989993879922397 9.656819195024378e-07 0.00845400852669838 2.7304013016120135e-05 0.007116620876346867 4.81402259028526e-05
59491.99963862431 0.015544600993832714 3.961420561955928e-05 0.008464047294904298 2.730979556289281e-05 0.0002993544367883565 9.65886435258556e-07 0.008464047294904298 2.7309795562892815e-05 0.007080553698928417 4.811559228104463e-05
59491.99967410451 0.015548957969382533 3.965522149361839e-05 0.008448475394166662 2.7305730478003153e-05 0.00029880369346041625 9.657426622909388e-07 0.008448475394166662 2.7305730478003156e-05 0.0071004825752158714 4.8147061266969185e-05
59491.99970958472 0.01555771595846364 3.964353218022196e-05 0.008418567447660688 2.727793141012665e-05 0.00029774591623282656 9.64759471387407e-07 0.008418567447660688 2.7277931410126648e-05 0.007139148510802952 4.8121670645769023e-05
59491.99974506493 0.015507680829884197 3.9610876070343076e-05 0.008438465789171238 2.7289760382847425e-05 0.0002984496761018787 9.651778357163426e-07 0.008438465789171238 2.7289760382847425e-05 0.007069215040712959 4.810148152409971e-05
59491.99978054514 0.015567897173405966 3.964552090280685e-05 0.008499714510913917 2.7327819068671216e-05 0.00030061590650708035 9.665238863777733e-07 0.008499714510913917 2.7327819068671216e-05 0.007068182662492048 4.8151604570407876e-05
59491.999816025345 0.015557703117475312 3.963121393701904e-05 0.008463439098868736 2.730911305500247e-05 0.0002993329262538168 9.658622964797897e-07 0.008463439098868736 2.7309113055002465e-05 0.007094264018606576 4.812920915590322e-05
59491.999851505556 0.0155277249136304 3.960204956419108e-05 0.008501165593139907 2.7326927084406787e-05 0.0003006672280424357 9.66492338887808e-07 0.008501165593139907 2.7326927084406787e-05 0.0070265593204904934 4.811531225671441e-05
59491.999886985766 0.015502178302990142 3.957944203617097e-05 0.008414190068608657 2.7284825716814132e-05 0.00029759109811862265 9.650033076070746e-07 0.008414190068608657 2.7284825716814132e-05 0.007087988234381485 4.807279840295902e-05
59491.99992246597 0.015504485089731141 3.960097141926972e-05 0.008470243294536446 2.730712987501991e-05 0.00029957357544810136 9.65792155835953e-07 0.008470243294536446 2.730712987501991e-05 0.007034241795194695 4.810318367178021e-05
59491.99995794618 0.015473395890376673 3.9583768284843354e-05 0.00848119144232477 2.731621523560805e-05 0.0002999607869677041 9.661134847353698e-07 0.00848119144232477 2.7316215235608054e-05 0.006992204448051903 4.809418183550102e-05
59491.99999342639 0.015541291827639383 3.9636563177869355e-05 0.008457227545473308 2.7303492801421902e-05 0.00029911323749222537 9.656635206711728e-07 0.008457227545473308 2.7303492801421905e-05 0.0070840642821660745 4.813042550934415e-05
59492.000028906594 0.015478708634279402 3.9599892461245156e-05 0.00847118414596827 2.7315492232589184e-05 0.0002996068512605658 9.660879137344092e-07 0.00847118414596827 2.7315492232589187e-05 0.007007524488311132 4.810704313144616e-05
