Original_Data_Set_NRCA3_DataChallengeSimulation/Results/ROEBA_Results/345_radii/DataChallengeSimulation_nrca3_level3_asn_phot.ecsv
# %ECSV 0.9
# ---
# datatype:
# - {name: MJD, datatype: float64}
# - {name: aperture_sum, unit: Jy, datatype: float64}
# - {name: aperture_sum_err, unit: Jy, datatype: float64}
# - {name: annulus_sum, unit: Jy, datatype: float64}
# - {name: annulus_sum_err, unit: Jy, datatype: float64}
# - {name: annulus_mean, unit: Jy, datatype: float64}
# - {name: annulus_mean_err, unit: Jy, datatype: float64}
# - {name: aperture_bkg, unit: Jy, datatype: float64}
# - {name: aperture_bkg_err, unit: Jy, datatype: float64}
# - {name: net_aperture_sum, unit: Jy, datatype: float64}
# - {name: net_aperture_sum_err, unit: Jy, datatype: float64}
# meta: !!omap
# - {instrument: NIRCAM}
# - {detector: NRCA3}
# - {channel: SHORT}
# - {subarray: SUBGRISM64}
# - {filter: WLP4}
# - {pupil: CLEAR}
# - {target_name: UNKNOWN}
# - {xcenter: 1054.0}
# - {ycenter: 22.0}
# - ra_icrs: !numpy.ndarray
#     buffer: !!binary |
#       RjByVEdwN3haVUE9
#     dtype: float64
#     order: C
#     shape: !!python/tuple []
# - dec_icrs: !numpy.ndarray
#     buffer: !!binary |
#       Wkg2dmxQdXpPa0E9
#     dtype: float64
#     order: C
#     shape: !!python/tuple []
# - {apertures: Photometry measured in a circular aperture of r=3.0 pixels.  Background calculated as the mean in a circular annulus with
#     r_inner=4.0 pixels and r_outer=5.0 pixels.}
# - {number_of_integrations: 2198}
# - __serialized_columns__:
#     annulus_mean:
#       __class__: astropy.units.quantity.Quantity
#       unit: &id001 !astropy.units.Unit {unit: Jy}
#       value: !astropy.table.SerializedColumn {name: annulus_mean}
#     annulus_mean_err:
#       __class__: astropy.units.quantity.Quantity
#       unit: *id001
#       value: !astropy.table.SerializedColumn {name: annulus_mean_err}
#     annulus_sum:
#       __class__: astropy.units.quantity.Quantity
#       unit: *id001
#       value: !astropy.table.SerializedColumn {name: annulus_sum}
#     annulus_sum_err:
#       __class__: astropy.units.quantity.Quantity
#       unit: *id001
#       value: !astropy.table.SerializedColumn {name: annulus_sum_err}
#     aperture_bkg:
#       __class__: astropy.units.quantity.Quantity
#       unit: *id001
#       value: !astropy.table.SerializedColumn {name: aperture_bkg}
#     aperture_bkg_err:
#       __class__: astropy.units.quantity.Quantity
#       unit: *id001
#       value: !astropy.table.SerializedColumn {name: aperture_bkg_err}
#     aperture_sum:
#       __class__: astropy.units.quantity.Quantity
#       unit: *id001
#       value: !astropy.table.SerializedColumn {name: aperture_sum}
#     aperture_sum_err:
#       __class__: astropy.units.quantity.Quantity
#       unit: *id001
#       value: !astropy.table.SerializedColumn {name: aperture_sum_err}
#     net_aperture_sum:
#       __class__: astropy.units.quantity.Quantity
#       unit: *id001
#       value: !astropy.table.SerializedColumn {name: net_aperture_sum}
#     net_aperture_sum_err:
#       __class__: astropy.units.quantity.Quantity
#       unit: *id001
#       value: !astropy.table.SerializedColumn {name: net_aperture_sum_err}
# schema: astropy-2.0
MJD aperture_sum aperture_sum_err annulus_sum annulus_sum_err annulus_mean annulus_mean_err aperture_bkg aperture_bkg_err net_aperture_sum net_aperture_sum_err
[from data line 748]
59491.98083411389 0.015517118752383431 3.9602954290989754e-05 0.008477877650634798 2.7326310173888736e-05 0.0002998435855615184 9.664705201414983e-07 0.008477877650634798 2.7326310173888736e-05 0.007039241101748634 4.8115706544680383e-05
59491.980869594096 0.015541570377221306 3.9644107657915584e-05 0.008419068266422025 2.729222946740473e-05 0.000297763629073151 9.652651617190552e-07 0.008419068266422025 2.7292229467404726e-05 0.0071225021107992805 4.8130250999697435e-05
59491.980905074306 0.01554267200385965 3.9646449445871016e-05 0.008454186193245271 2.7316954773987777e-05 0.0002990056716609419 9.661396405550897e-07 0.008454186193245271 2.7316954773987777e-05 0.007088485810614378 4.814620412647398e-05
59491.98094055452 0.015521569671421067 3.964052654281478e-05 0.008461183025999585 2.7321894537228252e-05 0.00029925313399846107 9.663143489411842e-07 0.008461183025999585 2.7321894537228252e-05 0.007060386645421482 4.814413012709884e-05
59491.98097603472 0.015541661904187546 3.9619444225437794e-05 0.008451124485924126 2.7314948861080104e-05 0.00029889738591550616 9.660686958984968e-07 0.008451124485924126 2.7314948861080104e-05 0.00709053741826342 4.81228302577477e-05
59491.98101151493 0.015531388939519516 3.964126034069829e-05 0.008444987977843628 2.730708084346043e-05 0.0002986803513389873 9.657904216992734e-07 0.008444987977843628 2.730708084346043e-05 0.007086400961675888 4.813632916613296e-05
59491.98104699514 0.015552113894914624 3.96430959319602e-05 0.008468224064017931 2.732508889837325e-05 0.0002995021597773761 9.664273263559059e-07 0.008468224064017931 2.7325088898373255e-05 0.007083889830896693 4.814805851095764e-05
59491.981082475344 0.015442443908980147 3.956811696348275e-05 0.008463916500648844 2.73127838671588e-05 0.000299349810887849 9.65992124901977e-07 0.008463916500648844 2.7312783867158803e-05 0.006978527408331303 4.807935152027304e-05
59491.981117955555 0.015548149707490081 3.9630817945857406e-05 0.008416024999273245 2.729422560810205e-05 0.0002976559955154004 9.653357607544076e-07 0.008416024999273245 2.7294225608102048e-05 0.007132124708216836 4.8120437265299944e-05
59491.981153435765 0.015537643248287969 3.9633578870979564e-05 0.008439642357256435 2.7305989981331067e-05 0.0002984912886855772 9.657518403436912e-07 0.008439642357256435 2.7305989981331067e-05 0.007098000891031533 4.8129384610471705e-05
59491.981188915976 0.01551183062677595 3.962312084821551e-05 0.00845391792730341 2.7328245943859455e-05 0.0002989961836941173 9.665389839991713e-07 0.00845391792730341 2.7328245943859452e-05 0.00705791269947254 4.813340557367992e-05
59491.98122439618 0.015567230345592554 3.962906804781196e-05 0.00848613577486805 2.733538245220767e-05 0.0003001356569598271 9.667913863502904e-07 0.00848613577486805 2.733538245220767e-05 0.007081094570724504 4.814235316378474e-05
59491.98125987639 0.015560584878239895 3.963139982105031e-05 0.008499945418022556 2.7327538037305624e-05 0.0003006240731754659 9.665139469264403e-07 0.008499945418022556 2.732753803730562e-05 0.007060639460217339 4.81398191412923e-05
59491.9812953566 0.015511035493717473 3.9604997719128393e-05 0.008471927541213446 2.730193837908183e-05 0.0002996331434889971 9.656085442269339e-07 0.008471927541213446 2.7301938379081834e-05 0.007039107952504026 4.810355167331563e-05
59491.9813308368 0.015494433783780437 3.959366399012387e-05 0.008489908503658163 2.731286654190344e-05 0.00030026908994558075 9.659950489229277e-07 0.008489908503658163 2.7312866541903444e-05 0.007004525280122274 4.810042522575721e-05
59491.98136631701 0.015489414616103985 3.9602416272108924e-05 0.008433065617095533 2.7290879923597207e-05 0.0002982586840842353 9.652174313706361e-07 0.008433065617095533 2.7290879923597207e-05 0.007056348999008453 4.809515049974996e-05
59491.981401797224 0.015506740289402354 3.9605604050200556e-05 0.008505020591794364 2.7333317170760715e-05 0.00030080357072942887 9.667183419611439e-07 0.008505020591794364 2.7333317170760715e-05 0.0070017196976079905 4.8121867168041864e-05
59491.98143727743 0.015570345874250224 3.96385258203278e-05 0.008471870209209916 2.7310026908749474e-05 0.0002996311157841617 9.658946174444784e-07 0.008471870209209916 2.7310026908749474e-05 0.0070984756650403075 4.8135748659031096e-05
59491.98147275764 0.015551381356846935 3.963468853411431e-05 0.008450251622991931 2.7302749013521894e-05 0.0002988665147043282 9.656372145554175e-07 0.008450251622991931 2.7302749013521894e-05 0.007101129733855004 4.812845976022528e-05
59491.98150823785 0.01552740145119047 3.962482256893336e-05 0.008421703898944234 2.7283812672059485e-05 0.0002978568455051695 9.649674784781245e-07 0.008421703898944234 2.7283812672059485e-05 0.007105697552246236 4.8109593612329386e-05
59491.98154371806 0.015441869203931709 3.958365743176736e-05 0.008461212688425916 2.7313777539017154e-05 0.00029925418309218875 9.660272688548809e-07 0.008461212688425916 2.731377753901715e-05 0.006980656515505793 4.809270609069976e-05
59491.98157919826 0.015513006551858857 3.9595487229967624e-05 0.008470333610805939 2.7304558757913302e-05 0.00029957676973270836 9.65701221170001e-07 0.008470333610805939 2.7304558757913305e-05 0.007042672941052918 4.809720925316633e-05
59491.98161467847 0.015529055320133848 3.961817415918299e-05 0.008434516668198836 2.7294703135410715e-05 0.00029831000451885077 9.653526498281045e-07 0.008434516668198836 2.729470313541072e-05 0.007094538651935012 4.81102956024753e-05
59491.98165015868 0.01555644871057049 3.9626447848724505e-05 0.008455408916419667 2.730347482812412e-05 0.0002990489166469948 9.65662884995798e-07 0.008455408916419667 2.7303474828124115e-05 0.007101039794150823 4.812208543691441e-05
59491.981685638886 0.01554831086977368 3.962436232884083e-05 0.008423523723506354 2.728511515317032e-05 0.00029792120863286314 9.650135443241407e-07 0.008423523723506354 2.7285115153170318e-05 0.007124787146267325 4.810995322060732e-05
59491.9817211191 0.015571557147317392 3.963888402478912e-05 0.008438275051900562 2.7301847356233125e-05 0.0002984429301508876 9.656053249521992e-07 0.008438275051900562 2.730184735623313e-05 0.00713328209541683 4.813140342638822e-05
59491.98175659931 0.015540486905817833 3.964207189340473e-05 0.008420138400784684 2.7279399028415915e-05 0.00029780147733394867 9.648113777663644e-07 0.008420138400784684 2.7279399028415915e-05 0.007120348505033149 4.812129960166712e-05
59491.98179207951 0.015537599189048965 3.961569987108208e-05 0.00850670968336376 2.733663791050327e-05 0.00030086331012334097 9.668357891044215e-07 0.00850670968336376 2.733663791050327e-05 0.007030889505685204 4.813206258333023e-05
59491.98182755972 0.015529412431039906 3.961799130629587e-05 0.00845816169450845 2.7303617806518356e-05 0.00029914627625589807 9.656679418220643e-07 0.00845816169450845 2.7303617806518356e-05 0.007071250736531457 4.8115203215513504e-05
59491.98186303993 0.01552451751832319 3.960232175311719e-05 0.008443348554005673 2.72932303532275e-05 0.00029862236858173546 9.653005608137585e-07 0.008443348554005673 2.72932303532275e-05 0.007081168964317517 4.809640642866947e-05
59491.98189852014 0.015511027658898608 3.959179280251542e-05 0.008431009234986755 2.7289253430517294e-05 0.00029818595444479134 9.651599059453976e-07 0.008431009234986755 2.7289253430517294e-05 0.007080018423911852 4.808548024208879e-05
59491.981934000345 0.015523566035701342 3.9602128531237545e-05 0.008459626739771341 2.730187577576993e-05 0.0002991980916326631 9.65606330087702e-07 0.008459626739771341 2.730187577576993e-05 0.007063939295930001 4.810115388512246e-05
59491.981969480556 0.015548208951739124 3.962711362510224e-05 0.00848075533040852 2.731841470047492e-05 0.0002999453626638791 9.661912748921962e-07 0.00848075533040852 2.731841470047492e-05 0.007067453621330605 4.8131111726240934e-05
59491.982004960766 0.015504654314023918 3.9596526197977835e-05 0.008411388627143794 2.7280208467421558e-05 0.0002974920173948636 9.648400058150043e-07 0.008411388627143794 2.7280208467421558e-05 0.007093265686880124 4.808424545496294e-05
59491.98204044097 0.015460608278433575 3.956539972636403e-05 0.00843428381526219 2.7297124930590588e-05 0.0002983017690308773 9.654383033112228e-07 0.00843428381526219 2.7297124930590588e-05 0.007026324463171385 4.806822115476333e-05
59491.98207592118 0.015514952675223775 3.960133622381716e-05 0.008476882088522028 2.7314198658667014e-05 0.00029980837475454005 9.660421629157495e-07 0.008476882088522028 2.7314198658667014e-05 0.007038070586701747 4.810749711923226e-05
59491.98211140139 0.015549815265963234 3.9621379870197776e-05 0.008471762679593983 2.730635765606962e-05 0.0002996273127019607 9.65764844177489e-07 0.008471762679593983 2.730635765606962e-05 0.007078052586369251 4.811954811986191e-05
59491.9821468816 0.015534377015814931 3.9605918376657394e-05 0.008447924482662884 2.7302117906973265e-05 0.0002987842089517424 9.656148937272327e-07 0.008447924482662884 2.7302117906973268e-05 0.007086452533152047 4.810441157175419e-05
59491.982182361804 0.015513798972341147 3.961244531977129e-05 0.008438654130803087 2.7294699908397955e-05 0.0002984563373244784 9.65352535695875e-07 0.008438654130803087 2.7294699908397955e-05 0.00707514484153806 4.8105576259944854e-05
59491.982217842015 0.015514277386909673 3.960513748803583e-05 0.008445848622862092 2.7289854203314218e-05 0.000298710790429862 9.651811539365766e-07 0.008445848622862092 2.7289854203314215e-05 0.00706842876404758 4.8096809227685446e-05
59491.982253322225 0.015485252027030109 3.956877235452741e-05 0.008438434708397903 2.7290244842650662e-05 0.00029844857684438724 9.651949699768792e-07 0.008438434708397903 2.7290244842650662e-05 0.007046817318632206 4.806709070888557e-05
59491.98228880243 0.01552197385536354 3.960485840011208e-05 0.008451257306862725 2.729730860532651e-05 0.00029890208349526705 9.654447994761436e-07 0.008451257306862725 2.729730860532651e-05 0.007070716548500815 4.810080941093779e-05
59491.98232428264 0.015506409431641778 3.9607104650712096e-05 0.00843899388097533 2.730002634571833e-05 0.00029846835352877367 9.655409198800098e-07 0.00843899388097533 2.730002634571833e-05 0.007067415550666449 4.8104201243647884e-05
59491.98235976285 0.015480687458421766 3.957455211663353e-05 0.00847382255368684 2.7314145877517053e-05 0.0002997001658450774 9.660402961644343e-07 0.00847382255368684 2.7314145877517053e-05 0.007006864904734926 4.8085421285982565e-05
59491.98239524305 0.015541169580888489 3.96276198044945e-05 0.008471309397214133 2.7307293961381707e-05 0.0002996112811172119 9.657979592038584e-07 0.008471309397214133 2.7307293961381707e-05 0.007069860183674356 4.812521745262953e-05
59491.98243072326 0.015512129607621905 3.9608574171716266e-05 0.008440266148751704 2.7300891881327943e-05 0.0002985133507966729 9.655715319401637e-07 0.008440266148751704 2.7300891881327943e-05 0.007071863458870202 4.8105902397027194e-05
59491.98246620347 0.015481206580356085 3.957837346179542e-05 0.008438991773256861 2.7284912532911012e-05 0.0002984682789834819 9.650063780983987e-07 0.008438991773256861 2.7284912532911012e-05 0.007042214807099224 4.807196790032582e-05
59491.982501683684 0.01550532917180236 3.959139124810548e-05 0.008457427746110236 2.730488825340243e-05 0.0002991203181413314 9.657128746890723e-07 0.008457427746110236 2.7304888253402433e-05 0.007047901425692124 4.809402440523518e-05
59491.98253716389 0.015496394376490646 3.960256610706429e-05 0.0084273788769481 2.7293840770549835e-05 0.00029805755679433683 9.65322149910247e-07 0.0084273788769481 2.7293840770549835e-05 0.007069015499542546 4.809695402281236e-05
59491.9825726441 0.015548068814881183 3.961413194778019e-05 0.008459645574277629 2.7305738589740156e-05 0.00029919875776705785 9.657429491849477e-07 0.008459645574277629 2.7305738589740153e-05 0.007088423240603554 4.811322905300956e-05
59491.98260812431 0.015447056399547136 3.9578560143046095e-05 0.008449972865191212 2.7307382851779747e-05 0.0002988566556639038 9.658011030585787e-07 0.008449972865191212 2.7307382851779747e-05 0.0069970835343559235 4.808487892477626e-05
59491.98264360451 0.01553346335820468 3.964704899500061e-05 0.008425273420160546 2.7288989868446935e-05 0.00029798309149318004 9.651505843439957e-07 0.008425273420160546 2.7288989868446935e-05 0.0071081899380441346 4.8130836914105057e-05
59491.98267908472 0.015560223951244576 3.961989657593386e-05 0.008470853456906942 2.730764857748279e-05 0.00029959515552751317 9.658105011828333e-07 0.008470853456906942 2.7307648577482788e-05 0.007089370494337634 4.811905937899236e-05
59491.98271456493 0.01550165388451213 3.960591859987945e-05 0.0084221285792382 2.7273839792371492e-05 0.00029787186549806244 9.646147600116344e-07 0.0084221285792382 2.727383979237149e-05 0.007079525305273931 4.808836787789978e-05
59491.982750045136 0.015536176383003914 3.96226271939972e-05 0.008448454719425612 2.729474784362609e-05 0.00029880296224103065 9.65354231057765e-07 0.008448454719425612 2.7294747843626086e-05 0.007087721663578302 4.811398804507497e-05
59491.982785525346 0.015503835306054193 3.9597824822972476e-05 0.008421852671362098 2.7287259202167588e-05 0.0002978621072531026 9.650893745455067e-07 0.008421852671362098 2.7287259202167588e-05 0.007081982634692095 4.808931529432598e-05
59491.98282100556 0.015507797418460626 3.959155842638063e-05 0.008448338958557393 2.7298173830918747e-05 0.00029879886803783206 9.654754005716755e-07 0.008448338958557393 2.7298173830918747e-05 0.007059458459903233 4.809035031201757e-05
59491.98285648577 0.015462164166185113 3.9564051244177686e-05 0.008431114743013907 2.7294033536703023e-05 0.00029818968602791517 9.653289676182784e-07 0.008431114743013907 2.7294033536703023e-05 0.007031049423171206 4.806535568946294e-05
59491.98289196597 0.015550461455017997 3.963378354282409e-05 0.008406269723566805 2.7272350243552282e-05 0.0002973109732154217 9.645620779988448e-07 0.008406269723566805 2.7272350243552282e-05 0.007144191731451192 4.811047584182077e-05
59491.98292744618 0.015464191925539637 3.954200128583891e-05 0.008404112623027007 2.7272075934606753e-05 0.000297234681390165 9.645523763044858e-07 0.008404112623027007 2.7272075934606753e-05 0.00706007930251263 4.803473734155567e-05
59491.98296292639 0.015504848835697312 3.9601000578517515e-05 0.008451086439039947 2.7302147402251474e-05 0.0002988960402822425 9.656159369093048e-07 0.008451086439039947 2.7302147402251474e-05 0.007053762396657365 4.810037941216276e-05
59491.982998406595 0.015506469143931282 3.959435903999158e-05 0.008442775137827624 2.72944878117235e-05 0.00029860208813302765 9.653450343105077e-07 0.008442775137827624 2.72944878117235e-05 0.007063694006103658 4.8090563863320275e-05
59491.983033886805 0.015548576337244982 3.962951124080894e-05 0.00841379080743843 2.727379802039289e-05 0.00029757697714332787 9.646132826301063e-07 0.00841379080743843 2.7273798020392888e-05 0.007134785529806552 4.81077771222345e-05
59491.983069367016 0.015517492969069525 3.960253048414266e-05 0.008458517320468371 2.7305194025047524e-05 0.0002991588539513233 9.657236891488e-07 0.008458517320468371 2.7305194025047528e-05 0.007058975648601154 4.8103368296751735e-05
59491.98310484722 0.015489799643210008 3.95908460287071e-05 0.008448672706117813 2.7296958966756766e-05 0.0002988106719431622 9.654324335413279e-07 0.008448672706117813 2.7296958966756766e-05 0.0070411269370921955 4.8089074207158484e-05
59491.98314032743 0.015505984171990707 3.961207853307947e-05 0.008448860301265784 2.7291222152993738e-05 0.00029881730676429544 9.652295352595537e-07 0.008448860301265784 2.7291222152993738e-05 0.007057123870724923 4.810330105424066e-05
59491.98317580764 0.015451524117966579 3.956084673862977e-05 0.008478669105868251 2.7315955190727687e-05 0.00029987157756432726 9.661042875291173e-07 0.008478669105868251 2.7315955190727684e-05 0.006972855012098328 4.8075170334167266e-05
