Original_Data_Set_NRCA3_DataChallengeSimulation/Results/ROEBA_Results/345_radii/DataChallengeSimulation_nrca3_level3_asn_phot.ecsv
# %ECSV 0.9
# ---
# datatype:
# - {name: MJD, datatype: float64}
# - {name: aperture_sum, unit: Jy, datatype: float64}
# - {name: aperture_sum_err, unit: Jy, datatype: float64}
# - {name: annulus_sum, unit: Jy, datatype: float64}
# - {name: annulus_sum_err, unit: Jy, datatype: float64}
# - {name: annulus_mean, unit: Jy, datatype: float64}
# - {name: annulus_mean_err, unit: Jy, datatype: float64}
# - {name: aperture_bkg, unit: Jy, datatype: float64}
# - {name: aperture_bkg_err, unit: Jy, datatype: float64}
# - {name: net_aperture_sum, unit: Jy, datatype: float64}
# - {name: net_aperture_sum_err, unit: Jy, datatype: float64}
# meta: !!omap
# - {instrument: NIRCAM}
# - {detector: NRCA3}
# - {channel: SHORT}
# - {subarray: SUBGRISM64}
# - {filter: WLP4}
# - {pupil: CLEAR}
# - {target_name: UNKNOWN}
# - {xcenter: 1054.0}
# - {ycenter: 22.0}
# - ra_icrs: !numpy.ndarray
#     buffer: !!binary |
#       RjByVEdwN3haVUE9
#     dtype: float64
#     order: C
#     shape: !!python/tuple []
# - dec_icrs: !numpy.ndarray
#     buffer: !!binary |
#       Wkg2dmxQdXpPa0E9
#     dtype: float64
#     order: C
#     shape: !!python/tuple []
# - {apertures: Photometry measured in a circular aperture of r=3.0 pixels.  Background calculated as the mean in a circular annulus with
#     r_inner=4.0 pixels and r_outer=5.0 pixels.}
# - {number_of_integrations: 2198}
# - __serialized_columns__:
#     annulus_mean:
#       __class__: astropy.units.quantity.Quantity
#       unit: &id001 !astropy.units.Unit {unit: Jy}
#       value: !astropy.table.SerializedColumn {name: annulus_mean}
#     annulus_mean_err:
#       __class__: astropy.units.quantity.Quantity
#       unit: *id001
#       value: !astropy.table.SerializedColumn {name: annulus_mean_err}
#     annulus_sum:
#       __class__: astropy.units.quantity.Quantity
#       unit: *id001
#       value: !astropy.table.SerializedColumn {name: annulus_sum}
#     annulus_sum_err:
#       __class__: astropy.units.quantity.Quantity
#       unit: *id001
#       value: !astropy.table.SerializedColumn {name: annulus_sum_err}
#     aperture_bkg:
#       __class__: astropy.units.quantity.Quantity
#       unit: *id001
#       value: !astropy.table.SerializedColumn {name: aperture_bkg}
#     aperture_bkg_err:
#       __class__: astropy.units.quantity.Quantity
#       unit: *id001
#       value: !astropy.table.SerializedColumn {name: aperture_bkg_err}
#     aperture_sum:
#       __class__: astropy.units.quantity.Quantity
#       unit: *id001
#       value: !astropy.table.SerializedColumn {name: aperture_sum}
#     aperture_sum_err:
#       __class__: astropy.units.quantity.Quantity
#       unit: *id001
#       value: !astropy.table.SerializedColumn {name: aperture_sum_err}
#     net_aperture_sum:
#       __class__: astropy.units.quantity.Quantity
#       unit: *id001
#       value: !astropy.table.SerializedColumn {name: net_aperture_sum}
#     net_aperture_sum_err:
#       __class__: astropy.units.quantity.Quantity
#       unit: *id001
#       value: !astropy.table.SerializedColumn {name: net_aperture_sum_err}
# schema: astropy-2.0
MJD aperture_sum aperture_sum_err annulus_sum annulus_sum_err annulus_mean annulus_mean_err aperture_bkg aperture_bkg_err net_aperture_sum net_aperture_sum_err
[from data line 204]
59491.96153288055 0.015639990873913708 3.978348624154181e-05 0.008495330474083655 2.7418218927634492e-05 0.00030046085292213966 9.6972112735751e-07 0.008495330474083655 2.7418218927634492e-05 0.007144660399830053 4.83165034609774e-05
59491.96156836076 0.015613079436924113 3.977698664498382e-05 0.00850911328498567 2.7403715938023135e-05 0.0003009483201409744 9.692081890272306e-07 0.00850911328498567 2.7403715938023135e-05 0.007103966151938444 4.8302922414353815e-05
59491.96160384097 0.015593144123605535 3.976958249605965e-05 0.008513403096509518 2.7407582568698655e-05 0.00030110004118740846 9.693449431128128e-07 0.008513403096509518 2.740758256869866e-05 0.007079741027096017 4.829901939140099e-05
59491.96163932118 0.015645011019596287 3.979307187263624e-05 0.008494391788825781 2.7407763476374688e-05 0.00030042765372240675 9.693513414130092e-07 0.008494391788825781 2.740776347637469e-05 0.0071506192307705056 4.83184650815575e-05
59491.96167480139 0.01560386231690523 3.9766730648379966e-05 0.008500167054803718 2.7407340014228277e-05 0.00030063191197308655 9.693363645032728e-07 0.008500167054803718 2.740734001422828e-05 0.0071036952621015125 4.829653355176043e-05
59491.9617102816 0.01563454971820239 3.9779621754789974e-05 0.008499909528772566 2.7407582253893036e-05 0.00030062280385290146 9.693449319788415e-07 0.008499909528772566 2.7407582253893033e-05 0.007134640189429825 4.830728590966452e-05
59491.96174576181 0.01569450880946414 3.9818260223080006e-05 0.008548794847426787 2.743393648218618e-05 0.0003023517683214441 9.702770221353363e-07 0.008548794847426787 2.7433936482186184e-05 0.007145713962037354 4.835405585989185e-05
59491.96178124201 0.01567584176823769 3.9823290805421595e-05 0.008521210558094041 2.7414716594503614e-05 0.0003013761736550033 9.695972576619248e-07 0.008521210558094041 2.7414716594503614e-05 0.007154631210143651 4.834729751010007e-05
59491.96181672222 0.015670917717601405 3.982797497498513e-05 0.008561971895682668 2.7441749920207205e-05 0.00030281781106928496 9.705533659761337e-07 0.008561971895682668 2.7441749920207208e-05 0.007108945821918736 4.836648870128195e-05
59491.96185220243 0.015615902941435587 3.977342195447486e-05 0.008508166630398366 2.740686557653315e-05 0.00030091483908387 9.69319584702302e-07 0.008508166630398366 2.740686557653315e-05 0.00710773631103722 4.830177403262597e-05
59491.961887682635 0.015562614493620975 3.9730191294958106e-05 0.008523049737808968 2.742561725851868e-05 0.0003014412213311955 9.699827897865874e-07 0.008523049737808968 2.742561725851868e-05 0.007039564755812007 4.827683277043682e-05
59491.961923162846 0.01557939178763804 3.974833865776662e-05 0.00847347078811419 2.7389352691646624e-05 0.0002996877246829226 9.687001931028598e-07 0.00847347078811419 2.7389352691646624e-05 0.007105920999523849 4.827118257221294e-05
59491.961958643056 0.015581009172027895 3.975734489689701e-05 0.008476973355308354 2.7398046708700046e-05 0.0002998116026568032 9.690076810560547e-07 0.008476973355308354 2.7398046708700046e-05 0.007104035816719541 4.82835317339456e-05
59491.96199412327 0.015685372095439323 3.981534546572061e-05 0.008482487119285086 2.7396262774213718e-05 0.00030000661216612293 9.689445872801322e-07 0.008482487119285086 2.7396262774213718e-05 0.007202884976154237 4.8330290176538844e-05
59491.96202960347 0.015640914111024667 3.977834129881191e-05 0.008486937753613855 2.7407408858334508e-05 0.00030016402115574914 9.693387993654526e-07 0.008486937753613855 2.7407408858334508e-05 0.007153976357410812 4.830613311798697e-05
59491.96206508368 0.0155944196140557 3.976006178738823e-05 0.008485898600330702 2.7400957182231356e-05 0.00030012726862649493 9.691106180003316e-07 0.008485898600330702 2.7400957182231352e-05 0.007108521013724998 4.828742038915938e-05
59491.96210056389 0.015585524578232939 3.9748718425785895e-05 0.00848141486536428 2.738890811245605e-05 0.0002999686889412905 9.686844693304653e-07 0.00848141486536428 2.738890811245605e-05 0.007104109712868659 4.8271243034388213e-05
59491.962136044094 0.015696521794735786 3.982468960887945e-05 0.008517254709860093 2.7405209324981752e-05 0.000301236264143769 9.692610067864334e-07 0.008517254709860093 2.7405209324981752e-05 0.007179267084875693 4.834305948726929e-05
59491.962171524305 0.015576008510361124 3.97499093278482e-05 0.00853229109882514 2.7428540705144388e-05 0.0003017680676171112 9.7008618556022e-07 0.00853229109882514 2.7428540705144388e-05 0.007043717411535984 4.829472162447896e-05
59491.962207004515 0.01559887307533334 3.976031418419411e-05 0.008524244160338236 2.7421330663996944e-05 0.0003014834653866785 9.698311825183285e-07 0.008524244160338236 2.7421330663996944e-05 0.0070746289149951035 4.8299192119641986e-05
59491.962242484726 0.015628085715968975 3.9781639279059265e-05 0.00850730900211522 2.742223430047708e-05 0.00030088450668818155 9.698631421211223e-07 0.00850730900211522 2.742223430047708e-05 0.007120776713853754 4.831726148861763e-05
59491.96227796493 0.015599363601321463 3.976304360898623e-05 0.008509607928003777 2.7417874554984802e-05 0.00030096581455906277 9.697089476665181e-07 0.008509607928003777 2.7417874554984802e-05 0.007089755673317686 4.8299477038193947e-05
59491.96231344514 0.015601162750740107 3.9761990560442015e-05 0.008481459519287315 2.739670794843371e-05 0.0002999702682507526 9.689603320973877e-07 0.008481459519287315 2.7396707948433715e-05 0.0071197032314527925 4.828659751670696e-05
59491.96234892535 0.015613148758091125 3.9754716119571424e-05 0.008499875332677731 2.740316738273008e-05 0.00030062159441345096 9.691887878524642e-07 0.008499875332677731 2.740316738273008e-05 0.007113273425413394 4.828427317826824e-05
59491.96238440555 0.015622759753563198 3.977530421525944e-05 0.00849873535283897 2.740561558964991e-05 0.000300581275874259 9.69275375459798e-07 0.00849873535283897 2.740561558964991e-05 0.007124024400724228 4.830261474562322e-05
59491.962419885764 0.015623023074703172 3.977147452396881e-05 0.008479900768525783 2.738680705431135e-05 0.00029991513871992014 9.686101595994757e-07 0.008479900768525783 2.738680705431135e-05 0.007143122306177389 4.8288791519780006e-05
59491.962455365974 0.015639455912978963 3.981539518218439e-05 0.008518335597572313 2.7415748508967286e-05 0.0003012744927265084 9.696337541703117e-07 0.008518335597572313 2.7415748508967282e-05 0.00712112031540665 4.8341379374408146e-05
59491.96249084618 0.015652219242675715 3.981009680347921e-05 0.00851431078183334 2.7416760286717727e-05 0.0003011321439887547 9.696695384881547e-07 0.00851431078183334 2.7416760286717727e-05 0.007137908460842375 4.833758943225994e-05
59491.96252632639 0.01567745953970187 3.981678669979302e-05 0.008501429141608674 2.7411319154756882e-05 0.0003006765491627798 9.694770978109138e-07 0.008501429141608674 2.7411319154756882e-05 0.007176030398093197 4.8340013662604144e-05
59491.9625618066 0.015605732307596211 3.977624441995346e-05 0.00850504761110946 2.7404732777870897e-05 0.0003008045263422192 9.692441523801425e-07 0.00850504761110946 2.7404732777870894e-05 0.007100684696486751 4.8302888099806104e-05
59491.96259728681 0.01565309586124916 3.9799689049100366e-05 0.00849155869072242 2.7405956279742183e-05 0.00030032745337409247 9.692874249069642e-07 0.00849155869072242 2.7405956279742183e-05 0.007161537170526741 4.832288989715143e-05
59491.96263276701 0.015624350747621014 3.979890044318055e-05 0.008527770904562807 2.7428707091969627e-05 0.0003016081984480921 9.70092070290376e-07 0.008527770904562807 2.7428707091969627e-05 0.007096579843058207 4.833514714183936e-05
59491.96266824722 0.015593619713274942 3.975215548761314e-05 0.008485215335007765 2.7403442563521493e-05 0.0003001031030590308 9.691985203820634e-07 0.008485215335007765 2.740344256352149e-05 0.007108404378267177 4.8282321094201686e-05
59491.96270372743 0.01563358726786384 3.978356795421533e-05 0.008549485469646522 2.7426966658389708e-05 0.0003023761940859063 9.700305150442944e-07 0.008549485469646522 2.7426966658389708e-05 0.0070841017982173175 4.832153535689951e-05
59491.962739207636 0.015628591058548875 3.977945896125345e-05 0.00852864347448799 2.7428446773313328e-05 0.00030163905929626677 9.700828634012806e-07 0.00852864347448799 2.7428446773313324e-05 0.007099947584060885 4.831899261829172e-05
59491.96277468785 0.015657026784567173 3.979707990836995e-05 0.008509791298759513 2.740689995911314e-05 0.00030097229997288365 9.693208007373158e-07 0.008509791298759513 2.740689995911314e-05 0.00714723548580766 4.8321276210402586e-05
59491.96281016806 0.015633378300271516 3.9767883949623785e-05 0.008516099232791344 2.7417235786799426e-05 0.0003011953975021867 9.696863558633643e-07 0.008516099232791344 2.741723578679943e-05 0.007117279067480171 4.830309940386538e-05
59491.96284564826 0.015648647931789026 3.980282910602114e-05 0.008483914917919905 2.740188572204481e-05 0.0003000571102128943 9.691434583783693e-07 0.008483914917919905 2.740188572204481e-05 0.007164733013869121 4.832316779731154e-05
59491.96288112847 0.0156624712784012 3.9804742749198626e-05 0.008499185598687084 2.7407770559991662e-05 0.0003005972000636665 9.693515919447105e-07 0.008499185598687084 2.740777055999166e-05 0.007163285679714115 4.832808119922646e-05
59491.96291660868 0.015649629149607845 3.9811423854326334e-05 0.008505672234510953 2.7405719370855706e-05 0.00030082661787597887 9.692790459691098e-07 0.008505672234510953 2.7405719370855706e-05 0.007143956915096892 4.8332421039535347e-05
59491.96295208889 0.015633328640516277 3.981025972239758e-05 0.008492489733736923 2.7402194033356036e-05 0.00030036038228475675 9.69154362660412e-07 0.008492489733736923 2.7402194033356032e-05 0.007140838906779355 4.832946323937856e-05
59491.962987569095 0.015616283166266858 3.977634557426538e-05 0.008484974257882085 2.740241679647597e-05 0.0003000945766998711 9.69162241294118e-07 0.008484974257882085 2.7402416796475974e-05 0.007131308908384773 4.8301657461532e-05
59491.963023049306 0.01564609539123808 3.9787858574674556e-05 0.008495479541784302 2.7404088649365362e-05 0.0003004661251135648 9.692213709944442e-07 0.008495479541784302 2.740408864936536e-05 0.007150615849453777 4.8312087148668904e-05
59491.963058529516 0.015611763592954322 3.977565904950889e-05 0.008526425280288508 2.7419639435871436e-05 0.0003015606067248034 9.697713675592016e-07 0.008526425280288508 2.7419639435871433e-05 0.007085338312665813 4.831086502657528e-05
59491.96309400972 0.01563663624309389 3.9781775900539284e-05 0.008483991974504997 2.73918370540543e-05 0.0003000598355320977 9.68788059448996e-07 0.008483991974504997 2.7391837054054297e-05 0.007152644268588894 4.830012868509348e-05
59491.96312948993 0.01555694832145417 3.9725829039368476e-05 0.00849494070727825 2.740099693648107e-05 0.00030044706774131 9.691120240192985e-07 0.00849494070727825 2.740099693648107e-05 0.0070620076141759205 4.825925948435364e-05
59491.96316497014 0.015563404747779223 3.975242328021167e-05 0.008498265692286712 2.739898189169456e-05 0.00030056466503015515 9.690407563885596e-07 0.008498265692286712 2.7398981891694556e-05 0.007065139055492511 4.8280009997415295e-05
59491.963200450344 0.015645208981511463 3.981601646568518e-05 0.008504700740904628 2.7411505250029036e-05 0.0003007922583182836 9.694836795847915e-07 0.008504700740904628 2.741150525002904e-05 0.007140508240606835 4.8339484764197506e-05
59491.963235930554 0.015625566370490188 3.9775757369761034e-05 0.008510493034932176 2.741194130583958e-05 0.0003009971188130227 9.69499101904283e-07 0.008510493034932176 2.7411941305839582e-05 0.0071150733355580115 4.830657719703284e-05
59491.963271410765 0.015657762677298022 3.979362706923258e-05 0.008484479620023017 2.739180771480428e-05 0.00030007708246424647 9.687870217852923e-07 0.008484479620023017 2.739180771480428e-05 0.007173283057275005 4.830987357890695e-05
59491.963306890975 0.015594203687653753 3.975840189074119e-05 0.008474212321209932 2.7398196495628763e-05 0.00029971395105129003 9.690129786849693e-07 0.008474212321209932 2.7398196495628763e-05 0.007119991366443821 4.82844870752375e-05
59491.96334237118 0.015613387339977199 3.976368052244928e-05 0.00849273803407532 2.740139455226937e-05 0.00030036916411280726 9.691260868011116e-07 0.00849273803407532 2.740139455226937e-05 0.007120649305901878 4.829064828826125e-05
59491.96337785139 0.015658252175928988 3.9806391977282296e-05 0.008547068701132223 2.7426584649636915e-05 0.0003022907183847153 9.700170042484476e-07 0.008547068701132223 2.742658464963692e-05 0.0071111834747967645 4.8340111582336505e-05
59491.9634133316 0.015574829258108483 3.975296735911762e-05 0.008535715411545085 2.742682311317245e-05 0.0003018891779051271 9.700254381707648e-07 0.008535715411545085 2.7426823113172454e-05 0.007039113846563397 4.8296263208827265e-05
59491.9634488118 0.015647712670075167 3.979590290672877e-05 0.008490880683920536 2.7395954523248244e-05 0.00030030347378876584 9.68933685132384e-07 0.008490880683920536 2.7395954523248248e-05 0.007156831986154631 4.83140995197227e-05
59491.96348429201 0.015655098999748145 3.9782182723339395e-05 0.00857473806348415 2.7446707561102097e-05 0.0003032693218937175 9.707287066549107e-07 0.00857473806348415 2.7446707561102097e-05 0.007080360936263994 4.833160268579785e-05
59491.963519772224 0.015653359493189967 3.9800628851787875e-05 0.00852006482748778 2.7416131428675255e-05 0.00030133565172401705 9.696472971846074e-07 0.00852006482748778 2.741613142867525e-05 0.007133294665702186 4.8329435332022706e-05
59491.963555252434 0.015666174382327668 3.98247134800092e-05 0.008472922955188995 2.7379482366700182e-05 0.0002996683490566929 9.68351101768382e-07 0.008472922955188995 2.737948236670018e-05 0.007193251427138673 4.832849944321955e-05
59491.96359073264 0.015640891163394066 3.979191008271412e-05 0.008524815808909026 2.7426928115897987e-05 0.00030150368331906794 9.700291518824997e-07 0.008524815808909026 2.7426928115897987e-05 0.00711607535448504 4.832838186723657e-05
59491.96362621285 0.015664596863434244 3.981358901020859e-05 0.008523166699758762 2.7417849816104567e-05 0.00030144535801396517 9.697080727076122e-07 0.008523166699758762 2.7417849816104563e-05 0.007141430163675482 4.8341083546112896e-05
59491.96366169306 0.0155938302976033 3.974430324059248e-05 0.00849948804674353 2.7409241617065156e-05 0.0003006078969754914 9.69403619945781e-07 0.00849948804674353 2.7409241617065156e-05 0.007094342250859769 4.827914835726524e-05
59491.96369717326 0.01565802203805574 3.981072560163886e-05 0.008485402327975754 2.7397985630951132e-05 0.00030010971658240383 9.690055208725764e-07 0.008485402327975754 2.7397985630951132e-05 0.007172619710079986 4.8327461029551185e-05
59491.96373265347 0.01565091329039583 3.980755875211688e-05 0.008512554378350485 2.740956077713344e-05 0.0003010700239228969 9.694149079241154e-07 0.008512554378350485 2.740956077713344e-05 0.007138358912045346 4.833141582654712e-05
59491.96376813368 0.015629790744724058 3.977479624598991e-05 0.00849460641024902 2.740275519768069e-05 0.00030043524440249606 9.691742097884465e-07 0.00849460641024902 2.740275519768069e-05 0.007135184334475037 4.830057358700856e-05
59491.963803613886 0.015569916069177011 3.974552818086255e-05 0.008539990138892398 2.742608844904451e-05 0.00030204036545794825 9.699994547424373e-07 0.008539990138892398 2.7426088449044514e-05 0.007029925930284613 4.8289722902399764e-05
59491.963839094096 0.01564961009215455 3.979794294708371e-05 0.008541431447160769 2.7429903092576826e-05 0.0003020913413102661 9.701343701589487e-07 0.008541431447160769 2.7429903092576826e-05 0.00710817864499378 4.833503746235732e-05
59491.96387457431 0.01559397030316477 3.975522661369481e-05 0.008502714588263753 2.740215960610125e-05 0.0003007220125381658 9.691531450453507e-07 0.008502714588263753 2.7402159606101254e-05 0.007091255714901016 4.828412155341004e-05
