GJ3470b/Results/ROEBA_Results/506070_radii/GJ3470b_nrca3_level3_asn_phot.ecsv
# %ECSV 0.9
# ---
# datatype:
# - {name: MJD, datatype: float64}
# - {name: aperture_sum, unit: Jy, datatype: float64}
# - {name: aperture_sum_err, unit: Jy, datatype: float64}
# - {name: annulus_sum, unit: Jy, datatype: float64}
# - {name: annulus_sum_err, unit: Jy, datatype: float64}
# - {name: annulus_mean, unit: Jy, datatype: float64}
# - {name: annulus_mean_err, unit: Jy, datatype: float64}
# - {name: aperture_bkg, unit: Jy, datatype: float64}
# - {name: aperture_bkg_err, unit: Jy, datatype: float64}
# - {name: net_aperture_sum, unit: Jy, datatype: float64}
# - {name: net_aperture_sum_err, unit: Jy, datatype: float64}
# meta: !!omap
# - {instrument: NIRCAM}
# - {detector: NRCA3}
# - {channel: SHORT}
# - {subarray: SUBGRISM256}
# - {filter: F210M}
# - {pupil: WLP8}
# - {target_name: UNKNOWN}
# - {xcenter: 1055}
# - {ycenter: 166}
# - ra_icrs: !numpy.ndarray
#     buffer: !!binary |
#       WFgwQkNJUHhYVUE9
#     dtype: float64
#     order: C
#     shape: !!python/tuple []
# - dec_icrs: !numpy.ndarray
#     buffer: !!binary |
#       S2Yva3ZVM0lMa0E9
#     dtype: float64
#     order: C
#     shape: !!python/tuple []
# - {apertures: Photometry measured in a circular aperture of r=50.0 pixels.  Background calculated as the mean in a circular annulus
#     with r_inner=60.0 pixels and r_outer=70.0 pixels.}
# - {number_of_integrations: 1681}
# - __serialized_columns__:
#     annulus_mean:
#       __class__: astropy.units.quantity.Quantity
#       unit: &id001 !astropy.units.Unit {unit: Jy}
#       value: !astropy.table.SerializedColumn {name: annulus_mean}
#     annulus_mean_err:
#       __class__: astropy.units.quantity.Quantity
#       unit: *id001
#       value: !astropy.table.SerializedColumn {name: annulus_mean_err}
#     annulus_sum:
#       __class__: astropy.units.quantity.Quantity
#       unit: *id001
#       value: !astropy.table.SerializedColumn {name: annulus_sum}
#     annulus_sum_err:
#       __class__: astropy.units.quantity.Quantity
#       unit: *id001
#       value: !astropy.table.SerializedColumn {name: annulus_sum_err}
#     aperture_bkg:
#       __class__: astropy.units.quantity.Quantity
#       unit: *id001
#       value: !astropy.table.SerializedColumn {name: aperture_bkg}
#     aperture_bkg_err:
#       __class__: astropy.units.quantity.Quantity
#       unit: *id001
#       value: !astropy.table.SerializedColumn {name: aperture_bkg_err}
#     aperture_sum:
#       __class__: astropy.units.quantity.Quantity
#       unit: *id001
#       value: !astropy.table.SerializedColumn {name: aperture_sum}
#     aperture_sum_err:
#       __class__: astropy.units.quantity.Quantity
#       unit: *id001
#       value: !astropy.table.SerializedColumn {name: aperture_sum_err}
#     net_aperture_sum:
#       __class__: astropy.units.quantity.Quantity
#       unit: *id001
#       value: !astropy.table.SerializedColumn {name: net_aperture_sum}
#     net_aperture_sum_err:
#       __class__: astropy.units.quantity.Quantity
#       unit: *id001
#       value: !astropy.table.SerializedColumn {name: net_aperture_sum_err}
# schema: astropy-2.0
MJD aperture_sum aperture_sum_err annulus_sum annulus_sum_err annulus_mean annulus_mean_err aperture_bkg aperture_bkg_err net_aperture_sum net_aperture_sum_err
[from data line 276]
59906.97487520868 0.30701735126768265 5.258816772780804e-05 0.02601015714386777 1.3576390265672277e-05 6.368684738528508e-06 3.3242301848098975e-09 0.05001953296897648 2.6108442818600535e-05 0.25699781829870616 5.871257251543493e-05
59906.97501548889 0.3069549668433424 5.2581656720708796e-05 0.026027856395502615 1.3579336281677833e-05 6.3730184668157585e-06 3.324951527901762e-09 0.05005356999135119 2.6114108233995833e-05 0.2569013968519912 5.870926053316725e-05
59906.9751557691 0.30686321843618825 5.257719184221106e-05 0.02605602264683707 1.3594574436688328e-05 6.379915079320755e-06 3.3286826474302556e-09 0.05010773585930207 2.6143412378246788e-05 0.2567554825768862 5.871830304761653e-05
59906.975296049306 0.3069089359664728 5.2578628590172e-05 0.026060272718932964 1.3580698446234973e-05 6.380955725447768e-06 3.3252850590134135e-09 0.05011590907487109 2.6116727781221104e-05 0.2567930268916017 5.870771375570385e-05
59906.975436329514 0.30690268205597626 5.257927474163237e-05 0.026044157520390437 1.3577875848275545e-05 6.3770098585139975e-06 3.324593935294023e-09 0.05008491830844315 2.6111299708222207e-05 0.2568177637475331 5.870587794087288e-05
59906.97557660972 0.30685993605151163 5.258074110295975e-05 0.026044046789079393 1.357846817238971e-05 6.3769827455362935e-06 3.324738968079687e-09 0.05008470536361422 2.6112438793057136e-05 0.2567752306878974 5.8707697916522296e-05
59906.97571688993 0.3067704409872585 5.257301041772244e-05 0.0260521929250964 1.3577973752489119e-05 6.378977357558148e-06 3.324617907508699e-09 0.050100371009800776 2.6111487985556e-05 0.25667006997745767 5.8700351184654664e-05
59906.97585717014 0.3068211497229151 5.257451859413125e-05 0.026026678927771767 1.3576245585711935e-05 6.372730159416227e-06 3.324194759377813e-09 0.05005130563033033 2.6108164587907568e-05 0.25676984409258474 5.870022370957306e-05
59906.97599745035 0.306874726492012 5.257492352009417e-05 0.026038347323138367 1.3577309187978233e-05 6.375587209878604e-06 3.3244551863903747e-09 0.05007374485218917 2.611020997688122e-05 0.2568009816398228 5.870149613238642e-05
59906.976137730555 0.306994124487209 5.258377861022533e-05 0.026072362156284314 1.3579767218810294e-05 6.38391586962264e-06 3.3250570444783667e-09 0.050139157992854455 2.6114936959250567e-05 0.2568549664943545 5.871152957737366e-05
59906.97627801076 0.3068776589528981 5.2577227220309234e-05 0.026020971575098563 1.3582464554770159e-05 6.37133269266252e-06 3.325717497326354e-09 0.050040329952112626 2.6120124143788766e-05 0.2568373290007855 5.8707969709937706e-05
59906.97641829097 0.3068627012501782 5.2588356468871245e-05 0.026021916631237655 1.3576817911523442e-05 6.371564093210268e-06 3.3243348955039063e-09 0.050042147367764724 2.610926521446816e-05 0.2568205538824135 5.871310727713625e-05
59906.97655857118 0.3068761195028261 5.257823756591792e-05 0.026022243909502966 1.3575910936588185e-05 6.371644228523638e-06 3.3241128192820496e-09 0.05004277674904417 2.6107521031900356e-05 0.25683334275378195 5.870326839256245e-05
59906.97669885139 0.3069321005567872 5.258036368270911e-05 0.026012399398486638 1.3576910185926296e-05 6.369233762999683e-06 3.3243574892382676e-09 0.05002384499708969 2.6109442665242878e-05 0.25690825555969754 5.8706027299550434e-05
59906.976839131596 0.3068282606839615 5.257416616902376e-05 0.026020554431563883 1.357721547819437e-05 6.3712305535001775e-06 3.324432241197578e-09 0.050039527753007476 2.6110029765758406e-05 0.25678873293095406 5.8700737667740704e-05
59906.976979411804 0.30691331695086366 5.257973079339212e-05 0.026053880637983584 1.3579483569067144e-05 6.379390600402018e-06 3.3249875917726294e-09 0.0501036166115069 2.6114391478975275e-05 0.25680970033935674 5.870766161773746e-05
59906.97711969201 0.3068491600425383 5.258485440295977e-05 0.02604167859963664 1.357925636414011e-05 6.376402885450152e-06 3.3249319597922723e-09 0.050080151153147394 2.611395454642329e-05 0.2567690088893909 5.8712056126771263e-05
59906.97725997222 0.3068603274830418 5.258295280443845e-05 0.026017977594068594 1.3577053497078973e-05 6.370599605154147e-06 3.3243925795126503e-09 0.050034572296285766 2.6109718263613412e-05 0.25682575518675604 5.8708468839163816e-05
59906.97740025243 0.3068355841248018 5.257339687477036e-05 0.02601349949799639 1.3575936710086898e-05 6.369503126499483e-06 3.324119130020082e-09 0.05002596057306999 2.6107570596320958e-05 0.25680962355173176 5.8698954857765535e-05
59906.977540532636 0.3067844319022466 5.2571894007213476e-05 0.026022357047365323 1.3577485666046495e-05 6.371671930754477e-06 3.3244983977086995e-09 0.050042994321856396 2.6110549357781724e-05 0.2567414375803902 5.869893378308369e-05
59906.977680812844 0.30681065870158936 5.257975256459287e-05 0.026041731528829215 1.3579333854905608e-05 6.376415845361893e-06 3.3249509336974613e-09 0.050080252940056184 2.611410356712617e-05 0.25673040576153316 5.870755304786942e-05
59906.97782109305 0.3068366310494947 5.257878870917438e-05 0.026048590395675534 1.3578187555063522e-05 6.378095264688971e-06 3.324670257872641e-09 0.0500934430686068 2.611189914435293e-05 0.2567431879808879 5.870570925428686e-05
59906.97796137326 0.30698289154194147 5.258413925043139e-05 0.02604834642936821 1.3577346028508988e-05 6.378035528621651e-06 3.324464206932799e-09 0.05009297390263118 2.6110280824055747e-05 0.2568899176393103 5.870978168431401e-05
59906.97810165347 0.30700837221468275 5.2586282696153495e-05 0.02603581808450027 1.3578193650548243e-05 6.374967916291662e-06 3.3246717503749854e-09 0.05006888093173129 2.6111910866438933e-05 0.25693949128295146 5.8712426426580464e-05
59906.97824193368 0.30678211539350153 5.257972359120072e-05 0.026048470288817082 1.3578473459810221e-05 6.378065856073245e-06 3.3247402627244725e-09 0.05009321209387901 2.6112448961173505e-05 0.2566889032996225 5.87067911205932e-05
59906.97838221389 0.3069647814811292 5.258379851899796e-05 0.026046111322869415 1.3580302434632541e-05 6.377488254394543e-06 3.3251880940841076e-09 0.050088675620902724 2.6115966220447198e-05 0.25687610586022647 5.8712005231588806e-05
59906.9785224941 0.3068965661910022 5.258302438675448e-05 0.026031570154696468 1.3576940132593189e-05 6.3739277947129196e-06 3.324364821792214e-09 0.05006071183595475 2.6109500254986903e-05 0.25683585435504747 5.870843599707947e-05
59906.97866277431 0.3069185050628222 5.2580473234372e-05 0.02603885933992433 1.3577572453366176e-05 6.375712579113114e-06 3.3245196479101227e-09 0.05007472949985448 2.611071625647342e-05 0.2568437755629677 5.870669185856562e-05
59906.97880305452 0.3069544259469069 5.2582197969070864e-05 0.026045716063581133 1.3579071956244599e-05 6.377391473672184e-06 3.3248868068259402e-09 0.0500879155068868 2.6113599915855e-05 0.2568665104400201 5.870951919257985e-05
59906.978943334725 0.3068361328196291 5.257464654356191e-05 0.02601560136401093 1.357800112289258e-05 6.370017776293222e-06 3.3246246092548613e-09 0.05003000262309794 2.6111540620947272e-05 0.2568061301965312 5.870183994373469e-05
59906.97908361493 0.3069221265206228 5.258141422054557e-05 0.02601764023066198 1.357649220132047e-05 6.370517000456022e-06 3.324255144136493e-09 0.050033923520503815 2.6108638848693213e-05 0.25688820300011894 5.8706610734772315e-05
59906.97922389514 0.3069532857441448 5.2582259374188e-05 0.026051345476804575 1.3578448078271768e-05 6.378769856658673e-06 3.324734047959383e-09 0.05009874130154726 2.611240015052263e-05 0.2568545444425976 5.870904055182128e-05
59906.97936417535 0.3068538443582756 5.2582883621429037e-05 0.026025201217539925 1.3577158564334554e-05 6.3723683365118346e-06 3.3244183056250853e-09 0.05004846387988448 2.610992031602799e-05 0.25680538047839113 5.8708496734749404e-05
59906.97950445556 0.30694596803789487 5.258238954763332e-05 0.0260301897220534 1.3577878453533813e-05 6.373589790591766e-06 3.3245945732013013e-09 0.050058057157795 2.6111304718334256e-05 0.2568879108800999 5.870866992730088e-05
59906.979644735766 0.3069251878751449 5.257990738724828e-05 0.026038252414880732 1.3579863587342431e-05 6.375563971234999e-06 3.3250806406756715e-09 0.05007356233630911 2.611512228335083e-05 0.2568516255388358 5.870814485849449e-05
59906.979785015974 0.3069231932098341 5.258036287566258e-05 0.026030327296466427 1.3577132458011321e-05 6.373623476203884e-06 3.3244119133937187e-09 0.050058321723973905 2.6109870111560236e-05 0.2568648714858602 5.8706216684256716e-05
59906.97992529618 0.306815907443163 5.2573051288833674e-05 0.026044045583595292 1.3578266432212287e-05 6.37698245036898e-06 3.3246895712389838e-09 0.050084703045375566 2.6112050831177477e-05 0.25673120439778746 5.8700638160315875e-05
59906.98006557639 0.30692688898356724 5.2589778891365346e-05 0.02604204711222266 1.3578089162629436e-05 6.376493117141931e-06 3.3246461661153367e-09 0.05008085983119743 2.6111709928133534e-05 0.2568460291523698 5.871546848330245e-05
59906.9802058566 0.3069860561356632 5.2586775082068664e-05 0.026022706926425457 1.3577391146467826e-05 6.371757599957407e-06 3.324475254234601e-09 0.05004366716620281 2.6110367589361204e-05 0.2569423889694604 5.871218109714237e-05
59906.98034613681 0.3069501387067021 5.2582405729630325e-05 0.02604238024639941 1.3577070412204066e-05 6.376574686297228e-06 3.3243967212446066e-09 0.05008150047384503 2.610975079270013e-05 0.2568686382328571 5.8707993312430334e-05
59906.980486417015 0.30682575104344045 5.258328869164417e-05 0.026007471717444774 1.3575379592163288e-05 6.368027201775386e-06 3.323982717602501e-09 0.050014368687393805 2.6106499215698633e-05 0.25681138235604667 5.8707338135262675e-05
59906.98062669722 0.306823547237446 5.257496729799221e-05 0.02602504210477937 1.357870248361126e-05 6.372329377154371e-06 3.3247963400629664e-09 0.05004815789380648 2.6112889391560118e-05 0.2567753893436395 5.870272718333283e-05
59906.98076697743 0.30688527512850894 5.258297301751999e-05 0.026023247628941606 1.3577311623610084e-05 6.371889993000772e-06 3.3244557827639878e-09 0.05004470697873386 2.6110214660788625e-05 0.2568405681497751 5.8708707710131865e-05
59906.98090725764 0.3068707586857733 5.25775841366883e-05 0.026025158999354977 1.357641198594018e-05 6.372357999230568e-06 3.3242355030991313e-09 0.05004838269106727 2.6108484588346502e-05 0.25682237599470603 5.870311168200936e-05
59906.98104753785 0.30688687830855893 5.257810776924358e-05 0.02602658801799478 1.3577226924034844e-05 6.372707899815638e-06 3.3244350437546385e-09 0.050051130803836115 2.6110051776990087e-05 0.2568357475047228 5.870427770095886e-05
59906.981187818055 0.30688728425699796 5.2580555359147566e-05 0.02603634382593894 1.3576749770535204e-05 6.375096646058973e-06 3.3243182109268208e-09 0.050069891972959496 2.6109134174106162e-05 0.25681739228403844 5.8706061775576974e-05
59906.98132809826 0.30689060950234737 5.25786381451075e-05 0.02600864041679509 1.357564550727928e-05 6.368313362203988e-06 3.3240478279181208e-09 0.05001661618614441 2.6107010590921694e-05 0.256873993316203 5.870340016718496e-05
59906.98146837847 0.30689487699497997 5.257823079130204e-05 0.02601237394883569 1.3576386468847728e-05 6.369227531556993e-06 3.3242292551431356e-09 0.050023796055453255 2.6108435517014862e-05 0.2568710809395267 5.870366903601125e-05
59906.98160865868 0.3069419756396503 5.2579114887421624e-05 0.02600761522881946 1.3576753559960495e-05 6.36806234107488e-06 3.3243191387818465e-09 0.05001464467080666 2.6109141461462492e-05 0.2569273309688437 5.870477485008644e-05
59906.98174893889 0.3068712594540453 5.257675964135367e-05 0.02603843088289243 1.3577287647355307e-05 6.375607669798454e-06 3.3244499120878885e-09 0.05007390554402391 2.611016855260636e-05 0.2567973539100214 5.8703122201721016e-05
59906.981889219096 0.3068060642935231 5.257566786394508e-05 0.026058647213999336 1.3576797054826378e-05 6.380557714455141e-06 3.324329788663238e-09 0.050112783103844885 2.6109225105435347e-05 0.2566932811896782 5.87017247357023e-05
59906.982029499304 0.3068737408653838 5.258193299319449e-05 0.02603783451682288 1.357539571555935e-05 6.3754616473248216e-06 3.3239866654766282e-09 0.05007275868619785 2.6106530222229523e-05 0.25680098217918595 5.870613764799196e-05
59906.98216977951 0.30696410917509603 5.258322598069397e-05 0.026022208749841593 1.3576350696166827e-05 6.3716356195484e-06 3.3242204960677617e-09 0.05004270913431076 2.6108366723397744e-05 0.2569214000407853 5.870811245049658e-05
59906.98231005972 0.3068621171449611 5.258187351886806e-05 0.02605612470983007 1.3583245920135887e-05 6.379940069828204e-06 3.3259088175729953e-09 0.050107932134288595 2.6121626769492094e-05 0.2567541850106725 5.871279935277217e-05
59906.98245033993 0.30690412846505244 5.2578837172141835e-05 0.026024197660499675 1.3576571262502795e-05 6.372122611798557e-06 3.324274502564145e-09 0.050046533962499376 2.6108790889428453e-05 0.2568575945025531 5.8704370195774235e-05
59906.98259062014 0.3069145244656486 5.2584991445811425e-05 0.02607018400214326 1.3578640707128305e-05 6.3833825403943865e-06 3.3247812138589216e-09 0.05013496923489089 2.6112770590631358e-05 0.2567795552307577 5.871165227852988e-05
59906.982730900345 0.3069128546482766 5.258089355897866e-05 0.026040267430914976 1.3575674572908318e-05 6.376057355484629e-06 3.324054944746637e-09 0.05007743736714419 2.610706648636215e-05 0.2568354172811324 5.8705445130617805e-05
59906.98287118055 0.30680526554771614 5.257165231679246e-05 0.026066798657734574 1.358371560000057e-05 6.382553626091754e-06 3.326023820453203e-09 0.050128458957181876 2.61225300000011e-05 0.25667680659053427 5.870404756844853e-05
59906.98301146076 0.30692557499898243 5.2584273794509434e-05 0.0260600485586017 1.3582298282230228e-05 6.380900838948127e-06 3.32567678487e-09 0.05011547799731096 2.6119804388904286e-05 0.25681009700167146 5.8714138261670464e-05
59906.98315174097 0.30696011807498547 5.258101520597682e-05 0.026002027681315897 1.357537283997656e-05 6.36669420906726e-06 3.3239810643042017e-09 0.05000389938714596 2.6106486230724155e-05 0.2569562186878395 5.870529604223247e-05
59906.98329202118 0.3068486891148544 5.257671847825052e-05 0.02603794626072318 1.357558578827528e-05 6.37548900823881e-06 3.3240332054955315e-09 0.050072973578313806 2.610689574668323e-05 0.2567757155365406 5.870162971732043e-05
59906.983432301386 0.3069807376529679 5.2584280327694986e-05 0.02602130633038425 1.3574892398414064e-05 6.371414658752433e-06 3.3238634263818354e-09 0.050040973712277406 2.6105562304642432e-05 0.2569397639406905 5.870780970895761e-05
59906.983572581594 0.30678814600414067 5.257760509679179e-05 0.026021414973185233 1.3575439903379948e-05 6.3714412603505995e-06 3.3239974850305858e-09 0.05004118264074084 2.6106615198807594e-05 0.25674696336339986 5.870229905934518e-05
59906.98371286181 0.30694409533635614 5.258150335394589e-05 0.026056525783753372 1.3578016133481847e-05 6.380038274285803e-06 3.324628284654062e-09 0.05010870343029495 2.611156948746509e-05 0.2568353919060612 5.870799397066588e-05
59906.98385314202 0.3068646814828299 5.257634686491241e-05 0.026034217877055427 1.3576102885823232e-05 6.374576099484248e-06 3.324159818773712e-09 0.05006580360972198 2.610789016504468e-05 0.25679887787310796 5.8701739143994884e-05
59906.983993422225 0.30683905982990667 5.257436323506569e-05 0.02602573891923126 1.3575484236301462e-05 6.372499994791965e-06 3.3240083401130487e-09 0.05004949792159858 2.610670045442589e-05 0.2567895619083081 5.869943337196491e-05
59906.98413370243 0.3068511303570659 5.25788659631649e-05 0.026029868704995393 1.3577412441012342e-05 6.373511188358538e-06 3.324480468283863e-09 0.050057439817298835 2.611040854040835e-05 0.2567936905397671 5.8705115451036204e-05
59906.98427398264 0.30694177964246333 5.257988840059844e-05 0.026046965465433607 1.3577508479510393e-05 6.377697394411768e-06 3.324503983671082e-09 0.05009031820275694 2.6110593229827684e-05 0.2568514614397064 5.870611333611611e-05
