GJ3470b/Results/ROEBA_Results/506070_radii/GJ3470b_nrca3_level3_asn_phot.ecsv
# %ECSV 0.9
# ---
# datatype:
# - {name: MJD, datatype: float64}
# - {name: aperture_sum, unit: Jy, datatype: float64}
# - {name: aperture_sum_err, unit: Jy, datatype: float64}
# - {name: annulus_sum, unit: Jy, datatype: float64}
# - {name: annulus_sum_err, unit: Jy, datatype: float64}
# - {name: annulus_mean, unit: Jy, datatype: float64}
# - {name: annulus_mean_err, unit: Jy, datatype: float64}
# - {name: aperture_bkg, unit: Jy, datatype: float64}
# - {name: aperture_bkg_err, unit: Jy, datatype: float64}
# - {name: net_aperture_sum, unit: Jy, datatype: float64}
# - {name: net_aperture_sum_err, unit: Jy, datatype: float64}
# meta: !!omap
# - {instrument: NIRCAM}
# - {detector: NRCA3}
# - {channel: SHORT}
# - {subarray: SUBGRISM256}
# - {filter: F210M}
# - {pupil: WLP8}
# - {target_name: UNKNOWN}
# - {xcenter: 1055}
# - {ycenter: 166}
# - ra_icrs: !numpy.ndarray
#     buffer: !!binary |
#       WFgwQkNJUHhYVUE9
#     dtype: float64
#     order: C
#     shape: !!python/tuple []
# - dec_icrs: !numpy.ndarray
#     buffer: !!binary |
#       S2Yva3ZVM0lMa0E9
#     dtype: float64
#     order: C
#     shape: !!python/tuple []
# - {apertures: Photometry measured in a circular aperture of r=50.0 pixels.  Background calculated as the mean in a circular annulus
#     with r_inner=60.0 pixels and r_outer=70.0 pixels.}
# - {number_of_integrations: 1681}
# - __serialized_columns__:
#     annulus_mean:
#       __class__: astropy.units.quantity.Quantity
#       unit: &id001 !astropy.units.Unit {unit: Jy}
#       value: !astropy.table.SerializedColumn {name: annulus_mean}
#     annulus_mean_err:
#       __class__: astropy.units.quantity.Quantity
#       unit: *id001
#       value: !astropy.table.SerializedColumn {name: annulus_mean_err}
#     annulus_sum:
#       __class__: astropy.units.quantity.Quantity
#       unit: *id001
#       value: !astropy.table.SerializedColumn {name: annulus_sum}
#     annulus_sum_err:
#       __class__: astropy.units.quantity.Quantity
#       unit: *id001
#       value: !astropy.table.SerializedColumn {name: annulus_sum_err}
#     aperture_bkg:
#       __class__: astropy.units.quantity.Quantity
#       unit: *id001
#       value: !astropy.table.SerializedColumn {name: aperture_bkg}
#     aperture_bkg_err:
#       __class__: astropy.units.quantity.Quantity
#       unit: *id001
#       value: !astropy.table.SerializedColumn {name: aperture_bkg_err}
#     aperture_sum:
#       __class__: astropy.units.quantity.Quantity
#       unit: *id001
#       value: !astropy.table.SerializedColumn {name: aperture_sum}
#     aperture_sum_err:
#       __class__: astropy.units.quantity.Quantity
#       unit: *id001
#       value: !astropy.table.SerializedColumn {name: aperture_sum_err}
#     net_aperture_sum:
#       __class__: astropy.units.quantity.Quantity
#       unit: *id001
#       value: !astropy.table.SerializedColumn {name: net_aperture_sum}
#     net_aperture_sum_err:
#       __class__: astropy.units.quantity.Quantity
#       unit: *id001
#       value: !astropy.table.SerializedColumn {name: net_aperture_sum_err}
# schema: astropy-2.0
MJD aperture_sum aperture_sum_err annulus_sum annulus_sum_err annulus_mean annulus_mean_err aperture_bkg aperture_bkg_err net_aperture_sum net_aperture_sum_err
[from data line 620]
59907.02313160035 0.3068652634417002 5.2575924204087084e-05 0.02602622475446488 1.3589533516568836e-05 6.372618953374978e-06 3.327448359192181e-09 0.05005043222012477 2.6133718301093917e-05 0.2568148312215754 5.871285241030997e-05
59907.02327188056 0.30695117444747244 5.2581717945566e-05 0.026047992214814963 1.3576676927687573e-05 6.377948797856937e-06 3.324300375081791e-09 0.050092292720798015 2.6108994091706872e-05 0.2568588817266744 5.870704075822458e-05
59907.023412160765 0.30691936834915645 5.258202132090111e-05 0.026020595003462536 1.3576801397527763e-05 6.3712404876820564e-06 3.3243308519899944e-09 0.0500396057758895 2.610923345678416e-05 0.25687976257326695 5.8707418934003196e-05
59907.02355244097 0.30694735301157683 5.2581210486044796e-05 0.02602642696104632 1.3575125413607955e-05 6.372668464416458e-06 3.3239204810278715e-09 0.050050821078935236 2.6106010410784533e-05 0.2568965319326416 5.870525935336405e-05
59907.02369272118 0.3068931250201945 5.257877990450647e-05 0.026009895062462637 1.3575944893924078e-05 6.368620566911401e-06 3.3241211338633753e-09 0.050019028966274304 2.6107586334469383e-05 0.2568740960539202 5.8703783186931876e-05
59907.02383300139 0.30695146489561487 5.258323815850963e-05 0.026033673010526844 1.3576542359253533e-05 6.374442686866787e-06 3.324267425494927e-09 0.0500647557894747 2.6108735306256795e-05 0.25688670910614014 5.870828727297981e-05
59907.0239732816 0.3069136318331236 5.2578366667055785e-05 0.02605969072153884 1.357968141513906e-05 6.380813221198319e-06 3.325036035126963e-09 0.050114789849113155 2.61147719521905e-05 0.25679884198401043 5.870660912955438e-05
59907.024113561805 0.30697307022124076 5.2583361313632253e-05 0.026023483501468568 1.3581300695398825e-05 6.3719477472755504e-06 3.325432521984798e-09 0.050045160579747255 2.611788595269005e-05 0.2569279096414935 5.871246761700381e-05
59907.02425384201 0.3067893686330536 5.2569888723612475e-05 0.026047670168817334 1.3576656498733482e-05 6.3778699436839735e-06 3.324295372975598e-09 0.0500916734015718 2.61089548052567e-05 0.25669769523148184 5.869642852368392e-05
59907.02439412222 0.30685653775995847 5.2584327320165855e-05 0.026027209634726337 1.357617877674568e-05 6.37286010500877e-06 3.324178400951317e-09 0.05005232622062757 2.610803610912631e-05 0.2568042115393309 5.8708951865876336e-05
59907.02453440243 0.3069056631578667 5.258135242404554e-05 0.026009995030280446 1.3575070127174619e-05 6.368645044407331e-06 3.3239069439368693e-09 0.05001922121207778 2.610590409072042e-05 0.2568864419457889 5.870533920467178e-05
59907.02467468264 0.30693315127219234 5.2581100136346125e-05 0.026057213600223665 1.357680672058324e-05 6.380206688733783e-06 3.3243321553601354e-09 0.05011002615427628 2.610924369342931e-05 0.25682312511791605 5.870659841782129e-05
59907.024814962846 0.30694346418840374 5.2583911980500417e-05 0.026039232487272718 1.3576338204676838e-05 6.37580394564388e-06 3.3242174374794873e-09 0.050075447090909074 2.6108342701301613e-05 0.2568680170974947 5.870871619939942e-05
59907.024955243054 0.30682174539933843 5.257420169612936e-05 0.025994672701774073 1.3574388384049796e-05 6.364893314681997e-06 3.3237400165703545e-09 0.049989755195719375 2.6104593046249607e-05 0.2568319902036191 5.869835144274151e-05
59907.02509552326 0.30683222412454414 5.257436925672829e-05 0.02602756545298783 1.3576572190859172e-05 6.372947228447476e-06 3.3242747298756933e-09 0.05005301048651506 2.610879267472918e-05 0.2567792136380291 5.870036931463727e-05
59907.02523580347 0.30692697071937125 5.257846559436795e-05 0.02604592896369018 1.357861585724442e-05 6.377443603064092e-06 3.3247751292714518e-09 0.05008832493017343 2.611272280239312e-05 0.2568386457891978 5.870578622599953e-05
59907.02537608368 0.306950720387725 5.258433211459051e-05 0.026049636537686167 1.3576944065966459e-05 6.378351416492307e-06 3.3243657848934433e-09 0.05009545488016571 2.6109507819166272e-05 0.25685526550755927 5.870961064848463e-05
59907.02551636389 0.30683154754722297 5.257620219402334e-05 0.026053242441277158 1.3577197693577751e-05 6.379234335539721e-06 3.3244278865673537e-09 0.05010238931014838 2.61099955645726e-05 0.2567291582370746 5.870254598847332e-05
59907.025656644095 0.30690148138159673 5.258051093202615e-05 0.02603896909937833 1.3577077516402216e-05 6.375739454127969e-06 3.3243984607342253e-09 0.05007494057572756 2.6109764454619646e-05 0.2568265408058692 5.8706302300082234e-05
59907.0257969243 0.30691131842169084 5.257955238148274e-05 0.026041927019887105 1.3576979991412295e-05 6.376463712082191e-06 3.3243745813738857e-09 0.050080628884398286 2.6109576906562107e-05 0.25683068953729254 5.870536035897206e-05
59907.02593720451 0.3069523456801916 5.2513297759056307e-05 0.026028722419614216 1.3553923930134552e-05 6.373230516074525e-06 3.318729218111451e-09 0.05005523542233503 2.6065238327181834e-05 0.25689711025785655 5.862630033171202e-05
59907.02607748472 0.3068686923957772 5.251351109334743e-05 0.02607168937002116 1.3555875365842947e-05 6.383751135377371e-06 3.3192070344793236e-09 0.05013786417311763 2.6068991088159517e-05 0.2567308282226596 5.862815998908429e-05
59907.02621776493 0.30689518205569705 5.250740500508409e-05 0.026023438282557362 1.355224003869314e-05 6.3719366752551815e-06 3.3183169109629423e-09 0.050045073620302624 2.6062000074409888e-05 0.2568501084353944 5.861958229334691e-05
59907.026358045136 0.3068994818997171 5.250882459402057e-05 0.026033881124926342 1.3553322081737366e-05 6.374493644459724e-06 3.318581853269291e-09 0.05006515600947374 2.6064080926418012e-05 0.25683432589024335 5.862177901415554e-05
59907.026498325344 0.3069604599792949 5.2514665129298046e-05 0.02604116027361128 1.3553759640301694e-05 6.37627597137466e-06 3.3186889911283754e-09 0.05007915437232938 2.6064922385195567e-05 0.2568813056069655 5.8627384664409015e-05
59907.02663860556 0.3068883208041709 5.250912989197342e-05 0.026034744306854297 1.355361818584464e-05 6.374704997799142e-06 3.318654355472895e-09 0.050066815974719805 2.6064650357393542e-05 0.2568215048294511 5.8622305654633814e-05
59907.02677888577 0.30688243165434037 5.251167281862514e-05 0.026043265301001654 1.3553869089084137e-05 6.376791395243155e-06 3.318715790074131e-09 0.05008320250192626 2.606513286362334e-05 0.2567992291524141 5.862479793917137e-05
59907.026919165975 0.3069030281158457 5.25063725596747e-05 0.026040715132939228 1.3554217189129445e-05 6.376166977008001e-06 3.3188010236785948e-09 0.05007829833257544 2.6065802286787398e-05 0.25682472978327026 5.862034807325227e-05
59907.02705944618 0.3068749162443399 5.2512902574691033e-05 0.02603466042576812 1.3553535137266625e-05 6.374684459199916e-06 3.318634020716421e-09 0.050066654664938696 2.6064490648589665e-05 0.2568082615794012 5.8625613937846404e-05
59907.02719972639 0.306973507536155 5.251212736675317e-05 0.026035383628315582 1.3553343517855136e-05 6.374861538061893e-06 3.3185871019832968e-09 0.05006804543906843 2.606412214972142e-05 0.25690546209708653 5.8624755726720996e-05
59907.0273400066 0.3068427237108392 5.251511314758909e-05 0.02601937708156156 1.3553413248993328e-05 6.370942274926917e-06 3.3186041759145745e-09 0.05003726361838762 2.6064256248064092e-05 0.2568054600924516 5.862748982063647e-05
59907.02748028681 0.3068748254316706 5.2506503404878304e-05 0.026015988412204767 1.355306334867756e-05 6.370112546498244e-06 3.3185185015071224e-09 0.05003074694654763 2.6063583362841463e-05 0.256844078485123 5.861947865273354e-05
59907.027620567016 0.3068550940321132 5.250510184468307e-05 0.02604474644453731 1.3553695695576553e-05 6.377154058804891e-06 3.318673334022082e-09 0.050086050854879445 2.6064799414570297e-05 0.25676904317723376 5.861876396037642e-05
59907.027760847224 0.3068203825881267 5.2506217679820026e-05 0.026024516585524002 1.3553833103418726e-05 6.372200701789476e-06 3.3187069788486996e-09 0.050047147279853856 2.606506366042063e-05 0.25677323530827284 5.86198809164811e-05
59907.02790112743 0.30693377668675204 5.251660163120346e-05 0.02607564504528212 1.3557230519905494e-05 6.384719697332829e-06 3.319538849045024e-09 0.05014547124092716 2.6071597153664412e-05 0.25678830544582487 5.863208699196613e-05
59907.02804140764 0.3068837762554262 5.251496934788726e-05 0.0260674160574087 1.3558117597442061e-05 6.382704798722524e-06 3.3197560533140248e-09 0.0501296462642475 2.6073303072003965e-05 0.2567541299911787 5.8631383564556197e-05
59907.02818168785 0.3069159045960609 5.250937190091445e-05 0.026049965424351382 1.3554855792160615e-05 6.378431945628439e-06 3.318957388031032e-09 0.05009608735452189 2.6067030369539646e-05 0.256819817241539 5.862358066269107e-05
59907.02832196806 0.30693346048039505 5.251301884552291e-05 0.02601371221709717 1.3553307847999209e-05 6.369555211570835e-06 3.318578368085004e-09 0.05002636964826379 2.6064053553844634e-05 0.25690709083213126 5.862552375823968e-05
59907.028462248265 0.30693417851112265 5.2512223622661426e-05 0.026013029156881824 1.3558016360350445e-05 6.369387961709755e-06 3.3197312650316324e-09 0.05002505607092659 2.607310838528932e-05 0.25690912244019604 5.8628837705240626e-05
59907.02860252847 0.30687406113852145 5.2512542705392597e-05 0.026011192564444577 1.3552266573127448e-05 6.368938265148474e-06 3.3183234080189147e-09 0.05002152416239342 2.606205110216817e-05 0.25685253697612803 5.8624207022677125e-05
59907.02874280868 0.30684468280183014 5.25071092894116e-05 0.02604272339658779 1.355400230562219e-05 6.376658707910618e-06 3.3187484086441816e-09 0.05008216037805345 2.6065389049273444e-05 0.2567625224237767 5.8620824219898154e-05
59907.02888308889 0.3068998956565122 5.250880265082402e-05 0.026047720936958098 1.355980702508122e-05 6.377882374454057e-06 3.3201697160213602e-09 0.05009177103261173 2.6076551971310038e-05 0.25680812462390046 5.862730523003438e-05
59907.0290233691 0.30697185653056425 5.2512430601423585e-05 0.026023854973240848 1.3552113143394905e-05 6.3720387035352075e-06 3.31828584017222e-09 0.0500458749485401 2.6061756044990204e-05 0.2569259815820242 5.862397543512305e-05
59907.029163649306 0.30691942844454706 5.250691580373943e-05 0.02604597804171988 1.3553217255703957e-05 6.377455620004128e-06 3.3185561862210113e-09 0.05008841931099977 2.6063879337892226e-05 0.2568310091335473 5.86199796431318e-05
59907.029303929514 0.3069026769200265 5.2509067765555755e-05 0.02602925060925138 1.3553508607906536e-05 6.3733598452924396e-06 3.31862752490289e-09 0.05005625117163727 2.6064439630589494e-05 0.25684642574838923 5.86221563136701e-05
59907.02944420972 0.306959144374113 5.2513093975912904e-05 0.026037256022176665 1.3555315729123593e-05 6.375320000736364e-06 3.3190700053251375e-09 0.05007164619649359 2.6067914863699218e-05 0.2568874981776194 5.8627307837424456e-05
59907.02958448993 0.30698320334428186 5.251289647032018e-05 0.02600776223557504 1.3551243253651569e-05 6.368098336231524e-06 3.318072844398994e-09 0.05001492737610585 2.6060083180099172e-05 0.256968275968176 5.862364907659923e-05
59907.02972477014 0.30681071504861085 5.250100658850081e-05 0.0260289005928166 1.3554832775552725e-05 6.37327414245281e-06 3.3189517523280797e-09 0.05005557806310885 2.6066986106832164e-05 0.256755136985502 5.861606825350526e-05
59907.02986505035 0.30698173116457467 5.251873237131615e-05 0.026015788567881577 1.3556040290383233e-05 6.370063613864575e-06 3.3192474168728985e-09 0.050030362630541496 2.606930825073699e-05 0.25695136853403316 5.8632977773279386e-05
59907.030005330555 0.306902711474917 5.2510258612964584e-05 0.026066728414830785 1.3555040901803274e-05 6.382536426852746e-06 3.3190027128227907e-09 0.05012832387467459 2.6067386349621684e-05 0.2567743876002424 5.862453318109121e-05
59907.03014561076 0.30693543274776613 5.251919538177577e-05 0.026076309505546236 1.3554881925250935e-05 6.38488239292594e-06 3.318963786816421e-09 0.05014674904912738 2.606708062548257e-05 0.2567886836986388 5.863240209887828e-05
59907.03028589097 0.3068759731508529 5.250659986728177e-05 0.02602116732976486 1.3554368071526907e-05 6.371380623928327e-06 3.3188379678007203e-09 0.05004070640339396 2.6066092445244054e-05 0.25683526674745893 5.862068069364977e-05
59907.03042617118 0.30672756301579884 5.249937354101636e-05 0.026022348644343486 1.355295597689407e-05 6.371669873242997e-06 3.318492211122367e-09 0.05004297816219902 2.606337687864244e-05 0.2566845848535998 5.8613000575958595e-05
59907.03056645139 0.30698724040105724 5.252442028869549e-05 0.02604818639329259 1.3553888512015856e-05 6.377996343187023e-06 3.3187205458519656e-09 0.05009266614094729 2.606517021541511e-05 0.25689457426011 5.863623303915497e-05
59907.030706731595 0.306869611219279 5.250728847254955e-05 0.02603913868215454 1.3554262069177646e-05 6.375780977108119e-06 3.318812012727083e-09 0.05007526669645105 2.60658885945724e-05 0.25679434452282796 5.8621206836469976e-05
59907.0308470118 0.30691187710007867 5.251015666079796e-05 0.02605639124801193 1.3554157287267433e-05 6.380005332703844e-06 3.3187863564825338e-09 0.05010844470771525 2.6065687090898912e-05 0.2568034323923634 5.8623686305640984e-05
59907.03098729201 0.30691435576053455 5.250949462024228e-05 0.02603642184449885 1.3554277936614576e-05 6.375115749196609e-06 3.318815897928655e-09 0.050070042008651644 2.606591910887419e-05 0.2568443137518829 5.862319646917614e-05
59907.03112757222 0.3069533213829392 5.2516955611727685e-05 0.0260415257489005 1.3554237201145555e-05 6.376365459372903e-06 3.3188059236959564e-09 0.050079857209424046 2.606584077143376e-05 0.25687346417351514 5.862984463433205e-05
59907.03126785243 0.3069302342524888 5.2510432661010043e-05 0.02604682021314506 1.3554248285816336e-05 6.377661828842971e-06 3.31880863781926e-09 0.05009003887143281 2.606586208810834e-05 0.25684019538105596 5.8624011331900126e-05
59907.031408132636 0.3068822958707148 5.252071134402123e-05 0.02603254735811035 1.3554253054022885e-05 6.374167066641728e-06 3.3188098053325555e-09 0.050062591073289135 2.6065871257736318e-05 0.25681970479742566 5.863322236161752e-05
59907.031548412844 0.30679778763860743 5.2503292899655134e-05 0.026041927091198312 1.3554669936525996e-05 6.376463729543008e-06 3.3189118805803377e-09 0.05008062902153522 2.6066672954857686e-05 0.2567171586170722 5.8617976800999256e-05
59907.03168869305 0.30693946416476936 5.251179594863758e-05 0.026069170947418285 1.355530751207383e-05 6.383134490137306e-06 3.3190679933496184e-09 0.050133021052727475 2.6067899061680443e-05 0.25680644311204187 5.862613815732118e-05
59907.03182897326 0.3068252108823311 5.250482986884429e-05 0.026063548026975313 1.356422393190964e-05 6.381757696932519e-06 3.3212512122596983e-09 0.0501222077441833 2.608504602290316e-05 0.2567030031381478 5.862752583533829e-05
59907.031969253476 0.3068977467336551 5.250732217686516e-05 0.026059776494124855 1.3562588536716383e-05 6.38083422293839e-06 3.3208507795998277e-09 0.05011495479639396 2.608190103214689e-05 0.25678279193726117 5.862835869812339e-05
59907.032109533684 0.30685937036987876 5.2511172361095326e-05 0.026025704513054054 1.3555437600384475e-05 6.372491570310157e-06 3.3190998459614302e-09 0.05004943175587319 2.606814923150861e-05 0.2568099386140056 5.8625690845335584e-05
59907.03224981389 0.30688709365831823 5.2516773907586057e-05 0.026047251596497532 1.3553606080150072e-05 6.3777674546782236e-06 3.3186513913480795e-09 0.050090868454802956 2.606462707721168e-05 0.2567962252035153 5.8629142295744256e-05
59907.0323900941 0.3068767568373283 5.250691168994236e-05 0.026028300944114527 1.3553198236987339e-05 6.373127316214267e-06 3.3185515294167635e-09 0.05005442489252794 2.6063842763437193e-05 0.25682233194480036 5.861995969644284e-05
59907.03253037431 0.3067910513806306 5.2503016366898954e-05 0.026029978400382136 1.3554672794168807e-05 6.373538047686283e-06 3.318912580284921e-09 0.05005765076996565 2.606667845032463e-05 0.25673340061066496 5.8617731558424174e-05
