GJ3470b/Results/ROEBA_Results/506070_radii/GJ3470b_nrca3_level3_asn_phot.ecsv
# %ECSV 0.9
# ---
# datatype:
# - {name: MJD, datatype: float64}
# - {name: aperture_sum, unit: Jy, datatype: float64}
# - {name: aperture_sum_err, unit: Jy, datatype: float64}
# - {name: annulus_sum, unit: Jy, datatype: float64}
# - {name: annulus_sum_err, unit: Jy, datatype: float64}
# - {name: annulus_mean, unit: Jy, datatype: float64}
# - {name: annulus_mean_err, unit: Jy, datatype: float64}
# - {name: aperture_bkg, unit: Jy, datatype: float64}
# - {name: aperture_bkg_err, unit: Jy, datatype: float64}
# - {name: net_aperture_sum, unit: Jy, datatype: float64}
# - {name: net_aperture_sum_err, unit: Jy, datatype: float64}
# meta: !!omap
# - {instrument: NIRCAM}
# - {detector: NRCA3}
# - {channel: SHORT}
# - {subarray: SUBGRISM256}
# - {filter: F210M}
# - {pupil: WLP8}
# - {target_name: UNKNOWN}
# - {xcenter: 1055}
# - {ycenter: 166}
# - ra_icrs: !numpy.ndarray
#     buffer: !!binary |
#       WFgwQkNJUHhYVUE9
#     dtype: float64
#     order: C
#     shape: !!python/tuple []
# - dec_icrs: !numpy.ndarray
#     buffer: !!binary |
#       S2Yva3ZVM0lMa0E9
#     dtype: float64
#     order: C
#     shape: !!python/tuple []
# - {apertures: Photometry measured in a circular aperture of r=50.0 pixels.  Background calculated as the mean in a circular annulus
#     with r_inner=60.0 pixels and r_outer=70.0 pixels.}
# - {number_of_integrations: 1681}
# - __serialized_columns__:
#     annulus_mean:
#       __class__: astropy.units.quantity.Quantity
#       unit: &id001 !astropy.units.Unit {unit: Jy}
#       value: !astropy.table.SerializedColumn {name: annulus_mean}
#     annulus_mean_err:
#       __class__: astropy.units.quantity.Quantity
#       unit: *id001
#       value: !astropy.table.SerializedColumn {name: annulus_mean_err}
#     annulus_sum:
#       __class__: astropy.units.quantity.Quantity
#       unit: *id001
#       value: !astropy.table.SerializedColumn {name: annulus_sum}
#     annulus_sum_err:
#       __class__: astropy.units.quantity.Quantity
#       unit: *id001
#       value: !astropy.table.SerializedColumn {name: annulus_sum_err}
#     aperture_bkg:
#       __class__: astropy.units.quantity.Quantity
#       unit: *id001
#       value: !astropy.table.SerializedColumn {name: aperture_bkg}
#     aperture_bkg_err:
#       __class__: astropy.units.quantity.Quantity
#       unit: *id001
#       value: !astropy.table.SerializedColumn {name: aperture_bkg_err}
#     aperture_sum:
#       __class__: astropy.units.quantity.Quantity
#       unit: *id001
#       value: !astropy.table.SerializedColumn {name: aperture_sum}
#     aperture_sum_err:
#       __class__: astropy.units.quantity.Quantity
#       unit: *id001
#       value: !astropy.table.SerializedColumn {name: aperture_sum_err}
#     net_aperture_sum:
#       __class__: astropy.units.quantity.Quantity
#       unit: *id001
#       value: !astropy.table.SerializedColumn {name: net_aperture_sum}
#     net_aperture_sum_err:
#       __class__: astropy.units.quantity.Quantity
#       unit: *id001
#       value: !astropy.table.SerializedColumn {name: net_aperture_sum_err}
# schema: astropy-2.0
MJD aperture_sum aperture_sum_err annulus_sum annulus_sum_err annulus_mean annulus_mean_err aperture_bkg aperture_bkg_err net_aperture_sum net_aperture_sum_err
[from data line 345]
59906.98455454306 0.3068788951544783 5.257856559913947e-05 0.026041494889874478 1.3576342871554323e-05 6.376357903424394e-06 3.3242185801819808e-09 0.05007979786514323 2.610835167606601e-05 0.2567990972893351 5.8703931620498394e-05
59906.984694823266 0.3068457485025584 5.25798504604984e-05 0.026045916433521374 1.357709674709969e-05 6.377440535005163e-06 3.3244031694427827e-09 0.05008830083369495 2.6109801436730175e-05 0.25675744766886344 5.870572719517109e-05
59906.984835103474 0.30686354122662174 5.2576324604826e-05 0.026046472640715117 1.3578045455900753e-05 6.377576724427113e-06 3.3246354643585423e-09 0.05008937046291369 2.6111625876732217e-05 0.25677417076370807 5.8703380778950577e-05
59906.98497538368 0.3068657757972232 5.257636717988838e-05 0.026032317657931993 1.3577043559861241e-05 6.3741108236897055e-06 3.3243901463475385e-09 0.05006214934217691 2.610969915357931e-05 0.2568036264550463 5.870256191789983e-05
59906.98511566389 0.30683098378372364 5.2576714053320615e-05 0.026027142827828004 1.3576318978737412e-05 6.372843747088612e-06 3.3242127299359564e-09 0.050052197745823084 2.610830572834118e-05 0.25677878603790055 5.870225284134481e-05
59906.9852559441 0.3070532826795117 5.25892511823991e-05 0.026015470846695192 1.3575943228288179e-05 6.369985818637901e-06 3.324120726026165e-09 0.05002975162825999 2.6107583131323423e-05 0.2570235310512517 5.87131606787135e-05
59906.98539622431 0.30691922719281495 5.258072610779551e-05 0.026034795397442943 1.3583346108491517e-05 6.3747175075218005e-06 3.3259333490684393e-09 0.050066914225851814 2.6121819439406764e-05 0.25685231296696315 5.871185748081879e-05
59906.985536504515 0.3069625333285605 5.258241779401194e-05 0.026011531552170945 1.3574950701256046e-05 6.369021267567396e-06 3.323877702051832e-09 0.05002217606186721 2.6105674425492397e-05 0.2569403572666933 5.870619131125635e-05
59906.98567678472 0.3069685430335532 5.2581573256069706e-05 0.02603763919642075 1.357559578829985e-05 6.375413822390228e-06 3.3240356540391336e-09 0.0500723830700399 2.6106914977499715e-05 0.2568961599635133 5.8705986540776433e-05
59906.98581706493 0.30695356296428733 5.258960565158433e-05 0.026013233790227068 1.3578279374466535e-05 6.369438066953474e-06 3.324692740198581e-09 0.05002544959659052 2.6112075720127952e-05 0.25692811336769683 5.871547599230416e-05
59906.98595734514 0.3069290375244621 5.258624389377686e-05 0.02603521320898277 1.3576682312925623e-05 6.374819810247716e-06 3.324301693677569e-09 0.05006771770958226 2.6109004447933894e-05 0.25686131981487986 5.8711099122040085e-05
59906.98609762535 0.3068939583774234 5.258463478137e-05 0.026062076178678523 1.3577108860553063e-05 6.381397309344957e-06 3.3244061354673706e-09 0.05011937726668947 2.6109824731832815e-05 0.2567745811107339 5.8710022676005644e-05
59906.986237905556 0.306926033792593 5.258018420443596e-05 0.026056879057075027 1.357942243642912e-05 6.380124774586424e-06 3.324972623216436e-09 0.050109382802067365 2.6114273916209848e-05 0.25681665099052564 5.870801540797692e-05
59906.986378185764 0.30700738750696877 5.2584863814500686e-05 0.026026984682966096 1.3577571795309757e-05 6.372805024724771e-06 3.324519486782535e-09 0.05005189362108865 2.6110714990980304e-05 0.2569554938858801 5.871062373821102e-05
59906.98651846597 0.30702909658973815 5.258725235806559e-05 0.02605876871149745 1.3579858238290868e-05 6.380587463574215e-06 3.3250793309402913e-09 0.05011301675287971 2.611511199671321e-05 0.25691607983685844 5.8714718641680886e-05
59906.98665874618 0.3068994528991817 5.257895025904307e-05 0.02602296966750345 1.3576794009731896e-05 6.371821933097893e-06 3.3243290430604087e-09 0.05004417243750664 2.610921924948442e-05 0.25685528046167505 5.870466199681736e-05
59906.98679902639 0.306858410103038 5.257592617776133e-05 0.026064683115759393 1.357746418958917e-05 6.382035627687649e-06 3.3244931391174023e-09 0.050124390607229605 2.6110508056902252e-05 0.2567340194958084 5.870252672959629e-05
59906.9869393066 0.3069541993048971 5.258242138752391e-05 0.026012947501229934 1.3585490792086345e-05 6.369367968016479e-06 3.326458482907647e-09 0.0500248990408268 2.612594383093528e-05 0.2569293002640703 5.871521080633465e-05
59906.987079586805 0.30686515826891225 5.2576810051606446e-05 0.026035734914736215 1.3576748817212952e-05 6.374947551862331e-06 3.3243179775022844e-09 0.050068720989877344 2.610913234079414e-05 0.2567964372790349 5.8702706469053086e-05
59906.98721986701 0.3068811354469432 5.257862804143795e-05 0.026026204642452592 1.357587291165147e-05 6.372614028873177e-06 3.324103508733374e-09 0.050050393543178064 2.610744790702206e-05 0.2568307419037651 5.870358560546158e-05
59906.98736014722 0.30684999922556544 5.2575468129720654e-05 0.02602904132620887 1.3575280915923533e-05 6.373308601552869e-06 3.3239585563543123e-09 0.050055848704247834 2.6106309453699106e-05 0.2567941505213176 5.870024908253432e-05
59906.98750042743 0.3068552017522522 5.2584171277492565e-05 0.02604107395862718 1.3574720036412424e-05 6.376254836826379e-06 3.3238212228978935e-09 0.050078988381975345 2.610523083925466e-05 0.2567762133702769 5.870756464129173e-05
59906.98764070764 0.30682692124739475 5.258013095501879e-05 0.025997915830688785 1.3574395776181062e-05 6.365687406986398e-06 3.3237418265614793e-09 0.04999599198209382 2.610460726188666e-05 0.25683092926530093 5.870366846751803e-05
59906.987780987845 0.30693401847007695 5.258051084901576e-05 0.02602310510354485 1.3576600983952565e-05 6.371855095121681e-06 3.324281779972832e-09 0.050044432891432414 2.610884804606263e-05 0.25688958557864455 5.8705894656634374e-05
59906.98792126805 0.30698371212649755 5.258648604335489e-05 0.026055727786474234 1.3577977560373642e-05 6.379842881652651e-06 3.324618839883537e-09 0.05010716882014276 2.611149530841085e-05 0.2568765433063548 5.871242374173562e-05
59906.98806154826 0.3069190284394798 5.257919835983158e-05 0.02603753601658608 1.3576695568989422e-05 6.375388558419897e-06 3.324304939474614e-09 0.05007218464728093 2.6109029940364275e-05 0.2568468437921989 5.8704800013196144e-05
59906.98820182847 0.30693897093136663 5.2588635335068333e-05 0.026028053837718747 1.3579610276453006e-05 6.373066811284485e-06 3.3250186165523007e-09 0.05005394968792067 2.6114635147025012e-05 0.256885021243446 5.871574520745719e-05
59906.98834210868 0.30695447711837254 5.258101192838892e-05 0.026047303446358108 1.3577042204677985e-05 6.377780150311468e-06 3.324389814525825e-09 0.05009096816607329 2.6109696547457666e-05 0.25686350895229926 5.870672081809459e-05
59906.988482388886 0.30685587635485745 5.2576747123416423e-05 0.026021233545198533 1.3574783740987937e-05 6.371396837026139e-06 3.323836821202648e-09 0.05004083374076641 2.6105353348053726e-05 0.25681504261409105 5.8700969425610144e-05
59906.988622669094 0.30704356934601307 5.258868287310881e-05 0.02604136460738329 1.3577864753461539e-05 6.376326003266747e-06 3.3245912186871122e-09 0.050079547321890946 2.6111278372041423e-05 0.2569640220241221 5.871429489102841e-05
59906.9887629493 0.30690233999932787 5.2577763667728306e-05 0.026060680524132972 1.358338592484099e-05 6.3810555780837675e-06 3.325943098251262e-09 0.05011669331564034 2.61218960093096e-05 0.25678564668368753 5.870923848442147e-05
59906.98890322951 0.3068672265687483 5.2577244019759824e-05 0.026052746716957197 1.3579818666118105e-05 6.379112955576747e-06 3.3250696415450543e-09 0.05010143599414846 2.6115035896380974e-05 0.25676579057459986 5.8705721089027066e-05
59906.98904350972 0.3069458394358607 5.259085945414836e-05 0.026042960436838517 1.3576577770277837e-05 6.376716748106948e-06 3.324276096017324e-09 0.05008261622468946 2.6108803404380456e-05 0.2568632232111712 5.871514381600862e-05
59906.989183789934 0.30688529425116906 5.2577147814186084e-05 0.026025564296662453 1.3576319548304638e-05 6.372457237799655e-06 3.3242128693966323e-09 0.050049162108966254 2.6108306823662768e-05 0.2568361321422028 5.87026418270361e-05
59906.98932407014 0.30695142033296197 5.258758852182017e-05 0.026025322049507967 1.3575809229957039e-05 6.372397922673369e-06 3.3240879160311387e-09 0.05004869624905379 2.610732544222508e-05 0.2569027240839082 5.87115568545625e-05
59906.98946435035 0.3069306494933358 5.258075239468706e-05 0.026039408486789876 1.3577209183705789e-05 6.375847039787168e-06 3.32443069996839e-09 0.050075785551518995 2.6110017660972672e-05 0.25685486394181684 5.870663118121916e-05
59906.98960463056 0.3068367640284222 5.257388208896519e-05 0.02605724610144352 1.3577433386412262e-05 6.380214646779624e-06 3.324485596843759e-09 0.050110088656622156 2.6110448820023582e-05 0.25672667537180005 5.870066963406368e-05
59906.98974491077 0.30681520256714323 5.2573424632041185e-05 0.026036158389488133 1.357695666769035e-05 6.3750512412470115e-06 3.3243688704729028e-09 0.05006953536440026 2.6109532053250677e-05 0.25674566720274294 5.8699852142749384e-05
59906.989885190975 0.3068315311375134 5.2580215834739575e-05 0.02603428646977339 1.3576589486410823e-05 6.374592894669054e-06 3.3242789647565217e-09 0.050065935518794985 2.6108825935405428e-05 0.25676559561871837 5.87056205908182e-05
59906.99002547118 0.3068463014330707 5.25767184894301e-05 0.02604446327214225 1.3576516178723057e-05 6.377084722979628e-06 3.324261015093638e-09 0.05008550629258125 2.6108684959082805e-05 0.25676079514048944 5.870242548148601e-05
59906.99016575139 0.30686135282763344 5.258179955792522e-05 0.0260148827752093 1.3574612620184613e-05 6.369841827124254e-06 3.3237949216307793e-09 0.05002862072155635 2.6105024269585797e-05 0.2568327321060771 5.870534845195528e-05
59906.9903060316 0.30684518680941736 5.2574909207931344e-05 0.02602506266811512 1.3577185229170719e-05 6.372334412164419e-06 3.3244248346104427e-09 0.05004819743868293 2.6109971594559076e-05 0.2567969893707344 5.870137728274274e-05
59906.99044631181 0.3069375265758276 5.2581538006940935e-05 0.026036973132035242 1.357667281157082e-05 6.375250734021965e-06 3.3242993672351336e-09 0.05007110217699086 2.6108986176097735e-05 0.2568664243988368 5.870687607358304e-05
59906.990586592015 0.30684115182339555 5.2574521103858864e-05 0.02602532081407661 1.3575903036534091e-05 6.372397620173358e-06 3.3241108849241117e-09 0.050048693873224255 2.610750583948864e-05 0.2567924579501713 5.8699932968096606e-05
59906.99072687222 0.3069404169119433 5.2589693382243746e-05 0.026016381028890104 1.3574700347092578e-05 6.3702086801693386e-06 3.323816401893925e-09 0.05003150197863482 2.6105192975178034e-05 0.2569089149333085 5.871249398815976e-05
59906.99086715243 0.30698938594805036 5.2584056455291664e-05 0.026059408131954533 1.3578233040511441e-05 6.38074402807646e-06 3.3246813951555255e-09 0.050114246407604875 2.6111986616368158e-05 0.2568751395404455 5.871046617381513e-05
59906.99100743264 0.30689289766623207 5.257799792984966e-05 0.02604720216901387 1.3580043885130214e-05 6.37775535217307e-06 3.325124787266678e-09 0.05009077340194975 2.61154690098658e-05 0.25680212426428234 5.8706588965094336e-05
59906.99114771285 0.3068447572709322 5.257488820574797e-05 0.026014111689291852 1.3575902968553315e-05 6.36965302383916e-06 3.3241108682787632e-09 0.0500271378640228 2.6107505708756378e-05 0.2568176194069094 5.870026170452432e-05
59906.991287993056 0.3068749011520574 5.2575772645908615e-05 0.02606086920143457 1.3585057815281194e-05 6.381101776430227e-06 3.326352466909518e-09 0.05011705615660495 2.6125111183233066e-05 0.25675784499545246 5.87088860705989e-05
59906.991428273264 0.3068889875713434 5.2583140724381375e-05 0.026048083441790458 1.35764073338258e-05 6.377971135124772e-06 3.32423436401144e-09 0.05009246815728934 2.6108475641972695e-05 0.25679651941405407 5.8708084526644e-05
59906.99156855347 0.3069513807263968 5.258627399631454e-05 0.026040532905816857 1.3576529399916818e-05 6.376122358012169e-06 3.3242642523526236e-09 0.05007794789580165 2.610871038445542e-05 0.25687343283059516 5.871099531395152e-05
59906.99170883368 0.3068435736918882 5.257404623731409e-05 0.026047957043564985 1.3577452016453497e-05 6.377940186044184e-06 3.3244901584793784e-09 0.05009222508377882 2.6110484647025957e-05 0.2567513486081094 5.8700832585797435e-05
59906.99184911389 0.3068675892136264 5.2576927011314383e-05 0.02605684001979598 1.3576798718822889e-05 6.380115216161923e-06 3.324330196099038e-09 0.05010930773037688 2.6109228305428636e-05 0.25675828148324953 5.870285390556472e-05
59906.9919893941 0.30689273191998173 5.257719823623838e-05 0.026049042212187238 1.357911897779407e-05 6.378205893660061e-06 3.3248983202290636e-09 0.050094311946513925 2.6113690341911676e-05 0.2567984199734678 5.8705081531720565e-05
59906.992129674305 0.30691186620764055 5.258046703276681e-05 0.02602867050464911 1.3575523464169586e-05 6.373217804500192e-06 3.324017945204001e-09 0.050055135585863685 2.6106775892633824e-05 0.2568567306217769 5.8704933871797214e-05
59906.99226995451 0.30692163468532885 5.258001621989123e-05 0.026037281502890045 1.3577568540964806e-05 6.375326239784807e-06 3.324518689943942e-09 0.05007169519786547 2.611070873262463e-05 0.2568499394874634 5.870627918889073e-05
59906.99241023472 0.3068548739166672 5.2577857607902135e-05 0.02601497793049985 1.3576592794320565e-05 6.369865126254796e-06 3.3242797747106555e-09 0.050028803712499716 2.610883229677032e-05 0.2568260702041675 5.870351126242543e-05
59906.99255051493 0.3069326443634022 5.2580470947709596e-05 0.02602730775033075 1.35761920263088e-05 6.372884128983288e-06 3.3241816451566467e-09 0.05005251490448221 2.6108061589055384e-05 0.25688012945891997 5.870550915391878e-05
59906.99269079514 0.3068756255748274 5.257599067123393e-05 0.026058137591833674 1.3577738902238565e-05 6.380432931552411e-06 3.324560403542142e-09 0.05011180306121861 2.611103635045878e-05 0.2567638225136088 5.870281947535959e-05
59906.992831075346 0.30685498307788345 5.2584520858875565e-05 0.026029040423523032 1.3576047800088859e-05 6.373308380526849e-06 3.324146330824605e-09 0.05005584696831353 2.6107784230940115e-05 0.25679913610956995 5.870901320416521e-05
59906.992971355554 0.3068330230057994 5.258047450471418e-05 0.026027806171508173 1.3587193342910003e-05 6.373006169281947e-06 3.326875358876032e-09 0.05005347340674649 2.6129217967134623e-05 0.2567795495990529 5.8714924258785596e-05
59906.99311163576 0.3068752952830942 5.258353896562319e-05 0.026020203042207243 1.3575319605985152e-05 6.371144514495471e-06 3.32396802976132e-09 0.050038852004244704 2.6106383857663754e-05 0.2568364432788495 5.87075110038988e-05
59906.99325191597 0.3069459738140506 5.258296639993911e-05 0.026018590064699653 1.357842428931897e-05 6.370749570890195e-06 3.3247282231448773e-09 0.050035750124422414 2.6112354402536482e-05 0.2569102236896282 5.87096534469485e-05
59906.99339219618 0.3068128516863424 5.2573313586090376e-05 0.02604033970392996 1.3578693999771661e-05 6.3760750518039936e-06 3.3247942627629532e-09 0.05007757635371147 2.6112873076483966e-05 0.25673527533263096 5.8701238843230186e-05
59906.99353247639 0.306884914787487 5.2594338695907216e-05 0.026058981841110575 1.3579434009547729e-05 6.380639649161059e-06 3.3249754569380262e-09 0.05011342661752034 2.6114296172207172e-05 0.25677148816996664 5.872070271573355e-05
59906.993672756595 0.30687130319232236 5.257695129785991e-05 0.02601718238913034 1.3575246188645024e-05 6.370404896236155e-06 3.323950053249643e-09 0.05003304305601988 2.6106242670471202e-05 0.2568382601363025 5.870154780026728e-05
59906.9938130368 0.30691609103095363 5.258176570937443e-05 0.02606117856931362 1.3577567980075414e-05 6.381177526318203e-06 3.324518552608066e-09 0.05011765109483389 2.6110707653991184e-05 0.2567984399361197 5.87078456367438e-05
59906.99395331701 0.3069153522103561 5.2578816620076794e-05 0.026020638088014983 1.3575524104964627e-05 6.3712510370966605e-06 3.324018102105075e-09 0.05003968863079805 2.610677712493198e-05 0.25687566357955804 5.8703456193128314e-05
