GJ3470b/Results/ROEBA_Results/506070_radii/GJ3470b_nrca3_level3_asn_phot.ecsv
# %ECSV 0.9
# ---
# datatype:
# - {name: MJD, datatype: float64}
# - {name: aperture_sum, unit: Jy, datatype: float64}
# - {name: aperture_sum_err, unit: Jy, datatype: float64}
# - {name: annulus_sum, unit: Jy, datatype: float64}
# - {name: annulus_sum_err, unit: Jy, datatype: float64}
# - {name: annulus_mean, unit: Jy, datatype: float64}
# - {name: annulus_mean_err, unit: Jy, datatype: float64}
# - {name: aperture_bkg, unit: Jy, datatype: float64}
# - {name: aperture_bkg_err, unit: Jy, datatype: float64}
# - {name: net_aperture_sum, unit: Jy, datatype: float64}
# - {name: net_aperture_sum_err, unit: Jy, datatype: float64}
# meta: !!omap
# - {instrument: NIRCAM}
# - {detector: NRCA3}
# - {channel: SHORT}
# - {subarray: SUBGRISM256}
# - {filter: F210M}
# - {pupil: WLP8}
# - {target_name: UNKNOWN}
# - {xcenter: 1055}
# - {ycenter: 166}
# - ra_icrs: !numpy.ndarray
#     buffer: !!binary |
#       WFgwQkNJUHhYVUE9
#     dtype: float64
#     order: C
#     shape: !!python/tuple []
# - dec_icrs: !numpy.ndarray
#     buffer: !!binary |
#       S2Yva3ZVM0lMa0E9
#     dtype: float64
#     order: C
#     shape: !!python/tuple []
# - {apertures: Photometry measured in a circular aperture of r=50.0 pixels.  Background calculated as the mean in a circular annulus
#     with r_inner=60.0 pixels and r_outer=70.0 pixels.}
# - {number_of_integrations: 1681}
# - __serialized_columns__:
#     annulus_mean:
#       __class__: astropy.units.quantity.Quantity
#       unit: &id001 !astropy.units.Unit {unit: Jy}
#       value: !astropy.table.SerializedColumn {name: annulus_mean}
#     annulus_mean_err:
#       __class__: astropy.units.quantity.Quantity
#       unit: *id001
#       value: !astropy.table.SerializedColumn {name: annulus_mean_err}
#     annulus_sum:
#       __class__: astropy.units.quantity.Quantity
#       unit: *id001
#       value: !astropy.table.SerializedColumn {name: annulus_sum}
#     annulus_sum_err:
#       __class__: astropy.units.quantity.Quantity
#       unit: *id001
#       value: !astropy.table.SerializedColumn {name: annulus_sum_err}
#     aperture_bkg:
#       __class__: astropy.units.quantity.Quantity
#       unit: *id001
#       value: !astropy.table.SerializedColumn {name: aperture_bkg}
#     aperture_bkg_err:
#       __class__: astropy.units.quantity.Quantity
#       unit: *id001
#       value: !astropy.table.SerializedColumn {name: aperture_bkg_err}
#     aperture_sum:
#       __class__: astropy.units.quantity.Quantity
#       unit: *id001
#       value: !astropy.table.SerializedColumn {name: aperture_sum}
#     aperture_sum_err:
#       __class__: astropy.units.quantity.Quantity
#       unit: *id001
#       value: !astropy.table.SerializedColumn {name: aperture_sum_err}
#     net_aperture_sum:
#       __class__: astropy.units.quantity.Quantity
#       unit: *id001
#       value: !astropy.table.SerializedColumn {name: net_aperture_sum}
#     net_aperture_sum_err:
#       __class__: astropy.units.quantity.Quantity
#       unit: *id001
#       value: !astropy.table.SerializedColumn {name: net_aperture_sum_err}
# schema: astropy-2.0
MJD aperture_sum aperture_sum_err annulus_sum annulus_sum_err annulus_mean annulus_mean_err aperture_bkg aperture_bkg_err net_aperture_sum net_aperture_sum_err
[from data line 69]
59906.94583720555 0.3068612929051188 5.2575871594825e-05 0.026046863220833993 1.357957376167367e-05 6.3776723594372555e-06 3.3250096757713358e-09 0.050090121578526915 2.6114564926295523e-05 0.2567711713265919 5.8704282426797714e-05
59906.94597748576 0.3069611403806794 5.25862927094282e-05 0.026021427815699504 1.3577735069463733e-05 6.371444404888488e-06 3.3245594650728187e-09 0.05004120733788366 2.611102897973795e-05 0.25691993304279576 5.871204318793868e-05
59906.94611776597 0.30687634157952715 5.257732029907131e-05 0.026049874118446167 1.3578053289307077e-05 6.378409589034365e-06 3.3246373823975236e-09 0.05009591176624263 2.611164094097515e-05 0.2567804298132845 5.8704279251699746e-05
59906.946258046184 0.30685472843708167 5.257565745036578e-05 0.02633480555730512 1.3792102160524543e-05 6.448176122783117e-06 3.3770480530398315e-09 0.05064385684097139 2.6523273385624123e-05 0.2562108715961103 5.888704261063515e-05
59906.94639832639 0.3068518297137215 5.2578805420414604e-05 0.026013422635534543 1.3575476490018406e-05 6.369484306436804e-06 3.3240064434065273e-09 0.05002581276064336 2.6106685557727707e-05 0.25682601695307816 5.8703405439956283e-05
59906.9465386066 0.3068678393574348 5.2579486722239585e-05 0.02602337749929615 1.3575992673505744e-05 6.371921792245214e-06 3.3241328328735305e-09 0.05004495672941568 2.610767821828028e-05 0.2568228826280191 5.870445712144381e-05
59906.94667888681 0.30681577452392783 5.2572364729987766e-05 0.026039887902712295 1.3577425651993872e-05 6.375964426577707e-06 3.324483703042346e-09 0.05007670750521596 2.6110433946142064e-05 0.25673906701871185 5.869930403470479e-05
59906.94681916702 0.30695336749767355 5.258288640072904e-05 0.026033126782600995 1.357909932552497e-05 6.374308940906089e-06 3.3248935082971095e-09 0.05006370535115576 2.6113652549086485e-05 0.25688966214651776 5.8710159186348536e-05
59906.946959447225 0.30693918479880455 5.2580658529467666e-05 0.0260335959898788 1.3578975656814602e-05 6.374423828071623e-06 3.3248632275485545e-09 0.05006460767284385 2.6113414724643467e-05 0.25687457712596073 5.8708058049757595e-05
59906.94709972743 0.30688398127342054 5.257743490810784e-05 0.026048276116761228 1.3578984142419448e-05 6.378018312315554e-06 3.3248653052807947e-09 0.050092838686079284 2.6113431043114324e-05 0.25679114258734126 5.870517815627344e-05
59906.94724000764 0.3068530975856748 5.257603170109169e-05 0.02599882736632068 1.3575673500140384e-05 6.3659105999119685e-06 3.3240546820753764e-09 0.04999774493523208 2.6107064423346895e-05 0.25685535265044274 5.8701089617135584e-05
59906.94738028785 0.30698683085831413 5.25840982044251e-05 0.02605526766979914 1.3580018903017281e-05 6.379730220355358e-06 3.3251186703024287e-09 0.050106283980382964 2.611542096734093e-05 0.25688054687793116 5.8712031103293074e-05
59906.94752056806 0.30685447697700724 5.257561268218143e-05 0.026055878694252774 1.3584295544779937e-05 6.379879831989429e-06 3.326165822112213e-09 0.050107459027409186 2.6123645278422957e-05 0.25674701794959803 5.870809051178233e-05
59906.947660848266 0.30684559656777977 5.257461574791742e-05 0.026036016750793294 1.3577791580578389e-05 6.375016560480217e-06 3.324573302031645e-09 0.050069262982294804 2.611113765495844e-05 0.25677633358548496 5.870163311763443e-05
59906.947801128474 0.30690894104104255 5.2579137726441924e-05 0.026034909013619382 1.357708073108689e-05 6.37474532686964e-06 3.324399247861851e-09 0.050067132718498816 2.6109770636705562e-05 0.2568418083225437 5.870507513629056e-05
59906.94794140868 0.30694303617990865 5.258658640771087e-05 0.026047344197555555 1.3578906914354009e-05 6.3777901283953305e-06 3.3248463956987024e-09 0.05009104653376069 2.6113282527603867e-05 0.25685198964614797 5.871330849460029e-05
59906.94808168889 0.3068490148027922 5.257615108337955e-05 0.026040921420931225 1.3584279752545306e-05 6.376217487398197e-06 3.326161955324207e-09 0.05007869504025236 2.6123614908740975e-05 0.25677031976253983 5.870855915999426e-05
59906.9482219691 0.3068642743456703 5.257742772447245e-05 0.026036160285257626 1.3578056542553044e-05 6.375051705433297e-06 3.3246381789670263e-09 0.05006953901011082 2.6111647197217396e-05 0.2567947353355595 5.8704378247913296e-05
59906.948362249306 0.3069294041135945 5.2583541029352003e-05 0.0260240005234979 1.3576630864715455e-05 6.3720743420627125e-06 3.3242890963899357e-09 0.05004615485288058 2.6108905509068184e-05 0.25688324926071393 5.870863423779331e-05
59906.948502529514 0.306876044195473 5.2576781901946225e-05 0.026036589943571053 1.3579480432161009e-05 6.375156908886255e-06 3.324986823689372e-09 0.050070365276098185 2.611438544646348e-05 0.2568056789193748 5.870501786398914e-05
59906.94864280972 0.3068765925297021 5.257953268071415e-05 0.02606975709444808 1.3578475683582763e-05 6.383278010440645e-06 3.3247408072235376e-09 0.05013414825855401 2.6112453237659162e-05 0.2567424442711481 5.87066220371367e-05
59906.94878308993 0.30695252902077996 5.2589598531220836e-05 0.026049612115567153 1.3577706519432135e-05 6.378345436644674e-06 3.324552474490274e-09 0.05009540791455222 2.611097407583103e-05 0.2568571211062277 5.871497969737965e-05
59906.94892337014 0.3069239351727773 5.258226932862362e-05 0.02602623504221372 1.3577756004620513e-05 6.3726214723689495e-06 3.324564591124643e-09 0.05005045200425716 2.6111069239654833e-05 0.2568734831685201 5.870845752177416e-05
59906.94906365035 0.30678555322401135 5.257487817885994e-05 0.026025059167102398 1.3578118150008985e-05 6.372333554928294e-06 3.3246532637841715e-09 0.05004819070596615 2.6111765673094207e-05 0.2567373625180452 5.8702147508319864e-05
59906.949203930555 0.3068972901719732 5.2580416523861796e-05 0.02605868588937077 1.3584013809320289e-05 6.380567184265202e-06 3.3260968381259862e-09 0.050112857479559174 2.6123103479462094e-05 0.256784432692414 5.8712151529487345e-05
59906.94934421076 0.306956518685919 5.258113945222917e-05 0.02602307045043936 1.3577338494155012e-05 6.371846610178554e-06 3.324462362117909e-09 0.05004436625084493 2.6110266334913487e-05 0.2569121524350741 5.870708844913779e-05
59906.94948449097 0.3070049298021148 5.2587334157584066e-05 0.026037217379002504 1.3578367437998401e-05 6.375310538809927e-06 3.3247143028853544e-09 0.050071571882697126 2.611224507307385e-05 0.2569333579194177 5.8713516813061685e-05
59906.94962477118 0.30695544345940906 5.2582723870099894e-05 0.026037911063795535 1.3577999138468215e-05 6.375480390138786e-06 3.324624123361097e-09 0.050072905891914495 2.611153680474657e-05 0.2568825375674946 5.870907258597097e-05
59906.94976505139 0.3068465649521178 5.257460186393906e-05 0.026028120199195447 1.3577333930810628e-05 6.373083060141482e-06 3.324461244765885e-09 0.05005407730614509 2.611025755925121e-05 0.25679248764597273 5.870122921167954e-05
59906.949905331596 0.3070680149119324 5.259713110786383e-05 0.026036894427718997 1.357736341674139e-05 6.3752314629743144e-06 3.324468464506858e-09 0.05007095082253654 2.6110314262964212e-05 0.2569970640893959 5.87214331542459e-05
59906.950045611804 0.3067452351539596 5.257710519080915e-05 0.02604088848076464 1.3579215966086348e-05 6.3762094218746e-06 3.3249220681769684e-09 0.050078631693778165 2.6113876857858362e-05 0.2566666034601814 5.8705081166733776e-05
59906.95018589201 0.30694151507793327 5.258694429336638e-05 0.026045223538556837 1.3579228715291028e-05 6.377270877068779e-06 3.3249251898676535e-09 0.050086968343378536 2.611390137555967e-05 0.2568545467345547 5.871390427459305e-05
59906.95032617222 0.3069502020975684 5.258170052374051e-05 0.026025518939747014 1.3583090138250454e-05 6.3724461319884315e-06 3.3258706737928246e-09 0.05004907488412887 2.6121327188943185e-05 0.25690112721343955 5.8712511137577443e-05
59906.95046645243 0.3068895620280012 5.257649071551048e-05 0.026045973192375144 1.3578020737040058e-05 6.3774544326238425e-06 3.324629411852593e-09 0.05008840998533681 2.6111578340461653e-05 0.2568011520426644 5.87035084078305e-05
59906.95060673264 0.30694149402891246 5.258985719886682e-05 0.026041145533225493 1.3578176049167595e-05 6.376272362135797e-06 3.324667440610777e-09 0.05007912602543364 2.611187701762999e-05 0.25686236800347884 5.8715612928598795e-05
59906.950747012845 0.3069437031449306 5.259657109031161e-05 0.02604424248125142 1.3580450437124564e-05 6.377030661500143e-06 3.325224333050562e-09 0.05008508169471427 2.6116250840624163e-05 0.2568586214502163 5.872357148904182e-05
59906.95088729305 0.3069628698347293 5.2610691034671576e-05 0.02604276826575002 1.3581211625840542e-05 6.376669694293635e-06 3.325410712968675e-09 0.050082246664903886 2.6117714665077965e-05 0.2568806231698254 5.873686943029991e-05
59906.95102757326 0.3069287660762189 5.2583035801643566e-05 0.026037663730097634 1.3579224923138232e-05 6.375419829553226e-06 3.324924261344788e-09 0.05007243025018777 2.611389408295814e-05 0.2568563358260311 5.8710400426950636e-05
59906.95116785347 0.3069594363654594 5.257973497351621e-05 0.026018533845244385 1.3587477619500016e-05 6.370735805345267e-06 3.3269449650675796e-09 0.05003564201008536 2.6129764652884647e-05 0.25692379435537405 5.871450528362087e-05
59906.95130813368 0.3069345829022122 5.259565976785667e-05 0.02604426151045549 1.3577338428358243e-05 6.3770353208722825e-06 3.324462346007323e-09 0.05008511828933748 2.611026620838124e-05 0.2568494646128747 5.872009390224672e-05
59906.951448413885 0.30697661570527557 5.258224037803245e-05 0.026073362410130092 1.3580521073613144e-05 6.3841607855363355e-06 3.3252416286602855e-09 0.05014108155794249 2.611638668002528e-05 0.25683553414733307 5.871079676170124e-05
59906.9515886941 0.3068772663219854 5.2577082105882e-05 0.026035030617715213 1.3579014930661853e-05 6.374775102089566e-06 3.3248728438976686e-09 0.05006736657252926 2.6113490251272797e-05 0.25680989974945617 5.870488851766926e-05
59906.95172897431 0.3068278698195921 5.2574617425720165e-05 0.025994267839490413 1.3575450536017632e-05 6.364794182630126e-06 3.3240000884718867e-09 0.04998897661440464 2.6106635646187755e-05 0.25683889320518744 5.8699632215403525e-05
59906.95186925452 0.30689270398185353 5.258167220777406e-05 0.02600023528463511 1.3584265843009635e-05 6.366255334003062e-06 3.326158549522117e-09 0.050000452470452136 2.6123588159633912e-05 0.2568922515114014 5.8713491724645063e-05
59906.952009534725 0.30687085131473374 5.2577788404798154e-05 0.02602752482180474 1.3576883482978792e-05 6.37293727974958e-06 3.3243509509212053e-09 0.050052932349624504 2.6109391313420754e-05 0.25681791896510925 5.8703697909902216e-05
59906.95214981493 0.30689343980654726 5.2585581995034324e-05 0.02605592646087241 1.3578950694978234e-05 6.3798915278257826e-06 3.324857115549098e-09 0.0501075508862931 2.611336672111199e-05 0.25678588892025417 5.8712446340343865e-05
59906.95229009514 0.3069625874320842 5.258127374886873e-05 0.026062297186321283 1.357895875178138e-05 6.381451423896967e-06 3.3248590882876306e-09 0.05011980228138709 2.6113382214964196e-05 0.25684278515069714 5.8708594598732136e-05
59906.95243037535 0.3068640213673031 5.258293713829252e-05 0.02603536127803801 1.3578037314101393e-05 6.3748560655124235e-06 3.3246334708083675e-09 0.05006800245776541 2.611161021942576e-05 0.25679601890953774 5.8709296251452735e-05
59906.95257065556 0.3069454617566771 5.2587986172745275e-05 0.026005615252448613 1.3576174138734674e-05 6.367572639343361e-06 3.3241772653168897e-09 0.05001079856240118 2.6108027189874373e-05 0.2569346631942759 5.8712225076657314e-05
59906.952710935766 0.3068944345126981 5.258526472665417e-05 0.02602860575345245 1.357692843951417e-05 6.373201949926315e-06 3.3243619586978667e-09 0.05005501106433164 2.6109477768296483e-05 0.25683942344836647 5.871043259681764e-05
59906.952851215974 0.30684078198476294 5.258246277042943e-05 0.02604808147170578 1.357796559063847e-05 6.3779706527421334e-06 3.3246159090488906e-09 0.05009246436866496 2.6111472289689367e-05 0.25674831761609795 5.8708810038518176e-05
59906.95299149618 0.30708758977264317 5.26099218855921e-05 0.02605887006672545 1.3579740771203699e-05 6.380612280782745e-06 3.325050568682486e-09 0.05011321166677971 2.6114886098468652e-05 0.25697437810586343 5.873492280359355e-05
59906.95313177639 0.30688508552697247 5.257932782405859e-05 0.026013084360199664 1.3577035142812545e-05 6.369401478449616e-06 3.3243880854015288e-09 0.050025162231153206 2.61096829669472e-05 0.25685992329581925 5.870520640509081e-05
59906.9532720566 0.30688913183647437 5.25866745765388e-05 0.026044170190829226 1.3577059107856341e-05 6.377012960918558e-06 3.3243939533325775e-09 0.05008494267467159 2.610972905356989e-05 0.2568041891618028 5.87118071112585e-05
59906.95341233681 0.3069808629354184 5.2582991521168764e-05 0.02604915952420804 1.3579638256010648e-05 6.378234617949284e-06 3.3250254674521534e-09 0.05009453754655393 2.611468895386663e-05 0.25688632538886447 5.871071432432508e-05
59906.953552617015 0.3074301466937083 5.272290327175839e-05 0.02602310286665578 1.3577011668141126e-05 6.371854547410984e-06 3.32438233754e-09 0.05004442858972266 2.6109637823348323e-05 0.2573857181039856 5.883381439843598e-05
59906.95369289722 0.30684251222986847 5.257576274745357e-05 0.026030704730327807 1.357787636922873e-05 6.373715892303467e-06 3.324594062851368e-09 0.05005904755832271 2.6111300710055253e-05 0.2567834646715458 5.870273292826713e-05
59906.95383317743 0.30692870300464625 5.259071937555053e-05 0.026041837503516376 1.3585965088889851e-05 6.376441793662361e-06 3.326574616262679e-09 0.0500804567375315 2.6126855940172794e-05 0.2568482462671148 5.8723047994432715e-05
59906.95397345764 0.3069355890947242 5.2597761614054787e-05 0.02604226847126193 1.357945365481361e-05 6.376547317734696e-06 3.324980267155216e-09 0.050081285521657554 2.6114333951564635e-05 0.2568543035730666 5.872378533901554e-05
59906.95411373785 0.3069706798535843 5.258537919890905e-05 0.026032536495720206 1.3577816677463734e-05 6.374164406944674e-06 3.324579447098351e-09 0.050062570184077324 2.6111185918199487e-05 0.25690810966950695 5.871129478684519e-05
59906.954254018056 0.30691072269053743 5.258505834453641e-05 0.02602542605394346 1.3578613175847905e-05 6.372423388550311e-06 3.3247744727214364e-09 0.05004889625758358 2.6112717645861357e-05 0.25686182643295385 5.871168864843505e-05
59906.954394298264 0.30689172110952123 5.257779637520258e-05 0.02605071024365927 1.357883275158909e-05 6.378614317435457e-06 3.324828236666964e-09 0.050097519699344756 2.61131399069021e-05 0.2567942014101765 5.870537239018001e-05
59906.95453457847 0.3068133398698296 5.257427411795624e-05 0.026021304048876474 1.3578173341940343e-05 6.371414100116679e-06 3.3246667777360087e-09 0.05004096932476246 2.6111871811423737e-05 0.2567723705450672 5.8701653712022704e-05
59906.95467485868 0.3071793757483432 5.2624128149651037e-05 0.026015972894267554 1.3576703731488082e-05 6.3701087468729915e-06 3.3243069380930907e-09 0.05003071710436068 2.6109045637477084e-05 0.2571486586439825 5.8745051941510406e-05
59906.95481513889 0.3069130127566421 5.2579603496118245e-05 0.026036443173905473 1.357894361002673e-05 6.3751209717819886e-06 3.324855380772093e-09 0.0500700830267413 2.6113353096205255e-05 0.2568429297299008 5.8707085720005745e-05
59906.954955419096 0.30690920386418497 5.258032462803828e-05 0.025996328455138076 1.3574363411715315e-05 6.365298732116492e-06 3.3237339020003958e-09 0.049992939336803995 2.6104545022529454e-05 0.256916264527381 5.8703814261282515e-05
59906.955095699304 0.30683154788688416 5.257486198878921e-05 0.026016483087606228 1.3587070257380922e-05 6.37023366962958e-06 3.326845220921607e-09 0.05003169824539659 2.6128981264194084e-05 0.25679984964148755 5.870979283769308e-05
59906.95523597951 0.3068478194337353 5.257956173752325e-05 0.026037062690039206 1.3578348801667057e-05 6.375272662635848e-06 3.324709739709578e-09 0.05007127440392155 2.611220923397511e-05 0.25677654502981373 5.8706539530012447e-05
