Original_Data_Set_NRCA3_DataChallengeSimulation/Results/25512_radii/DataChallengeSimulation_nrca3_level3_asn_phot.ecsv
# %ECSV 0.9
# ---
# datatype:
# - {name: MJD, datatype: float64}
# - {name: aperture_sum, unit: Jy, datatype: float64}
# - {name: aperture_sum_err, unit: Jy, datatype: float64}
# - {name: annulus_sum, unit: Jy, datatype: float64}
# - {name: annulus_sum_err, unit: Jy, datatype: float64}
# - {name: annulus_mean, unit: Jy, datatype: float64}
# - {name: annulus_mean_err, unit: Jy, datatype: float64}
# - {name: aperture_bkg, unit: Jy, datatype: float64}
# - {name: aperture_bkg_err, unit: Jy, datatype: float64}
# - {name: net_aperture_sum, unit: Jy, datatype: float64}
# - {name: net_aperture_sum_err, unit: Jy, datatype: float64}
# meta: !!omap
# - {instrument: NIRCAM}
# - {detector: NRCA3}
# - {channel: SHORT}
# - {subarray: SUBGRISM64}
# - {filter: WLP4}
# - {pupil: CLEAR}
# - {target_name: UNKNOWN}
# - {xcenter: 1054.0}
# - {ycenter: 22.0}
# - ra_icrs: !numpy.ndarray
#     buffer: !!binary |
#       RjByVEdwN3haVUE9
#     dtype: float64
#     order: C
#     shape: !!python/tuple []
# - dec_icrs: !numpy.ndarray
#     buffer: !!binary |
#       Wkg2dmxQdXpPa0E9
#     dtype: float64
#     order: C
#     shape: !!python/tuple []
# - {apertures: Photometry measured in a circular aperture of r=25.0 pixels.  Background calculated as the mean in a circular annulus
#     with r_inner=5.0 pixels and r_outer=12.0 pixels.}
# - {number_of_integrations: 2350}
# - __serialized_columns__:
#     annulus_mean:
#       __class__: astropy.units.quantity.Quantity
#       unit: &id001 !astropy.units.Unit {unit: Jy}
#       value: !astropy.table.SerializedColumn {name: annulus_mean}
#     annulus_mean_err:
#       __class__: astropy.units.quantity.Quantity
#       unit: *id001
#       value: !astropy.table.SerializedColumn {name: annulus_mean_err}
#     annulus_sum:
#       __class__: astropy.units.quantity.Quantity
#       unit: *id001
#       value: !astropy.table.SerializedColumn {name: annulus_sum}
#     annulus_sum_err:
#       __class__: astropy.units.quantity.Quantity
#       unit: *id001
#       value: !astropy.table.SerializedColumn {name: annulus_sum_err}
#     aperture_bkg:
#       __class__: astropy.units.quantity.Quantity
#       unit: *id001
#       value: !astropy.table.SerializedColumn {name: aperture_bkg}
#     aperture_bkg_err:
#       __class__: astropy.units.quantity.Quantity
#       unit: *id001
#       value: !astropy.table.SerializedColumn {name: aperture_bkg_err}
#     aperture_sum:
#       __class__: astropy.units.quantity.Quantity
#       unit: *id001
#       value: !astropy.table.SerializedColumn {name: aperture_sum}
#     aperture_sum_err:
#       __class__: astropy.units.quantity.Quantity
#       unit: *id001
#       value: !astropy.table.SerializedColumn {name: aperture_sum_err}
#     net_aperture_sum:
#       __class__: astropy.units.quantity.Quantity
#       unit: *id001
#       value: !astropy.table.SerializedColumn {name: net_aperture_sum}
#     net_aperture_sum_err:
#       __class__: astropy.units.quantity.Quantity
#       unit: *id001
#       value: !astropy.table.SerializedColumn {name: net_aperture_sum_err}
# schema: astropy-2.0
MJD aperture_sum aperture_sum_err annulus_sum annulus_sum_err annulus_mean annulus_mean_err aperture_bkg aperture_bkg_err net_aperture_sum net_aperture_sum_err
[from data line 211]
59491.95638825035 1.4519255015940675 0.0004016935886823001 0.17596465162036729 0.00012997298619064708 0.00047068309436680246 3.476612305992628e-07 0.9241840946447862 0.0006826312299928944 0.5277414069492813 0.0007920499576100467
59491.95642373055 1.4568762771949793 0.00040208433779367035 0.17694563619403927 0.00013013593021327267 0.0004733071035096057 3.480970851647778e-07 0.9293363245485257 0.000683487028431054 0.5275399526464536 0.000792985707773152
59491.95645921076 1.4496992945823104 0.0004015503016931451 0.1755728642961007 0.00012994822407245068 0.00046963511303406674 3.4759499507804627e-07 0.9221263881097727 0.0006825011768511065 0.5275729064725377 0.0007918652039286745
59491.956494690974 1.4465729160549947 0.0004012878916592122 0.17491003409504016 0.00012983874933138805 0.0004678621264302116 3.4730216404974673e-07 0.9186451370537824 0.000681926204471576 0.5279277790012123 0.0007912365767185597
59491.95653017118 1.457781840936077 0.0004021862950313133 0.17705396309333252 0.00013016035011284726 0.0004735968642069559 3.48162405294645e-07 0.9299052683473347 0.0006836152842061306 0.5278765725887423 0.0007931479513377332
59491.95656565139 1.4590174158425497 0.00040227054636737006 0.17715550345525727 0.00013016842963392862 0.0004738684717787822 3.4818401698738307e-07 0.9304385685675277 0.0006836577186655915 0.528578847275022 0.0007932272491321409
59491.9566011316 1.4507118792170681 0.00040158998143683826 0.17578128188678777 0.00012995968614244188 0.00047019260361869114 3.476256546595112e-07 0.9232210183129611 0.0006825613767985392 0.527490860904107 0.0007919372110764575
59491.95663661181 1.4492480054920651 0.00040149913663556526 0.1755167636301919 0.00012991353888112261 0.00046948505087793 3.475022165965009e-07 0.9218317417552095 0.0006823190067285852 0.5274162637368556 0.0007916822491771476
59491.95667209201 1.4528903801149975 0.00040175993574650216 0.17642652343929863 0.00013006334109618185 0.00047191854282155484 3.4790291849587557e-07 0.926609892013123 0.0006831057830681821 0.5262804881018744 0.0007924926225727453
59491.95670757222 1.4593114066633233 0.00040225887117012796 0.17748007330187793 0.00013022008810084862 0.0004747366548958957 3.4832219682541445e-07 0.9321432421317118 0.0006839290341431125 0.5271681645316114 0.0007934551803214826
59491.95674305243 1.4470169436907017 0.0004013379351467086 0.17488230097134744 0.00012983498108001278 0.0004677879438466305 3.4729208445591164e-07 0.9184994798915307 0.0006819064132353613 0.528517463799171 0.0007912449017841057
59491.956778532636 1.4566623745394713 0.0004020993908736808 0.1768820699483863 0.00013013435404806553 0.00047313707187583313 3.4809286912303246e-07 0.9290024682163146 0.0006834787502524451 0.5276599063231567 0.0007929862055468742
59491.95681401285 1.4596680777658677 0.0004022512898434318 0.17758464737468554 0.00013022724524651758 0.0004750163772590316 3.483413412810723e-07 0.9326924757073821 0.0006839666241938949 0.5269756020584856 0.0007934837384546058
59491.95684949306 1.4496258504008765 0.0004015304585103842 0.17573268328962016 0.00012996285141435114 0.000470062608543623 3.4763412135985725e-07 0.9229657735799379 0.0006825780011257939 0.5266600768209386 0.0007919213576690829
59491.95688497326 1.4510561458787732 0.00040163882279126097 0.1758382276409643 0.00012996583449908028 0.00047034492627861195 3.476421007326355e-07 0.9235201031563252 0.0006825936685876066 0.527536042722448 0.0007919898107734955
59491.95692045347 1.4466551838500403 0.0004013142339352538 0.17486400556058526 0.00012983303313100953 0.00046773900594648436 3.472868739397309e-07 0.9184033905492924 0.0006818961824107644 0.5282517933007479 0.0007912240630475125
59491.95695593368 1.4560438621037803 0.000402009699597733 0.17676466184229694 0.00013011229718794658 0.0004728230201036789 3.480338698235868e-07 0.9283858290036605 0.0006833629053988792 0.5276580331001198 0.000792840878768153
59491.95699141389 1.4536620692807791 0.00040185733550077564 0.17611154270924007 0.00013000043187188048 0.00047107600937336137 3.477346443107724e-07 0.9249555814560929 0.0006827753774783639 0.5287064878246862 0.0007922572399079136
59491.957026894095 1.4694257646759559 0.0004030612009361373 0.1794142665642547 0.00013052002702264038 0.0004799103762169428 3.491244953469071e-07 0.9423018201904133 0.0006855043436063045 0.5271239444855426 0.0007952198040813568
59491.957062374306 1.4600711856415665 0.00040233699983027737 0.17745149322714387 0.00013020608466810443 0.0004746602068258477 3.482847394213558e-07 0.9319931366971843 0.0006838554867022292 0.5280780489443822 0.0007934314010203852
59491.957097854516 1.4531167559040683 0.0004018135184804676 0.1761805547294516 0.00013004336065922074 0.0004712606077624273 3.4784947336465714e-07 0.9253180395454391 0.0006830008437984283 0.5277987163586292 0.0007924293383406612
59491.95713333472 1.4592525241626444 0.0004022728383753871 0.17740156474436486 0.00013021758482735242 0.0004745266544756736 3.4831550088674505e-07 0.931730907270824 0.0006839158866982796 0.5275216168918204 0.0007934509289003853
59491.95716881493 1.4702168769579356 0.0004031428791828988 0.17944339135691656 0.0001305172558532252 0.0004799882813382649 3.49117082820679e-07 0.9424547865384274 0.0006854897891450904 0.5277620904195082 0.0007952486605194993
59491.95720429514 1.4600246261158545 0.00040232446770388687 0.1775645976841033 0.00013022426863868236 0.00047496274688317233 3.4833337923316273e-07 0.9325871727106266 0.0006839509907493822 0.5274374534052279 0.0007935073629527815
59491.95723977534 1.469818128596617 0.0004031182067536361 0.17926030942410634 0.00013047630692663854 0.00047949856042065874 3.4900754964285426e-07 0.9414932217652644 0.0006852747212533537 0.5283249068313526 0.0007950507733504376
59491.957275255554 1.4514692710614612 0.0004016526979054339 0.17610454346015145 0.00012999718225553434 0.00047105728727100195 3.4772595199977e-07 0.9249188206940728 0.0006827583101656216 0.5265504503673883 0.0007921387503682224
59491.957310735765 1.4547483766247866 0.00040192207536762184 0.1765923028922357 0.00013007764783217198 0.00047236198180303397 3.479411871975956e-07 0.9274805824172044 0.0006831809234882983 0.5272677942075822 0.0007926395958354215
59491.957346215975 1.4494158388797451 0.00040150613575995047 0.17547133379970173 0.00012992657186840781 0.00046936353185126896 3.4753707818221e-07 0.9215931397043159 0.0006823874572920579 0.5278226991754292 0.0007917447940608184
59491.95738169618 1.4518556267926854 0.00040168945669557073 0.17609167337214884 0.00013002681485179004 0.0004710228614201844 3.47805215431211e-07 0.9248512256940591 0.0006829139435493174 0.5270044010986263 0.0007922915334108165
59491.95741717639 1.451198870676507 0.0004016133328303996 0.1757983526762007 0.0001299498483873235 0.00047023826581226336 3.4759933991403193e-07 0.9233106758203818 0.0006825097079166151 0.5278881948561253 0.0007919045210803917
59491.9574526566 1.4539425894507059 0.00040185365250117064 0.17640411064189881 0.0001300473029192134 0.00047185859143508935 3.478600184094434e-07 0.9264921777410653 0.0006830215489454485 0.5274504117096406 0.0007924675352040431
59491.9574881368 1.455806730410731 0.00040199823972091693 0.1769115411623357 0.00013014301967356263 0.00047321590363010155 3.481160485706433e-07 0.9291572540038641 0.0006835242629914004 0.5266494764068669 0.0007929741501692555
59491.95752361701 1.454891112737247 0.0004019313578817809 0.17642699824956348 0.00013005362213060708 0.0004719198128787092 3.478769214973383e-07 0.9266123857645141 0.0006830547380809195 0.5282787269727329 0.0007925355459936708
59491.95755909722 1.4562287664175038 0.000402020053761004 0.1769711832261281 0.00013012452691139813 0.000473375438575795 3.4806658278056093e-07 0.9294705001372274 0.0006834271371396961 0.5267582662802763 0.0007929014916147917
59491.957594577434 1.4517338157412096 0.00040168974826455285 0.17612475946190684 0.00013002528763632768 0.00047111136250812673 3.478011303238161e-07 0.9250249971738805 0.0006829059224597043 0.5267088185673291 0.0007922847674866528
59491.95763005764 1.4483487020773052 0.00040145139499023934 0.1753211161555865 0.00012989475455440442 0.00046896171873193177 3.4745197090826803e-07 0.9208041814894249 0.0006822203495504434 0.5275445205878803 0.0007915730085597527
59491.95766553785 1.4562724186346039 0.0004020448492319599 0.17681570623904697 0.00013011269221066774 0.00047295955738199674 3.4803492645919525e-07 0.9286539193227258 0.0006833649800980448 0.5276184993118781 0.0007928604901357809
59491.95770101806 1.4539475551168868 0.0004018549630885112 0.17646471535435326 0.00013007212330601341 0.00047202070134369083 3.479264097917741e-07 0.9268104798022756 0.0006831519081198184 0.5271370753146112 0.0007925805580044325
59491.95773649826 1.4526836244934866 0.0004017570701761047 0.17617365105687155 0.00013002776548880825 0.00047124214131508943 3.478077582644973e-07 0.9252817807608801 0.0006829189363907997 0.5274018437326066 0.0007923301187747621
59491.95777197847 1.4596007161688311 0.00040230290859761 0.1774886490482839 0.00013022385109377285 0.0004747595939283531 3.4833226235356087e-07 0.9321882828166173 0.000683948797761412 0.5274124333522139 0.0007934945420262057
59491.95780745868 1.4482778996221048 0.00040141796465431145 0.17531270976185265 0.00012989251539583335 0.00046893923269636346 3.4744598144347896e-07 0.9207600302618313 0.0006822085892638307 0.5275178693602736 0.0007915459188275536
59491.957842938886 1.458784819338904 0.0004022297071189445 0.17741450563791342 0.00013020864139160325 0.00047456126972233374 3.482915783319937e-07 0.931798874148705 0.0006838689148718658 0.5269859451901989 0.0007933885744179929
59491.957878419096 1.448845158911851 0.0004014418035258583 0.17540781919872758 0.00012990644475979087 0.00046919363836045306 3.4748324072294054e-07 0.921259554615166 0.0006822817476879773 0.527585604296685 0.0007916210613963315
59491.95791389931 1.45935539185763 0.00040227169258573773 0.17751089833109884 0.0001302200371909946 0.00047481910793407153 3.4832206064802086e-07 0.9323051382935864 0.0006839287667594255 0.5270502535640437 0.0007934614500130821
59491.95794937952 1.4599298190054741 0.00040233150461985764 0.1775015078012871 0.00013021741593047237 0.00047479398945948683 3.4831504910904196e-07 0.932255818284071 0.0006839149996348339 0.5276740007214031 0.0007934799092196307
59491.95798485972 1.4604375134227976 0.0004023736590457668 0.17763869327931392 0.0001302455097445514 0.0004751609431897119 3.4839019649359626e-07 0.9329763302484975 0.0006840625511793666 0.5274611831743001 0.0007936284618257479
59491.95802033993 1.4562721928769622 0.00040205149669563493 0.17661785669135643 0.00013008601585452086 0.00047243033497017413 3.479635705945826e-07 0.9276147935470401 0.0006832248731855088 0.5286573993299221 0.0007927431067720202
59491.95805582014 1.4545493286264775 0.00040192824100055796 0.1762983418415574 0.00013004639468898094 0.0004715756733275392 3.478575890089231e-07 0.9259366693359108 0.0006830167788286815 0.5286126592905667 0.0007925012498888002
59491.958091300345 1.454277138212243 0.00040187728715234533 0.17653357734044037 0.00013007754176693574 0.0004722048984105293 3.479409034865596e-07 0.9271721498972709 0.0006831803664229818 0.5271049883149721 0.0007926164059586253
59491.958126780555 1.4563751600380952 0.00040207025589785914 0.1768506469563042 0.0001301300567506542 0.0004730530193629491 3.480813743982434e-07 0.9288374314931944 0.0006834561804130999 0.5275377285449008 0.0007929519791403724
59491.958162260766 1.4558796602638011 0.0004020085762563797 0.1768237302975969 0.00013013257677533448 0.00047298102071950736 3.4808811514420273e-07 0.9286960624873788 0.0006834694158368408 0.5271835977764223 0.0007929321142241837
59491.95819774097 1.449518301021386 0.00040154268281995597 0.17562488055487394 0.0001299482673011636 0.0004697742499198635 3.47595110709363e-07 0.9223995827461867 0.000682501403892666 0.5271187182751992 0.0007918615361549693
59491.95823322118 1.4602679916790042 0.00040237789621933723 0.17761066558363706 0.00013024548519077663 0.0004750859726634859 3.4839013081536726e-07 0.9328291259644804 0.0006840624222204656 0.5274388657145238 0.0007936304989477346
59491.95826870139 1.4590007725545446 0.0004022657805498109 0.17747244426258224 0.00013023197752839828 0.0004747162481847201 3.4835399953407097e-07 0.932103173648016 0.0006839914786155373 0.5268975989065287 0.0007935125084206409
59491.9583041816 1.459697081245249 0.0004022814052305449 0.17747885239512712 0.00013021480616800615 0.00047473338912540087 3.4830806832590255e-07 0.9321368298063399 0.000683901292899192 0.5275602514389091 0.0007934426932195218
59491.9583396618 1.446758450977488 0.0004013297424822189 0.17506509467254572 0.00012985773646600272 0.0004682768937812821 3.4735295222334465e-07 0.9194595308432024 0.0006820259268172413 0.5272989201342856 0.0007913437477176155
59491.958375142014 1.458410737460976 0.00040218909955251343 0.1771962262532734 0.0001301730937545401 0.00047397740009140065 3.481964929176435e-07 0.930652448809209 0.0006836822150973746 0.527758288651767 0.0007932070618945058
59491.958410622225 1.4521558196570967 0.00040172354626037194 0.17605739272622156 0.00013000857822979324 0.0004709311650462061 3.477564347835457e-07 0.9246711802847771 0.0006828181629716032 0.5274846393723196 0.0007922262626951495
59491.95844610243 1.4525960406158704 0.0004017401765562867 0.17623387405492372 0.00013003796424447002 0.00047140323018614517 3.4783503864058065e-07 0.9255980780195574 0.0006829725012839812 0.526997962596313 0.0007923677220644303
59491.95848158264 1.4550716015765162 0.00040193220221880206 0.1767756409606785 0.00013011368712076004 0.00047285238785092624 3.480375877173318e-07 0.9284434924405384 0.0006833702054661767 0.5266281091359778 0.0007928078789336926
59491.95851706285 1.4558875869916146 0.00040201083826454 0.17691334852953094 0.00013012046029278258 0.00047322073810780074 3.480557050922528e-07 0.929166746478629 0.0006834057788486481 0.5267208405129856 0.0007928784097488627
59491.95855254305 1.4517693854065534 0.0004016785013084437 0.17607614584181447 0.00012999859330855396 0.0004709813272486428 3.477297263873841e-07 0.9247696735389416 0.0006827657211583716 0.5269997118676119 0.0007921582218233355
59491.95858802326 1.456326464769985 0.0004020292026748916 0.17689166960480954 0.00013012528273000432 0.0004731627497375431 3.480686044993383e-07 0.929052886579882 0.0006834311067752327 0.5272735781901029 0.0007929095519108271
59491.95862350347 1.449583709193255 0.0004015242324862891 0.17564393731853822 0.0001299572301118421 0.0004698252243423258 3.476190850895895e-07 0.922499670790642 0.0006825484774781623 0.5270840384026131 0.0007918927537119285
59491.95865898368 1.4594217131345353 0.00040229188544616386 0.1773495131756857 0.00013020629502121658 0.0004743874231403631 3.482853020892145e-07 0.9314575271832233 0.0006838565914979863 0.527964185951312 0.0007934094774018477
59491.95869446389 1.4539425589682144 0.00040186043752083323 0.176576268516562 0.00013009281702171924 0.0004723190918845825 3.479817628530434e-07 0.9273963682592543 0.0006832605936014667 0.5265461907089601 0.0007926770149392905
59491.9587299441 1.4589919609550663 0.000402234466214247 0.17731971463426519 0.00013020573323757053 0.0004743077158266823 3.482837993893117e-07 0.9313010222387877 0.0006838536409536269 0.5276909387162786 0.0007933778217571954
59491.95876542431 1.4487621116991392 0.00040143366602396783 0.175312444765364 0.00012987829718231618 0.0004689385238644127 3.4740794952813117e-07 0.9207586384735506 0.0006821339137726691 0.5280034732255886 0.0007914895226951913
59491.95880090451 1.4480667282604371 0.00040139290385421227 0.1753709076555005 0.00012990219369544178 0.0004690949046703398 3.474718696657211e-07 0.9210656914679649 0.0006822594206693372 0.5270010367924722 0.0007915770211145448
