Original_Data_Set_NRCA3_DataChallengeSimulation/Results/25512_radii/DataChallengeSimulation_nrca3_level3_asn_phot.ecsv
# %ECSV 0.9
# ---
# datatype:
# - {name: MJD, datatype: float64}
# - {name: aperture_sum, unit: Jy, datatype: float64}
# - {name: aperture_sum_err, unit: Jy, datatype: float64}
# - {name: annulus_sum, unit: Jy, datatype: float64}
# - {name: annulus_sum_err, unit: Jy, datatype: float64}
# - {name: annulus_mean, unit: Jy, datatype: float64}
# - {name: annulus_mean_err, unit: Jy, datatype: float64}
# - {name: aperture_bkg, unit: Jy, datatype: float64}
# - {name: aperture_bkg_err, unit: Jy, datatype: float64}
# - {name: net_aperture_sum, unit: Jy, datatype: float64}
# - {name: net_aperture_sum_err, unit: Jy, datatype: float64}
# meta: !!omap
# - {instrument: NIRCAM}
# - {detector: NRCA3}
# - {channel: SHORT}
# - {subarray: SUBGRISM64}
# - {filter: WLP4}
# - {pupil: CLEAR}
# - {target_name: UNKNOWN}
# - {xcenter: 1054.0}
# - {ycenter: 22.0}
# - ra_icrs: !numpy.ndarray
#     buffer: !!binary |
#       RjByVEdwN3haVUE9
#     dtype: float64
#     order: C
#     shape: !!python/tuple []
# - dec_icrs: !numpy.ndarray
#     buffer: !!binary |
#       Wkg2dmxQdXpPa0E9
#     dtype: float64
#     order: C
#     shape: !!python/tuple []
# - {apertures: Photometry measured in a circular aperture of r=25.0 pixels.  Background calculated as the mean in a circular annulus
#     with r_inner=5.0 pixels and r_outer=12.0 pixels.}
# - {number_of_integrations: 2350}
# - __serialized_columns__:
#     annulus_mean:
#       __class__: astropy.units.quantity.Quantity
#       unit: &id001 !astropy.units.Unit {unit: Jy}
#       value: !astropy.table.SerializedColumn {name: annulus_mean}
#     annulus_mean_err:
#       __class__: astropy.units.quantity.Quantity
#       unit: *id001
#       value: !astropy.table.SerializedColumn {name: annulus_mean_err}
#     annulus_sum:
#       __class__: astropy.units.quantity.Quantity
#       unit: *id001
#       value: !astropy.table.SerializedColumn {name: annulus_sum}
#     annulus_sum_err:
#       __class__: astropy.units.quantity.Quantity
#       unit: *id001
#       value: !astropy.table.SerializedColumn {name: annulus_sum_err}
#     aperture_bkg:
#       __class__: astropy.units.quantity.Quantity
#       unit: *id001
#       value: !astropy.table.SerializedColumn {name: aperture_bkg}
#     aperture_bkg_err:
#       __class__: astropy.units.quantity.Quantity
#       unit: *id001
#       value: !astropy.table.SerializedColumn {name: aperture_bkg_err}
#     aperture_sum:
#       __class__: astropy.units.quantity.Quantity
#       unit: *id001
#       value: !astropy.table.SerializedColumn {name: aperture_sum}
#     aperture_sum_err:
#       __class__: astropy.units.quantity.Quantity
#       unit: *id001
#       value: !astropy.table.SerializedColumn {name: aperture_sum_err}
#     net_aperture_sum:
#       __class__: astropy.units.quantity.Quantity
#       unit: *id001
#       value: !astropy.table.SerializedColumn {name: net_aperture_sum}
#     net_aperture_sum_err:
#       __class__: astropy.units.quantity.Quantity
#       unit: *id001
#       value: !astropy.table.SerializedColumn {name: net_aperture_sum_err}
# schema: astropy-2.0
MJD aperture_sum aperture_sum_err annulus_sum annulus_sum_err annulus_mean annulus_mean_err aperture_bkg aperture_bkg_err net_aperture_sum net_aperture_sum_err
[from data line 1894]
59492.016101440975 1.455561621765669 0.0004019017668050621 0.17686469368974211 0.00013007131439788617 0.00047309059259086403 3.479242460652706e-07 0.9289112063536877 0.0006831476596527636 0.5266504154119813 0.0007926006277123924
59492.01613692118 1.4550470312984078 0.00040187532664729775 0.1765330061408934 0.00013003050308188165 0.00047220337052428745 3.478150809782756e-07 0.9271691498996504 0.0006829333145056811 0.5278778813987575 0.0007924024799491656
59492.01617240139 1.4591199469209564 0.00040222684987653617 0.17722020386961468 0.00013015094609267194 0.00047404153716979185 3.4813725073505114e-07 0.9307783816681443 0.0006835658933438653 0.5283415652528121 0.0007931259479455946
59492.0162078816 1.4542807405097848 0.00040181799550274584 0.1765814200061635 0.00013005345879839122 0.00047233287146499197 3.478764846044052e-07 0.9274234244021192 0.0006830538802436514 0.5268573161076656 0.0007924773213321332
59492.0162433618 1.45947449417754 0.0004022136666540176 0.1775463619161528 0.0001301809032080384 0.0004749139685199724 3.4821738221389727e-07 0.9324913966184497 0.0006837232311346555 0.5269830975590902 0.0007932548710449137
59492.01627884201 1.4601286906979447 0.0004022983115304674 0.17752921993895737 0.000130171684823767 0.00047486811590812325 3.481927242067693e-07 0.9324013652256165 0.0006836748152508771 0.5277273254723283 0.0007932560648798003
59492.01631432222 1.4569343481517523 0.0004020100087165332 0.1769414954728399 0.00013009039982568186 0.0004732960276062974 3.479752971606439e-07 0.929314577063235 0.0006832478982441275 0.5276197710885173 0.0007927419110677098
59492.016349802434 1.4509119751356299 0.0004015966384161631 0.1757680634441966 0.00012991979387785824 0.0004701572459635926 3.4751894791834123e-07 0.92315159371952 0.0006823518586021967 0.5277603814161098 0.0007917600134668552
59492.01638528264 1.4479480228789585 0.0004013559384245486 0.17543313754751783 0.00012988860357362976 0.000469261361727863 3.4743551781591257e-07 0.9213925291361231 0.0006821880439791479 0.5265554937428354 0.0007914967571991347
59492.01642076285 1.4543480319459148 0.0004018276586001494 0.17650218292869474 0.00013002991365798175 0.00047212092234641536 3.478135043442042e-07 0.9270072632809598 0.000682930218791921 0.5273407686649549 0.000792375637532641
59492.01645624306 1.4562447300585377 0.00040197391896792023 0.17681720917303392 0.00013007328237631073 0.0004729635775395289 3.4792951015760953e-07 0.9286618128835816 0.0006831579956739008 0.5275829171749561 0.0007926461244361254
59492.01649172326 1.4540123734658164 0.0004018084333140323 0.1763526160661354 0.00012999637397664312 0.0004717208499850865 3.47723789956393e-07 0.9262217230364255 0.0006827540650033778 0.5277906504293909 0.0007922140685199385
59492.01652720347 1.4697376765437302 0.00040302591054744327 0.17938615073195802 0.00013045242948190198 0.0004798351699364528 3.489436805107832e-07 0.9421541530039813 0.0006851493145057878 0.5275835235397489 0.0007948958848430067
59492.01656268368 1.4559896767307974 0.00040196318898556084 0.17688006768125938 0.0001300929607184425 0.00047313171606557034 3.479821472235276e-07 0.9289919521074548 0.0006832613483111475 0.5269977246233426 0.0007927297618958235
59492.016598163886 1.456581546736131 0.00040201114562467266 0.17688297765896205 0.0001300882672431326 0.00047313949988633786 3.4796959277317714e-07 0.9290072356037924 0.0006832366977055283 0.5275743111323385 0.000792732834123841
59492.016633644096 1.4562572531544589 0.00040198912824761175 0.17669911202514876 0.00013003924407045336 0.00047264768266808393 3.478384620125394e-07 0.9280415547539327 0.0006829792230591039 0.5282156984005262 0.0007924997655265848
59492.01666912431 1.4511234255647547 0.00040157401531994526 0.175983511811039 0.00012994364701311608 0.0004707335429814757 3.4758275202564416e-07 0.924283150268062 0.000682477137673929 0.5268402752966928 0.0007918565105041334
59492.01670460452 1.44930329201752 0.00040142683658656324 0.17567035603423947 0.00012991329270221249 0.0004698958910514685 3.4750155809918274e-07 0.9226384245495771 0.0006823177137721245 0.5266648674679428 0.0007916444704910874
59492.01674008472 1.4531840283699147 0.0004017616337201488 0.17632666405114067 0.00013001586539704407 0.00047165143164105955 3.4777592703042146e-07 0.9260854204366633 0.0006828564359088451 0.5270986079332514 0.0007922785636325229
59492.01677556493 1.456084710466854 0.00040196640051684123 0.17686568271600817 0.00013007641758266194 0.0004730932381105126 3.479378964364063e-07 0.9289164008193707 0.0006831744620938127 0.5271683096474833 0.0007926565036645041
59492.01681104514 1.456147993411086 0.0004019718051831839 0.17683708686623456 0.0001300743918709044 0.00047301674784423726 3.479324779147342e-07 0.9287662125327446 0.0006831638228513887 0.5273817808783413 0.0007926500747588125
59492.016846525345 1.4592871521019113 0.00040222014322725455 0.17735533239419637 0.0001301616825613192 0.00047440298881079845 3.481659694250774e-07 0.9314880903056533 0.0006836222823598698 0.527799061796258 0.0007931711470777733
59492.016882005555 1.459364446331221 0.0004022359859794202 0.17717365713883493 0.0001301149781946666 0.0004739170305767101 3.480410411760566e-07 0.9305339135443012 0.0006833769863165264 0.5288305327869198 0.0007929677760438277
59492.016917485766 1.449978031315252 0.00040148606543516315 0.17570840669055815 0.0001299157388128435 0.00046999767172442667 3.4750810113444786e-07 0.9228382704336038 0.0006823305609918251 0.5271397608816482 0.0007916855784981983
59492.01695296597 1.4472084139170458 0.0004012947992828028 0.17485876693639824 0.00012979451004429385 0.0004677249932921253 3.471838295754626e-07 0.9183758767667975 0.0006816938552746526 0.5288325371502482 0.0007910398398631032
59492.01698844618 1.4545414430274208 0.00040183124597264303 0.17666014353829956 0.00013006259026238507 0.0004725434469150274 3.4790091011083024e-07 0.9278368883314053 0.0006831018396133671 0.5267045546960155 0.0007925253772107824
59492.01702392639 1.4550123975546643 0.00040186930850596644 0.1766664752551649 0.00013004250329280804 0.00047256038345347076 3.4784718001839456e-07 0.9278701431468747 0.0006829963408235717 0.5271422544077896 0.0007924537479862482
59492.0170594066 1.448614921196857 0.0004013609697828935 0.1755027870773949 0.00012988350113398356 0.00046944766537431614 3.4742186943790383e-07 0.9217583354905194 0.0006821612454515944 0.5268565857063376 0.0007914762111782863
59492.0170948868 1.4476959501886761 0.00040134920073971506 0.1750350962459495 0.00012981318686923368 0.0004681966518001432 3.472337877100918e-07 0.9193019760816676 0.0006817919478426139 0.5283939741070085 0.0007911519709116787
59492.017130367014 1.4558709399783907 0.0004019486669382148 0.17661954320713602 0.0001300450112012308 0.00047243484618568547 3.478538883549039e-07 0.9276236512979834 0.0006830095126115063 0.5282472886804073 0.0007925053470931381
59492.017165847225 1.4527868436921054 0.00040169420814914936 0.17611264800450713 0.00012996552002521677 0.00047107896589782065 3.4764125955499094e-07 0.9249613865782937 0.0006825920169391638 0.5278254571138117 0.0007920164761225916
59492.01720132743 1.4591237802665848 0.0004021927134323112 0.177307863966835 0.00013014696840585156 0.00047427601679642263 3.481266109280001e-07 0.9312387813384192 0.0006835450021315734 0.5278849989281656 0.0007930906308090506
59492.01723680764 1.4593741944500462 0.0004022241605712443 0.17738903449791707 0.0001301590700788479 0.000474493137657853 3.4815898136626983e-07 0.9316650971529259 0.0006836085613384869 0.5277090972971203 0.0007931613584148676
59492.01727228785 1.4597235673359301 0.000402266803677247 0.17749189548855177 0.0001301766315676805 0.00047476827774374947 3.482059561184675e-07 0.9322053334482762 0.0006837007960487422 0.527518233887654 0.00079326247853935
59492.01730776805 1.4496259107007823 0.0004014917421135344 0.17559492141738586 0.0001298956334292229 0.00046969411303209886 3.474543217867844e-07 0.9222422343350098 0.0006822249654896161 0.5273836763657724 0.0007915974497954556
59492.01734324826 1.4556290190154728 0.0004019224916873842 0.1767288885750693 0.00013007400588744544 0.00047272733115729526 3.47931445458004e-07 0.9281979441967926 0.0006831617956273396 0.5274310748186802 0.000792623320581073
59492.01737872847 1.4553260468750675 0.0004019005201890609 0.17678971860489906 0.00013006722310936157 0.00047289004376125884 3.47913302388089e-07 0.9285174296475791 0.0006831261717928655 0.5268086172274884 0.0007925814751283387
59492.01741420868 1.4600116822151499 0.00040227803864841135 0.17757538916519908 0.00013018942220920587 0.0004749916127245114 3.4824016946004866e-07 0.9326438506575582 0.000683767973787846 0.5273678315575917 0.0007933260756818404
59492.01744968889 1.452375694866454 0.00040168401803271364 0.17600001384857816 0.00012995151166135858 0.00047077768383602104 3.4760378896082853e-07 0.9243698206332888 0.0006825184435995723 0.5280058742331651 0.0007919478999255494
59492.0174851691 1.4558259204853272 0.0004019695755386616 0.17670019751937938 0.00013006409872745874 0.0004726505862272856 3.4790494506331685e-07 0.9280472558790934 0.000683109762224048 0.5277786646062338 0.0007926023510591721
59492.01752064931 1.4490107710006037 0.0004014289132739442 0.17530014374675118 0.00012985259072357996 0.0004689056202019371 3.4733918801590834e-07 0.9206940322833571 0.0006819989008591384 0.5283167387172466 0.0007913707558315335
59492.01755612951 1.455053970218191 0.000401878395748734 0.17668437158827166 0.00013005638510955243 0.0004726082538715742 3.478843121150999e-07 0.9279641364930235 0.0006830692495249604 0.5270898337251676 0.0007925211950580051
59492.01759160972 1.4559472756569691 0.0004019484610132952 0.17682861766975091 0.00013008080983496818 0.00047299409381928954 3.479496451534794e-07 0.9287217314587759 0.0006831975306458414 0.5272255441981932 0.0007926672890888912
59492.01762708993 1.4514447839090505 0.00040161816036782705 0.17574234612156622 0.000129930436594777 0.0004700884553918327 3.475474158344009e-07 0.9230165237477218 0.0006824077552246693 0.5284282601613287 0.00079181910252785
59492.01766257014 1.4516730852581097 0.00040159779808290105 0.17601073808732126 0.00012995465802041382 0.00047080636981260696 3.4761220507169216e-07 0.9244261454166034 0.0006825349685946105 0.5272469398415063 0.0007919184142192177
59492.017698050346 1.4552437892770373 0.00040190822488853073 0.17653604800440123 0.0001300154879506999 0.00047221150712283336 3.4777491740938907e-07 0.927185126073536 0.0006828544535225836 0.5280586632035014 0.0007923512011278055
59492.017733530556 1.4520790432830746 0.00040163615960103375 0.1762214319761623 0.00012998297587190347 0.0004713699492056877 3.476879517278656e-07 0.9255327309672391 0.0006826836968062158 0.5265463123158355 0.0007920660544323739
59492.01776901077 1.4591443459570148 0.0004021964488560304 0.17728800806045414 0.00013013163838138705 0.00047422290476869015 3.4808560505957583e-07 0.9311344961158307 0.000683464487297201 0.5280098498411842 0.0007930231326189844
59492.01780449097 1.4520325321553904 0.0004016420183982789 0.17596917668365947 0.00012995075965716846 0.000470695198336395 3.476017774451297e-07 0.9242078607335057 0.0006825144939977335 0.5278246714218847 0.0007919231941672283
59492.01783997118 1.4495792062719453 0.00040148531066387785 0.17552974376864952 0.0001298817245619255 0.0004695197710997376 3.474171173332854e-07 0.9218999147513106 0.0006821519147159953 0.5276792915206346 0.0007915312308617829
59492.01787545139 1.4595525690276059 0.0004022456860907208 0.17727423429541128 0.00013013727817145934 0.0004741860616965631 3.4810069078172715e-07 0.9310621549128744 0.0006834941080433789 0.5284904141147315 0.0007930736332198977
59492.017910931594 1.4465334268898409 0.0004012200419250206 0.17488543772245033 0.00012979031813584516 0.00046779633425744185 3.471726167527635e-07 0.9185159544246342 0.0006816718389487666 0.5280174724652067 0.0007909829442270601
59492.017946411805 1.453550168440297 0.0004017929328870484 0.17640396996252977 0.0001300204581154074 0.0004718582151356444 3.477882119687366e-07 0.9264914388788329 0.0006828805573288204 0.527058729561464 0.0007923152254599785
59492.017981892015 1.456624681421928 0.00040201041720051584 0.17687069352395793 0.00013008413823775177 0.00047310664138537124 3.479585482081955e-07 0.9289427180880144 0.0006832150117528981 0.5276819633339135 0.000792713774209989
59492.018017372226 1.4493843726225082 0.0004014662022480604 0.1753560108757522 0.00012985656710082176 0.00046905505767650627 3.4734982432000295e-07 0.9209874520785305 0.0006820197851933916 0.5283969205439777 0.000791407669246843
59492.01805285243 1.4581675654256363 0.0004021178373902722 0.17725345162486217 0.00013014072320055724 0.00047413047069238596 3.481099057970217e-07 0.9309530022314191 0.000683512201683599 0.5272145631942172 0.0007930243911745655
59492.01808833264 1.45224491277969 0.000401647384683544 0.1760253278958758 0.00012995628133925436 0.00047084539569748455 3.4761654724341795e-07 0.9245027725623729 0.000682543494428857 0.527742140217317 0.000791950909722494
59492.01812381285 1.4516985980982025 0.00040163389055842977 0.17598346180423413 0.00012996290456270866 0.0004707334092196239 3.476342635249634e-07 0.9242828876272802 0.000682578280266327 0.5274157104709223 0.0007919740467568601
59492.01815929305 1.456624101329326 0.00040200427664500315 0.17668785639885756 0.00013004558345507648 0.00047261757529729666 3.478554190612609e-07 0.9279824390696301 0.0006830125181464101 0.5286416622596959 0.0007925361432676572
59492.01819477326 1.4595604848874262 0.0004022193271809645 0.17752750413577292 0.00013017937933393356 0.00047486352635252364 3.482133060442093e-07 0.9323923536542696 0.0006837152275941889 0.5271681312331565 0.0007932508427994775
59492.018230253474 1.451124256969801 0.00040162636808429745 0.17590136869121253 0.00012993392953141784 0.00047051382056867956 3.4755675899628816e-07 0.9238517263193936 0.0006824261004801357 0.5272725306504075 0.0007918390759220637
59492.01826573368 1.4557876118502069 0.00040192556918373505 0.176899302080742 0.0001300736124602624 0.0004731831656412857 3.4793039309025736e-07 0.9290929731131409 0.0006831597293081009 0.526694638737066 0.0007926231001629886
59492.01830121389 1.4561617317779616 0.00040194738971827213 0.17692931263715006 0.00013008765194832183 0.0004732634400681307 3.4796794693770504e-07 0.9292505915816706 0.0006832334661151357 0.526911140196291 0.0007926977187560432
59492.0183366941 1.4489225234307588 0.0004014187892411787 0.17548530948748214 0.00012987470110347496 0.0004694009150410733 3.473983304739576e-07 0.9216665414258516 0.0006821150268039651 0.5272559820049072 0.0007914656999185928
59492.01837217431 1.454795911809103 0.0004018882247897478 0.1766045806661504 0.00013004669578944896 0.00047239482328889426 3.478583944144332e-07 0.9275450665238992 0.0006830183602387026 0.5272508452852037 0.0007924823188234681
59492.01840765451 1.4536114195717453 0.0004017721158529612 0.17618577923478113 0.00012998223607867812 0.00047127458265063573 3.476859728749466e-07 0.9253454791742707 0.0006826798113375953 0.5282659403974747 0.0007921316543889026
59492.01844313472 1.4525745136419208 0.00040173032552789695 0.17603513230414916 0.00012996217718041608 0.0004708716212443887 3.476323178697133e-07 0.9245542663033045 0.0006825744599811769 0.5280202473386163 0.0007920196638135604
59492.01847861493 1.4520866588532713 0.0004016626443522635 0.17618796137445963 0.00012997350092836725 0.00047128041959712904 3.47662607457289e-07 0.9253569399919098 0.000682633933447307 0.5267297188613614 0.0007920365944587379
59492.018514095136 1.4503768306719538 0.0004015341039670126 0.17579733127251077 0.00012993176667699873 0.0004702355336871181 3.475509736354144e-07 0.9233053113052037 0.0006824147409506237 0.5270715193667501 0.0007917824924278754
