Original_Data_Set_NRCA3_DataChallengeSimulation/Results/25512_radii/DataChallengeSimulation_nrca3_level3_asn_phot.ecsv
# %ECSV 0.9
# ---
# datatype:
# - {name: MJD, datatype: float64}
# - {name: aperture_sum, unit: Jy, datatype: float64}
# - {name: aperture_sum_err, unit: Jy, datatype: float64}
# - {name: annulus_sum, unit: Jy, datatype: float64}
# - {name: annulus_sum_err, unit: Jy, datatype: float64}
# - {name: annulus_mean, unit: Jy, datatype: float64}
# - {name: annulus_mean_err, unit: Jy, datatype: float64}
# - {name: aperture_bkg, unit: Jy, datatype: float64}
# - {name: aperture_bkg_err, unit: Jy, datatype: float64}
# - {name: net_aperture_sum, unit: Jy, datatype: float64}
# - {name: net_aperture_sum_err, unit: Jy, datatype: float64}
# meta: !!omap
# - {instrument: NIRCAM}
# - {detector: NRCA3}
# - {channel: SHORT}
# - {subarray: SUBGRISM64}
# - {filter: WLP4}
# - {pupil: CLEAR}
# - {target_name: UNKNOWN}
# - {xcenter: 1054.0}
# - {ycenter: 22.0}
# - ra_icrs: !numpy.ndarray
#     buffer: !!binary |
#       RjByVEdwN3haVUE9
#     dtype: float64
#     order: C
#     shape: !!python/tuple []
# - dec_icrs: !numpy.ndarray
#     buffer: !!binary |
#       Wkg2dmxQdXpPa0E9
#     dtype: float64
#     order: C
#     shape: !!python/tuple []
# - {apertures: Photometry measured in a circular aperture of r=25.0 pixels.  Background calculated as the mean in a circular annulus
#     with r_inner=5.0 pixels and r_outer=12.0 pixels.}
# - {number_of_integrations: 2350}
# - __serialized_columns__:
#     annulus_mean:
#       __class__: astropy.units.quantity.Quantity
#       unit: &id001 !astropy.units.Unit {unit: Jy}
#       value: !astropy.table.SerializedColumn {name: annulus_mean}
#     annulus_mean_err:
#       __class__: astropy.units.quantity.Quantity
#       unit: *id001
#       value: !astropy.table.SerializedColumn {name: annulus_mean_err}
#     annulus_sum:
#       __class__: astropy.units.quantity.Quantity
#       unit: *id001
#       value: !astropy.table.SerializedColumn {name: annulus_sum}
#     annulus_sum_err:
#       __class__: astropy.units.quantity.Quantity
#       unit: *id001
#       value: !astropy.table.SerializedColumn {name: annulus_sum_err}
#     aperture_bkg:
#       __class__: astropy.units.quantity.Quantity
#       unit: *id001
#       value: !astropy.table.SerializedColumn {name: aperture_bkg}
#     aperture_bkg_err:
#       __class__: astropy.units.quantity.Quantity
#       unit: *id001
#       value: !astropy.table.SerializedColumn {name: aperture_bkg_err}
#     aperture_sum:
#       __class__: astropy.units.quantity.Quantity
#       unit: *id001
#       value: !astropy.table.SerializedColumn {name: aperture_sum}
#     aperture_sum_err:
#       __class__: astropy.units.quantity.Quantity
#       unit: *id001
#       value: !astropy.table.SerializedColumn {name: aperture_sum_err}
#     net_aperture_sum:
#       __class__: astropy.units.quantity.Quantity
#       unit: *id001
#       value: !astropy.table.SerializedColumn {name: net_aperture_sum}
#     net_aperture_sum_err:
#       __class__: astropy.units.quantity.Quantity
#       unit: *id001
#       value: !astropy.table.SerializedColumn {name: net_aperture_sum_err}
# schema: astropy-2.0
MJD aperture_sum aperture_sum_err annulus_sum annulus_sum_err annulus_mean annulus_mean_err aperture_bkg aperture_bkg_err net_aperture_sum net_aperture_sum_err
[from data line 562]
59491.96884180347 1.449970740941335 0.0004014603016480008 0.1754937604526206 0.00012986535152217322 0.0004694235202994882 3.4737332153143636e-07 0.921710926746957 0.0006820659218601535 0.528259814194378 0.0007914444361812425
59491.96887728368 1.4563133823418526 0.00040199004483182376 0.17660682653545345 0.00013002649647741654 0.00047240083070403913 3.4780436382019765e-07 0.9275568620559531 0.0006829122714150029 0.5287565202858995 0.0007924425320444949
59491.96891276389 1.4591705852585268 0.000402178822045275 0.1771845815544963 0.00013012675312916412 0.0004739462520011285 3.4807253763034e-07 0.9305912896769764 0.0006834388294598956 0.5285792955815505 0.0007929920797304582
59491.968948244095 1.459852062276946 0.000402212037638238 0.17743428233388964 0.00013014995974370771 0.00047461416987229407 3.481346123768449e-07 0.9319027433502608 0.0006835607129396414 0.5279493189266852 0.0007931139713153805
59491.968983724306 1.4565129572393873 0.0004019881247006351 0.17672205313638184 0.00013005174719067032 0.00047270904722695393 3.478719062711377e-07 0.9281620437835182 0.0006830448907073021 0.5283509134558692 0.0007925558498438351
59491.96901920452 1.454271869142543 0.00040179854737622446 0.17667207841089627 0.0001300622497474262 0.0004725753711834129 3.47899999276563e-07 0.9278995714857998 0.0006831000511944655 0.5263722976567431 0.0007925072571374508
59491.96905468472 1.4545565024442353 0.0004018256210736676 0.17665064605144934 0.00013004233394674423 0.00047251804234394904 3.4784672703918196e-07 0.9277870065727382 0.0006829954514009675 0.5267694958714971 0.0007924308275084016
59491.96909016493 1.452584968779556 0.0004016591168494595 0.17612610296461373 0.0001299621308419574 0.0004711149562072336 3.4763219392022163e-07 0.9250320533855764 0.0006825742166069192 0.5275529153939796 0.000791983337782328
59491.96912564514 1.44672359492818 0.0004012335211850554 0.17483652788111212 0.00012976724477752627 0.00046766550664374744 3.4711089844973523e-07 0.918259075005841 0.0006815506553441505 0.528464519922339 0.0007908853484055698
59491.969161125344 1.4587720316054107 0.00040216191801373746 0.17715486151503584 0.00013010525776216688 0.0004738667546702207 3.480150402536814e-07 0.9304351970327513 0.000683325933624826 0.5283368345726593 0.0007928862086483332
59491.969196605554 1.4495576387872444 0.0004014312458357029 0.17565713881596162 0.00012991128074601308 0.0004698605366712527 3.474961763718815e-07 0.9225690063863532 0.0006823071467752787 0.5269886324008912 0.0007916375986989414
59491.969232085765 1.4557349148072016 0.000401927702786023 0.1767700164043676 0.00013005912755665192 0.0004728373428771518 3.4789164781278144e-07 0.9284139517036114 0.0006830836531336762 0.5273209631035902 0.0007925586132553845
59491.969267565975 1.4591073008250652 0.00040218765659678994 0.1774216290479239 0.00013016389771688564 0.00047458032393938985 3.4817189468487766e-07 0.9318362870164071 0.0006836339165802817 0.5272710138086582 0.0007931647010663756
59491.96930304618 1.4560996508261814 0.0004019667054835772 0.17674841818003428 0.00013004783219492733 0.00047277957037018283 3.478614341547566e-07 0.9283005156514407 0.0006830243287548705 0.5277991351747408 0.0007925272651387852
59491.96933852639 1.4487334394475042 0.0004014036561917807 0.17528730319333402 0.00012984708009187412 0.00046887127335238455 3.4732444777598324e-07 0.9206265924019644 0.0006819699584657254 0.5281068470455398 0.0007913330016206026
59491.9693740066 1.4463739623127838 0.0004011951576661998 0.174727839110619 0.00012974959431396685 0.0004673747779868977 3.470636857014437e-07 0.9176882306229991 0.0006814579533296578 0.5286857316897847 0.0007907859993013616
59491.9694094868 1.4493598546945738 0.0004014124073650017 0.17549983696924767 0.00012987340958199085 0.0004694397742097063 3.473948758180197e-07 0.9217428412250404 0.0006821082436028932 0.5276170134695335 0.0007914566171165606
59491.96944496701 1.4532047464759759 0.0004017347784905581 0.17614413678629176 0.00012997627476963163 0.0004711631943898033 3.4767002713037434e-07 0.925126768835566 0.0006826485019413425 0.5280779776404099 0.0007920857336498474
59491.969480447224 1.4593836043378785 0.0004021721134772961 0.17731748024700222 0.00013013259958638855 0.0004743017391245364 3.480881761608752e-07 0.9312892870115663 0.0006834695356427971 0.5280943173263122 0.0007930151417284387
59491.96951592743 1.4525944685242096 0.00040167644760372764 0.1760684749331692 0.00012995585404903767 0.0004709608085422748 3.476154042963571e-07 0.9247293851531997 0.0006825412502575508 0.5278650833710099 0.0007919637156225598
59491.96955140764 1.4518029827808987 0.00040162468208929005 0.17618445326904875 0.0001299685638950052 0.0004712710358607084 3.4764940152008264e-07 0.9253385150685334 0.0006826080036502375 0.5264644677123653 0.0007919949948772946
59491.96958688785 1.4489988505788922 0.0004014145372626663 0.1755429494649633 0.00012989105942565475 0.0004695550946601629 3.474420869081694e-07 0.9219692724000174 0.0006822009423616322 0.5270295781788749 0.000791537590064363
59491.96962236806 1.4588398478790046 0.00040217298812549317 0.1772808005610559 0.0001301447079840256 0.0004742036256232017 3.481205645867048e-07 0.9310966416021844 0.0006835331301682018 0.5277432062768201 0.0007930703956240757
59491.96965784826 1.4524248828572726 0.00040167489051582355 0.1760629714369511 0.00012996566251201078 0.0004709460873888731 3.476416406890681e-07 0.9247004802360878 0.0006825927652941743 0.5277244026211848 0.00079200732376844
59491.96969332847 1.4485815103361528 0.00040137406282270176 0.1753375272511487 0.00012984412917661455 0.00046900561632823903 3.473165544524504e-07 0.9208903742182181 0.000681954459961211 0.5276911361179347 0.0007913046339860452
59491.96972880868 1.449678139276866 0.0004014599757808977 0.17566801080201336 0.00012989026276306688 0.00046988961785312427 3.474399559369285e-07 0.9226261071534316 0.000682196758209385 0.5270520321234344 0.0007915570283090114
59491.969764288886 1.451526976753418 0.00040155987580638657 0.17607908276568685 0.0001299416408191536 0.00047098918314699193 3.4757738571159496e-07 0.9247850985592797 0.0006824666009409329 0.5267418781941383 0.0007918402586743814
59491.9697997691 1.4493997588652063 0.00040144172529270463 0.17541988823200683 0.00012986430270478795 0.000469225921491625 3.4737051607813777e-07 0.9213229423949939 0.000682060413365483 0.5280768164702124 0.0007914302662182417
59491.96983524931 1.4552828437615137 0.0004018739630791825 0.176646750964883 0.00013003899129874873 0.0004725076234820868 3.4783778588033324e-07 0.92776654918531 0.0006829778954766215 0.5275162945762037 0.0007924402109374834
59491.96987072952 1.4496029222731712 0.0004014416975619757 0.17539813130213555 0.00012984774304777177 0.0004691677244674987 3.473262210988095e-07 0.9212086728053338 0.0006819734403769526 0.5283942494678374 0.0007913552994205685
59491.96990620972 1.4556159324552032 0.00040188082136611365 0.17699729952158502 0.000130075362675434 0.00047344529634919363 3.47935074693552e-07 0.9296076655545433 0.0006831689216146744 0.5260082669006598 0.0007926083333160579
59491.96994168993 1.4526323361095779 0.0004016818298862218 0.17624107890945254 0.00012998314511495376 0.0004714225022569438 3.476884044315301e-07 0.9256359186420827 0.0006826845856877824 0.5269964174674951 0.0007920899797349053
59491.96997717014 1.4596694092260962 0.00040221537144720046 0.17762090389430985 0.00013018779952464555 0.00047511335884419995 3.482358289849419e-07 0.9328828986045686 0.0006837594512849031 0.5267865106215276 0.0007932869545440927
59491.970012650345 1.4484547304152227 0.0004013597734865569 0.175338381631304 0.00012984770742213267 0.0004690079016866423 3.473261258047496e-07 0.9208948615089496 0.0006819732532675035 0.527559868906273 0.0007913135825609484
59491.970048130555 1.449634737291331 0.00040144516235418484 0.17561992483758798 0.0001298925643884942 0.0004697609940055337 3.474461124926243e-07 0.9223735548192648 0.0006822088465782258 0.5272611824720662 0.0007915599337556008
59491.970083610766 1.4546861189395033 0.00040180746347805906 0.17669719809910825 0.00013004496233719849 0.0004726425631590073 3.478537576498235e-07 0.9280315026213669 0.0006830092559726811 0.5266546163181364 0.0007924335186317065
59491.97011909097 1.457054627618835 0.0004020078117637499 0.1771045579299753 0.00013011312044119953 0.00047373219896908403 3.480360719214796e-07 0.9301709975313829 0.0006833672292079808 0.5268836300874521 0.0007928436483156508
59491.97015457118 1.459618353614737 0.0004022140481113627 0.1773568470361318 0.00013013254104925887 0.0004744070402856058 3.480880195814879e-07 0.9314960453578351 0.000683469228199889 0.5281223082569018 0.0007930361444437962
59491.97019005139 1.4556907351880286 0.0004019154279905969 0.1767618897811657 0.0001300792034295096 0.0004728156051922236 3.479453482229022e-07 0.9283712698590636 0.0006831890936423824 0.527319465328965 0.0007926432671314156
59491.9702255316 1.4591499994102923 0.0004021570569202388 0.17718980505821852 0.00013010852085466046 0.0004739602242101647 3.4802376861166666e-07 0.9306187240452654 0.0006833430717156538 0.528531275365027 0.0007928985131103055
59491.970261011804 1.4550967778126096 0.0004018388549078488 0.1767681842566064 0.00013005727804788356 0.00047283244211458595 3.4788670061172637e-07 0.9284043290788152 0.0006830739393271196 0.5266924487337944 0.0007925051873025946
59491.970296492014 1.4486507994131759 0.0004013412362475132 0.1754890526591646 0.0001298650283722094 0.0004694109275499154 3.473724571463254e-07 0.9216862009409906 0.000682064224643957 0.5269645984721852 0.0007913825841221454
59491.970331972225 1.4487790919990564 0.00040135586565632553 0.1754930590937399 0.00012988079889617837 0.0004694216442535597 3.474146412949777e-07 0.9217072431393903 0.000682147053026147 0.5270718488596661 0.0007914613906243282
59491.97036745243 1.4556877930147856 0.0004019164031066169 0.17671754110850896 0.00013004215913858222 0.0004726969781254524 3.4784625944955047e-07 0.9281383461581353 0.0006829945332908731 0.5275494468566503 0.0007924760738289694
59491.97040293264 1.458243079564406 0.0004020962541611786 0.17723594341465237 0.00013012177053577234 0.0004740836384537375 3.4805920982584055e-07 0.9308610473458633 0.0006834126603769557 0.5273820322185426 0.0007929276524210511
59491.97043841285 1.4480684682282554 0.00040132153468830844 0.17537715211721938 0.00012986261804077257 0.00046911160781234833 3.4736600981586054e-07 0.9210984880106061 0.0006820515653401921 0.5269699802176493 0.0007913616821577764
59491.97047389305 1.4552228968183818 0.00040146531093221584 0.1769385114445928 0.0001299344975975813 0.0004732880457097284 3.4755827850112716e-07 0.9292989046459706 0.0006824290840209103 0.5259239921724111 0.0007917599703189845
59491.97050937326 1.4553612266899036 0.0004014845814788197 0.1768640869738326 0.00012992169959527312 0.0004730889697028631 3.475240454703868e-07 0.9289080198205494 0.0006823618676222328 0.5264532068693543 0.0007917118083937643
59491.97054485347 1.4542781878867563 0.00040140877319822833 0.17644271353268906 0.00012987986252769516 0.00047196184926512135 3.4741213662821033e-07 0.9266949240162241 0.0006821421351244494 0.5275832638705322 0.0007914839832319094
59491.970580333684 1.4685639241708948 0.00040253061393024075 0.17903255951024477 0.0001302504977684575 0.00047888935832688024 3.4840353882403187e-07 0.9402970562512857 0.0006840887487839155 0.5282668679196091 0.0007937306289691735
59491.97061581389 1.4582674763098735 0.00040172548756566207 0.17719474233938143 0.0001299911093340321 0.0004739734308102069 3.477097077060542e-07 0.93064465514381 0.0006827264145694964 0.5276228211660635 0.0007921481708056825
59491.9706512941 1.4546223499592497 0.0004014141712992566 0.17669571439552215 0.0001299088935894321 0.00047263859444035496 3.474897910312127e-07 0.9280237100605155 0.0006822946091881939 0.5265986398987341 0.0007916181343597045
59491.97068677431 1.4550798066358657 0.0004014819531260176 0.17664658424322643 0.00012990549558530702 0.00047250717752283025 3.474807018017479e-07 0.9277656735463573 0.000682276762527873 0.5273141330895084 0.0007916371260693863
59491.97072225451 1.4479122353447684 0.0004009057462223601 0.17533658172577543 0.0001296944298280904 0.00046900308716795375 3.4691612770799235e-07 0.9208854082236105 0.0006811682238870296 0.5270268271211579 0.0007903895030853572
59491.97075773472 1.4551516481964066 0.00040147791339942415 0.1766321469459792 0.00012990798885927985 0.00047246855958632967 3.4748737099296236e-07 0.927689847405353 0.0006822898574542009 0.5274618007910536 0.0007916463633039877
59491.97079321493 1.4460722811350566 0.0004007686160197638 0.1749703760752353 0.00012963680243057604 0.00046802353356338827 3.467619817387161e-07 0.9189620592186729 0.0006808655589841179 0.5271102219163837 0.0007900591072806845
59491.970828695135 1.4539135551822557 0.0004013808909301485 0.17661226315743483 0.0001298986799580729 0.00047241537297735105 3.4746247086452807e-07 0.9275854157428302 0.0006822409661663494 0.5263281394394256 0.0007915550236840606
59491.970864175346 1.4534311428617723 0.0004013278047483571 0.17640675932982783 0.00012984692963633588 0.00047186567633889794 3.473240453265273e-07 0.926506088917163 0.0006819691682580666 0.5269250539446093 0.0007912938476436769
59491.97089965556 1.4548719676503596 0.0004014384019637009 0.17669379951791014 0.00012990744639168776 0.00047263347238594544 3.4748591996105064e-07 0.9280136529302003 0.0006822870083597047 0.5268583147201593 0.0007916238705013926
59491.97093513577 1.450544213509978 0.00040109566298029834 0.17561714645443022 0.00012974230235159113 0.0004697535621834604 3.470441806282179e-07 0.922358962470747 0.0006814196552079366 0.528185251039231 0.0007907025214107441
59491.97097061597 1.4686877183897549 0.00040250554745827484 0.17922016655649453 0.00013028873610860929 0.0004793911833482167 3.485058215274064e-07 0.9412823873765469 0.0006842895804023598 0.527405331013208 0.0007938910161866823
59491.97100609618 1.4450200662872663 0.00040067518141800965 0.1746662608957093 0.00012960022387074533 0.0004672100640828699 3.4666413873689694e-07 0.9173648156287253 0.0006806734446992927 0.527655250658541 0.0007898461491475134
59491.97104157639 1.4518135755132535 0.0004012362837150489 0.1759261325264514 0.00012978528964833488 0.0004705800606827666 3.4715916618732593e-07 0.9239817884792616 0.0006816454288252883 0.5278317870339919 0.0007909684228892291
59491.971077056594 1.4684622136805157 0.00040249164327968835 0.17922097115897873 0.00013026843598689224 0.00047939333555767187 3.48451521280068e-07 0.9412866132299303 0.0006841829621160307 0.5271756004505853 0.0007937920688441336
59491.971112536805 1.4480193229397946 0.00040090755511193953 0.17554132948424442 0.000129748058161634 0.0004695507614174886 3.470595766890552e-07 0.9219607640979224 0.0006814498853026995 0.5260585588418722 0.0007906331727956367
59491.971148017015 1.4499839832866992 0.0004010482746766831 0.17590537795429737 0.0001297933127254504 0.00047052454483822754 3.4718062689962407e-07 0.9238727833734105 0.0006816875668353487 0.5261111999132887 0.0007909093863389423
59491.97118349722 1.4507554928793176 0.0004011611155490881 0.17567770646548225 0.00012976199940929476 0.00046991555252148777 3.470968677559137e-07 0.9226770297556841 0.0006815231061412541 0.5280784631236335 0.0007908248762102845
59491.97121897743 1.4530116292554927 0.0004012668856197813 0.17662842336357312 0.0001298998227628489 0.00047245859947631395 3.474655277221598e-07 0.927670290775069 0.0006822469682922737 0.5253413384804236 0.0007915023937038961
59491.97125445764 1.4543260386612324 0.00040138353897375154 0.17672839303683327 0.00012992071279611288 0.00047272600565545064 3.4752140590796346e-07 0.9281953415800067 0.0006823566848535341 0.5261306970812257 0.0007916561063513616
