Original_Data_Set_NRCA3_DataChallengeSimulation/Results/25512_radii/DataChallengeSimulation_nrca3_level3_asn_phot.ecsv
# %ECSV 0.9
# ---
# datatype:
# - {name: MJD, datatype: float64}
# - {name: aperture_sum, unit: Jy, datatype: float64}
# - {name: aperture_sum_err, unit: Jy, datatype: float64}
# - {name: annulus_sum, unit: Jy, datatype: float64}
# - {name: annulus_sum_err, unit: Jy, datatype: float64}
# - {name: annulus_mean, unit: Jy, datatype: float64}
# - {name: annulus_mean_err, unit: Jy, datatype: float64}
# - {name: aperture_bkg, unit: Jy, datatype: float64}
# - {name: aperture_bkg_err, unit: Jy, datatype: float64}
# - {name: net_aperture_sum, unit: Jy, datatype: float64}
# - {name: net_aperture_sum_err, unit: Jy, datatype: float64}
# meta: !!omap
# - {instrument: NIRCAM}
# - {detector: NRCA3}
# - {channel: SHORT}
# - {subarray: SUBGRISM64}
# - {filter: WLP4}
# - {pupil: CLEAR}
# - {target_name: UNKNOWN}
# - {xcenter: 1054.0}
# - {ycenter: 22.0}
# - ra_icrs: !numpy.ndarray
#     buffer: !!binary |
#       RjByVEdwN3haVUE9
#     dtype: float64
#     order: C
#     shape: !!python/tuple []
# - dec_icrs: !numpy.ndarray
#     buffer: !!binary |
#       Wkg2dmxQdXpPa0E9
#     dtype: float64
#     order: C
#     shape: !!python/tuple []
# - {apertures: Photometry measured in a circular aperture of r=25.0 pixels.  Background calculated as the mean in a circular annulus
#     with r_inner=5.0 pixels and r_outer=12.0 pixels.}
# - {number_of_integrations: 2350}
# - __serialized_columns__:
#     annulus_mean:
#       __class__: astropy.units.quantity.Quantity
#       unit: &id001 !astropy.units.Unit {unit: Jy}
#       value: !astropy.table.SerializedColumn {name: annulus_mean}
#     annulus_mean_err:
#       __class__: astropy.units.quantity.Quantity
#       unit: *id001
#       value: !astropy.table.SerializedColumn {name: annulus_mean_err}
#     annulus_sum:
#       __class__: astropy.units.quantity.Quantity
#       unit: *id001
#       value: !astropy.table.SerializedColumn {name: annulus_sum}
#     annulus_sum_err:
#       __class__: astropy.units.quantity.Quantity
#       unit: *id001
#       value: !astropy.table.SerializedColumn {name: annulus_sum_err}
#     aperture_bkg:
#       __class__: astropy.units.quantity.Quantity
#       unit: *id001
#       value: !astropy.table.SerializedColumn {name: aperture_bkg}
#     aperture_bkg_err:
#       __class__: astropy.units.quantity.Quantity
#       unit: *id001
#       value: !astropy.table.SerializedColumn {name: aperture_bkg_err}
#     aperture_sum:
#       __class__: astropy.units.quantity.Quantity
#       unit: *id001
#       value: !astropy.table.SerializedColumn {name: aperture_sum}
#     aperture_sum_err:
#       __class__: astropy.units.quantity.Quantity
#       unit: *id001
#       value: !astropy.table.SerializedColumn {name: aperture_sum_err}
#     net_aperture_sum:
#       __class__: astropy.units.quantity.Quantity
#       unit: *id001
#       value: !astropy.table.SerializedColumn {name: net_aperture_sum}
#     net_aperture_sum_err:
#       __class__: astropy.units.quantity.Quantity
#       unit: *id001
#       value: !astropy.table.SerializedColumn {name: net_aperture_sum_err}
# schema: astropy-2.0
MJD aperture_sum aperture_sum_err annulus_sum annulus_sum_err annulus_mean annulus_mean_err aperture_bkg aperture_bkg_err net_aperture_sum net_aperture_sum_err
[from data line 2315]
59492.03103860868 1.4562391985710357 0.0004020577671284536 0.17694202991597427 0.00013013510463941836 0.0004732974571738039 3.4809487685957104e-07 0.92931738401247 0.00068348269243392 0.5269218145585657 0.0007929684980912156
59492.03107408889 1.4490465998007045 0.0004014986090552516 0.17536127584155015 0.0001298933849436624 0.000469069140791329 3.4744830737348314e-07 0.9210151042098222 0.0006822131562167144 0.5280314955908822 0.0007915907551181184
59492.0311095691 1.454365074564142 0.00040190550884662796 0.1764699690418468 0.0001300569830239318 0.0004720347542904817 3.478859114601254e-07 0.9268380726987753 0.0006830723898315745 0.5275270018653668 0.0007925376507090912
59492.0311450493 1.4554910399781882 0.00040200755923201927 0.1766602331324067 0.0001300986885934655 0.0004725436865678849 3.479974685617347e-07 0.9278373588886907 0.0006832914316883692 0.5276536810894975 0.0007927781898478457
59492.03118052951 1.4554742186703695 0.0004019891144982869 0.17679359694592034 0.00013011290729062784 0.0004729004178309149 3.4803550177077195e-07 0.9285377990857162 0.0006833661097196841 0.5269364195846533 0.0007928332031950555
59492.031216009724 1.4466108179309285 0.00040131626966896585 0.17474360973554737 0.0001297938203715283 0.0004674169624056036 3.471819847884079e-07 0.9177710595354379 0.000681690233043741 0.5288397583954906 0.0007910476105319098
59492.03125148993 1.4493111825792115 0.00040149132413091224 0.1752550467742343 0.0001298657641755595 0.00046878499152807934 3.473744253268349e-07 0.9204571784361046 0.0006820680891573504 0.5288540041431069 0.0007914620405295206
59492.03128697014 1.4590659196359865 0.00040224154994650133 0.17741033436746867 0.00013020436996246938 0.00047455011210367396 3.482801528015614e-07 0.9317769662156968 0.0006838464808953224 0.5272889534202897 0.0007933752415700153
59492.03132245035 1.4554468191958188 0.0004019653026762877 0.1770201018094603 0.0001301503624309736 0.000473506289573213 3.481356895141371e-07 0.9297274254698545 0.0006835628278937689 0.5257193937259642 0.0007929906961836097
59492.03135793056 1.451045786341295 0.00040163479265989003 0.17578667123834232 0.00012996183999913766 0.0004702070194496149 3.476314159526179e-07 0.9232493237307895 0.0006825726890711012 0.5277964626105056 0.0007919696853672537
59492.03139341076 1.4554952483844557 0.00040195831115952745 0.1769527726839333 0.00013012214206651782 0.00047332619271368907 3.480602036233977e-07 0.9293738061130952 0.0006834146116938961 0.5261214422713605 0.0007928593919396668
59492.03142889097 1.4593400402349073 0.00040230065779392303 0.1772700479447604 0.00013017982533622223 0.00047417486374026725 3.4821449904368613e-07 0.931040167777103 0.000683717570043184 0.5282998724578043 0.0007932941036256221
59492.03146437118 1.4528886096271112 0.0004017894040529673 0.17634049545884667 0.00013004600727220845 0.0004716884288999894 3.4785655271826126e-07 0.9261580643846989 0.0006830147440767252 0.5267305452424123 0.0007924290919921056
59492.031499851386 1.4561550704334925 0.00040203385299321 0.17696338934875505 0.00013014748006578283 0.000473354590943698 3.4812797955333196e-07 0.9294295659073271 0.0006835476894211284 0.5267255045261654 0.0007930123975484428
59492.0315353316 1.4553392668949483 0.0004019776710651604 0.1766795086584024 0.00013009503413925094 0.00047259524615179943 3.479876933608515e-07 0.9279385958949706 0.000683272238126318 0.5274006709999777 0.0007927464912751858
59492.03157081181 1.458979703172827 0.000402281812491172 0.1772338654341532 0.00013017703650701647 0.00047407808011982 3.482070392797612e-07 0.9308501335827375 0.000683702922830969 0.5281295695900896 0.0007932719227029231
59492.03160629202 1.4477862718941066 0.0004013817456955734 0.1753618668612783 0.0001299166902539303 0.0004690707216940383 3.4751064611851545e-07 0.9210182083050332 0.0006823355580563566 0.5267680635890734 0.0007916369872395463
59492.03164177222 1.4552860026780188 0.0004019922169104479 0.17663760194721403 0.00013008595036143248 0.0004724831510218103 3.4796339540888925e-07 0.9277184976219225 0.0006832245292092043 0.5275675050560963 0.0007927127473238432
59492.03167725243 1.4591274957008635 0.0004022709346612541 0.1772329473215266 0.0001301787976652944 0.0004740756242851505 3.482117501544755e-07 0.9308453115626398 0.0006837121726118405 0.5282821841382237 0.0007932743786678365
59492.03171273264 1.4546876967079587 0.0004019522474977443 0.17649342220060577 0.00013006339648267154 0.0004720974885114499 3.4790306664770104e-07 0.9269612510536018 0.0006831060739636111 0.5277264456543569 0.0007925903844701035
59492.031748212845 1.4693483681661872 0.0004030600002113131 0.17923325801740467 0.0001304735627875156 0.00047942620134344596 3.4900020941922485e-07 0.9413511450493943 0.0006852603087579601 0.5279972231167929 0.0007950088392775256
59492.031783693055 1.4546622490797527 0.0004019310160531039 0.17677373022358445 0.00013013441580464658 0.00047284727687187637 3.4809303431404327e-07 0.928433457056641 0.0006834790746042364 0.5262287920231117 0.0007929011206243461
59492.031819173266 1.4494131408107438 0.0004015220171190039 0.1755581163976372 0.00012994092283721614 0.0004695956642787611 3.475754652011008e-07 0.9220489306598593 0.0006824628300273958 0.5273642101508845 0.0007918178102318208
59492.03185465347 1.4592334759788808 0.00040228756947594647 0.1771086258052852 0.00013015953626901156 0.00047374308001888995 3.481602283657483e-07 0.9301923624227164 0.0006836110098162372 0.5290411135561643 0.0007931956261205933
59492.03189013368 1.4564964585271696 0.0004020584835325082 0.17687106009486042 0.00013011486843219873 0.00047310762191597836 3.480407475753956e-07 0.9289446433553594 0.0006833764098329766 0.5275518151718102 0.0007928772551263332
59492.03192561389 1.4560272351980066 0.00040203813532801715 0.1767545096649527 0.00013011122079678572 0.00047279586431867927 3.4803099061394056e-07 0.9283325087444997 0.0006833572520839587 0.5276947264535069 0.000792850424880865
59492.0319610941 1.4492533577328 0.0004015165273443245 0.17550550563874145 0.00012992833652411987 0.00046945493718064224 3.4754179841211643e-07 0.9217726136488522 0.0006823967254418062 0.5274807440839477 0.0007917580518216064
59492.031996574304 1.4569702314771504 0.0004021035309087484 0.1770743038437082 0.00013016389942654795 0.00047365127313079604 3.481718992580072e-07 0.9300121000194759 0.0006836339255596006 0.5269581314576746 0.0007931220547591098
59492.032032054514 1.4489472738841003 0.00040148530390449037 0.17567198931499467 0.0001299635482723636 0.0004699002598700508 3.476359853665348e-07 0.9226470027048039 0.0006825816610943466 0.5263002711792963 0.0007919016184562312
59492.032067534725 1.4471700972102401 0.00040134303670674617 0.1751337164456385 0.0001298748467729167 0.00046846044830886944 3.473987201212132e-07 0.9198199393153283 0.0006821157918745625 0.5273501578949118 0.0007914279415320476
59492.03210301493 1.4474753172850245 0.00040133345916389525 0.17530010892346767 0.00012989771932942664 0.0004689055270540765 3.4745990130490574e-07 0.9206938493879605 0.000682235920847829 0.526781467897064 0.0007915266244034645
59492.03213849514 1.4545936659555694 0.00040193677644407796 0.17642539039047278 0.00013004565451672467 0.0004719155120598507 3.478556091421445e-07 0.9266039411264327 0.0006830128913693523 0.5279897248291366 0.0007925022284101032
59492.03217397535 1.469697676497655 0.0004030692396011002 0.17951043536393166 0.00013051234151945673 0.0004801676155419815 3.4910393760200247e-07 0.9428069084240108 0.0006854639785685753 0.5268907680736442 0.0007951890830662034
59492.03220945555 1.4594467253262098 0.0004022683937735057 0.1773769511610525 0.00013020350916156313 0.00047446081626640696 3.482778502684648e-07 0.9316016342492255 0.0006838419598821594 0.5278450910769843 0.0007933849549396491
59492.03224493576 1.4499017697798222 0.00040158638022954165 0.1756743298080039 0.0001299606929177882 0.0004699065203915919 3.476283476556953e-07 0.9226592952101046 0.0006825666644841818 0.5272424745697176 0.0007919399423257597
