Original_Data_Set_NRCA3_DataChallengeSimulation/Results/ROEBA_Results/25512_radii/DataChallengeSimulation_nrca3_level3_asn_phot.ecsv
# %ECSV 0.9
# ---
# datatype:
# - {name: MJD, datatype: float64}
# - {name: aperture_sum, unit: Jy, datatype: float64}
# - {name: aperture_sum_err, unit: Jy, datatype: float64}
# - {name: annulus_sum, unit: Jy, datatype: float64}
# - {name: annulus_sum_err, unit: Jy, datatype: float64}
# - {name: annulus_mean, unit: Jy, datatype: float64}
# - {name: annulus_mean_err, unit: Jy, datatype: float64}
# - {name: aperture_bkg, unit: Jy, datatype: float64}
# - {name: aperture_bkg_err, unit: Jy, datatype: float64}
# - {name: net_aperture_sum, unit: Jy, datatype: float64}
# - {name: net_aperture_sum_err, unit: Jy, datatype: float64}
# meta: !!omap
# - {instrument: NIRCAM}
# - {detector: NRCA3}
# - {channel: SHORT}
# - {subarray: SUBGRISM64}
# - {filter: WLP4}
# - {pupil: CLEAR}
# - {target_name: UNKNOWN}
# - {xcenter: 1054.0}
# - {ycenter: 22.0}
# - ra_icrs: !numpy.ndarray
#     buffer: !!binary |
#       RjByVEdwN3haVUE9
#     dtype: float64
#     order: C
#     shape: !!python/tuple []
# - dec_icrs: !numpy.ndarray
#     buffer: !!binary |
#       Wkg2dmxQdXpPa0E9
#     dtype: float64
#     order: C
#     shape: !!python/tuple []
# - {apertures: Photometry measured in a circular aperture of r=25.0 pixels.  Background calculated as the mean in a circular annulus
#     with r_inner=5.0 pixels and r_outer=12.0 pixels.}
# - {number_of_integrations: 2198}
# - __serialized_columns__:
#     annulus_mean:
#       __class__: astropy.units.quantity.Quantity
#       unit: &id001 !astropy.units.Unit {unit: Jy}
#       value: !astropy.table.SerializedColumn {name: annulus_mean}
#     annulus_mean_err:
#       __class__: astropy.units.quantity.Quantity
#       unit: *id001
#       value: !astropy.table.SerializedColumn {name: annulus_mean_err}
#     annulus_sum:
#       __class__: astropy.units.quantity.Quantity
#       unit: *id001
#       value: !astropy.table.SerializedColumn {name: annulus_sum}
#     annulus_sum_err:
#       __class__: astropy.units.quantity.Quantity
#       unit: *id001
#       value: !astropy.table.SerializedColumn {name: annulus_sum_err}
#     aperture_bkg:
#       __class__: astropy.units.quantity.Quantity
#       unit: *id001
#       value: !astropy.table.SerializedColumn {name: aperture_bkg}
#     aperture_bkg_err:
#       __class__: astropy.units.quantity.Quantity
#       unit: *id001
#       value: !astropy.table.SerializedColumn {name: aperture_bkg_err}
#     aperture_sum:
#       __class__: astropy.units.quantity.Quantity
#       unit: *id001
#       value: !astropy.table.SerializedColumn {name: aperture_sum}
#     aperture_sum_err:
#       __class__: astropy.units.quantity.Quantity
#       unit: *id001
#       value: !astropy.table.SerializedColumn {name: aperture_sum_err}
#     net_aperture_sum:
#       __class__: astropy.units.quantity.Quantity
#       unit: *id001
#       value: !astropy.table.SerializedColumn {name: net_aperture_sum}
#     net_aperture_sum_err:
#       __class__: astropy.units.quantity.Quantity
#       unit: *id001
#       value: !astropy.table.SerializedColumn {name: net_aperture_sum_err}
# schema: astropy-2.0
MJD aperture_sum aperture_sum_err annulus_sum annulus_sum_err annulus_mean annulus_mean_err aperture_bkg aperture_bkg_err net_aperture_sum net_aperture_sum_err
[from data line 1684]
59492.01404358889 1.4529281039966029 0.00040147072873488956 0.17643704434398183 0.0001299671601272558 0.00047194668490535536 3.476456466196412e-07 0.9266651488654508 0.0006826006309204613 0.5262629551311521 0.0007919105804091363
59492.0140790691 1.4524827564426044 0.00040146701825607083 0.1762090232209605 0.00012994037880687307 0.0004713367573615199 3.475740099890287e-07 0.9254675589336161 0.0006824599727251738 0.5270151975089883 0.000791787459561886
59492.0141145493 1.452289462607057 0.00040143763766214307 0.17622462284441198 0.00012993694285239366 0.00047137848437299343 3.4756481924718606e-07 0.9255494897290546 0.0006824419267457651 0.5267399728780024 0.0007917570083758237
59492.014150029514 1.4518046850434847 0.00040138549260580465 0.1760099672941836 0.0001298948660338004 0.00047080430803885973 3.4745226910149363e-07 0.9244220971333174 0.0006822209350514726 0.5273825879101673 0.0007915400924128292
59492.014185509724 1.4515390880875412 0.0004013589045290876 0.17618442483522018 0.0001299291112084883 0.00047127095980382825 3.4754387059441173e-07 0.9253383657311984 0.0006824007941622285 0.5262007223563427 0.0007916816368452848
59492.01422098993 1.4524244998021631 0.00040144219302620815 0.1763703620155692 0.00012995521344583667 0.0004717683181459646 3.4761369076415545e-07 0.9263149265523593 0.0006825378857449406 0.5261095732498039 0.0007918420295859932
59492.01425647014 1.451948296677397 0.00040141635740424425 0.17643250656425488 0.00012996137546064142 0.00047193454692091494 3.4763017337113997e-07 0.9266413159887337 0.0006825702492680747 0.5253069806886634 0.0007918568287118408
59492.01429195035 1.4519768016129309 0.00040141735628791827 0.1762579505947689 0.0001299384803024278 0.0004714676318723453 3.475689317307607e-07 0.9257245304347106 0.0006824500015883814 0.5262522711782203 0.0007917536855595706
59492.01432743055 1.4525896365554163 0.0004014948493765973 0.17617092366672227 0.00012993156426932938 0.00047123484589283734 3.4755043222060607e-07 0.9252674562327851 0.0006824136778851333 0.5273221803226312 0.0007917616698480996
59492.01436291076 1.4521923615124988 0.00040144832443114536 0.17605647620352566 0.00012990757313403618 0.00047092871346439923 3.474862589807355e-07 0.9246663666151559 0.0006822876740232993 0.5275259948973429 0.0007916294760256834
59492.01439839097 1.4517441329219625 0.00040140582929853395 0.1760892273594325 0.00012992520505529197 0.0004710163186468286 3.475334221307198e-07 0.9248383789886161 0.0006823802786517436 0.5269057539333464 0.0007916877443081173
59492.01443387118 1.4520844208309887 0.00040144337576591337 0.17615268200147172 0.00012992733376142093 0.00047118605175510873 3.475391161492545e-07 0.9251716491673936 0.0006823914588309924 0.5269127716635951 0.0007917164183164464
59492.01446935139 1.4522931856290677 0.0004014354027660195 0.1762895201208093 0.00012994352071888114 0.0004715520763449571 3.475824142046059e-07 0.9258903367689565 0.0006824764743638715 0.5264028488601112 0.0007917856532257051
59492.0145048316 1.452469735083275 0.0004014509517584045 0.17643465712486328 0.00012995958664341762 0.00047194029939740646 3.476253885122584e-07 0.9266526109499122 0.0006825608542196305 0.5258171241333627 0.000791866267990221
59492.01454031181 1.451850994546747 0.0004014010288920206 0.17627085878754462 0.00012995487123846407 0.00047150215964859133 3.4761277540289644e-07 0.9257923255648353 0.0006825360884373114 0.5260586689819118 0.0007918196120423376
59492.01457579201 1.4523166514905672 0.00040142723157808303 0.17641002125572594 0.00012997593873632305 0.0004718744015763884 3.4766912828395245e-07 0.9265232208809135 0.0006826467370605202 0.5257934306096537 0.0007919282731862898
59492.01461127222 1.4527141497960234 0.0004014557901467712 0.17631763035880743 0.00012995914783789448 0.000471627267661409 3.476242147632153e-07 0.9260379745735685 0.0006825585495687736 0.5266761752224549 0.0007918667343889351
59492.01464675243 1.4524453656418803 0.00040146069133569 0.17637695219797678 0.0001299619841622335 0.00047178594604690657 3.476318015705895e-07 0.9263495388549201 0.0006825734462302179 0.5260958267869602 0.0007918820595179097
59492.01468223264 1.4519415873192334 0.00040140125674205656 0.17619821973338257 0.0001299225493608041 0.00047130785940436594 3.475263184852561e-07 0.9254108179274295 0.000682366330676492 0.5265307693918039 0.0007916734037183528
59492.014717712846 1.451668347696177 0.0004013958793996538 0.1761723019240225 0.00012993647839518838 0.00047123853255606735 3.475635768831512e-07 0.9252746949791099 0.0006824394873696869 0.5263936527170671 0.0007917337342316686
59492.014753193056 1.452406839782626 0.00040145293153454325 0.17642321077958723 0.0001299684930472046 0.00047190968187755736 3.476492120112142e-07 0.9265924935902691 0.0006826076315504444 0.5258143461923569 0.0007919075923923106
59492.01478867327 1.4526480929802654 0.00040147820649750376 0.17650753437589856 0.0001299847890639674 0.0004721352367880151 3.476928017863488e-07 0.927035369621316 0.0006826932198737784 0.5256127233589494 0.0007919941810102391
59492.01482415347 1.4520861192578676 0.0004014153784152341 0.17632882407467315 0.00012996314902086886 0.00047165720942967114 3.476349174194941e-07 0.9260967650980734 0.0006825795641852357 0.5259893541597942 0.0007918643617890326
59492.01485963368 1.4515196472578142 0.0004013574011266469 0.17609901694284893 0.00012992102558452974 0.00047104250453912334 3.475222425772523e-07 0.9248897948679042 0.0006823583276498412 0.52662985238991 0.0007916442703337302
59492.01489511389 1.4522125431931152 0.0004014044279280915 0.17640213835259672 0.00012996513359183668 0.0004718533158117005 3.476402258947789e-07 0.9264818190787644 0.0006825899873520835 0.5257307241143508 0.0007918677955275085
59492.014930594094 1.4520713544266801 0.0004014149027431383 0.17632404509948701 0.00012996251211946024 0.00047164442627801084 3.4763321378911686e-07 0.9260716654384823 0.0006825762191148122 0.5259996889881978 0.0007918612372413207
59492.014966074305 1.452313065949125 0.0004014343190365393 0.17625428884432617 0.00012994491007758122 0.0004714578371549784 3.4758613056267054e-07 0.9257052985521332 0.0006824837714158678 0.5266077673969918 0.0007917913934530715
59492.015001554515 1.451740122214852 0.0004013794537351382 0.1762330172604456 0.0001299424482668552 0.00047140093836973496 3.475795455316453e-07 0.9255935780485589 0.0006824708417376849 0.5261465441662931 0.0007917524333419267
59492.015037034726 1.4522589219340325 0.00040143179479491825 0.17625654123880302 0.00012994544362842267 0.00047146386202413446 3.475875577434068e-07 0.9257171283550579 0.0006824865736786905 0.5265417935789746 0.0007917925290907639
59492.01507251493 1.4515669147905437 0.0004014036573284421 0.17589024116319346 0.00012988541204240561 0.0004704840558445009 3.4742698087523436e-07 0.9237932834201338 0.0006821712817353236 0.5277736313704099 0.0007915065089694863
59492.01510799514 1.4521322785783122 0.0004014207415295605 0.1763266540177203 0.00012995171538804037 0.00047165140480293435 3.476043339038277e-07 0.9260853677401276 0.0006825195135926491 0.5260469108381846 0.0007918153182181364
59492.01514347535 1.4522860998471903 0.0004014404041356104 0.17631388467979747 0.00012994501659574945 0.0004716172484457843 3.47586415485242e-07 0.9260183018896927 0.0006824843308600286 0.5262677979574976 0.000791794960796053
59492.01517895555 1.4519893319426278 0.0004013943101984259 0.17622664698144075 0.00012993805775586052 0.0004713838986824661 3.475678014723595e-07 0.9255601207008443 0.0006824477823312002 0.5264292112417835 0.0007917400885823853
59492.01521443576 1.4521932594152467 0.00040141096472859437 0.1762080450396525 0.0001299231617570139 0.0004713341408507568 3.4752795656733884e-07 0.9254624214267465 0.0006823695470431402 0.5267308379885002 0.0007916810982562367
59492.015249915974 1.4520311750619088 0.00040143518642319145 0.17616683536871558 0.00012992869266000807 0.00047122391021491136 3.4754275103038564e-07 0.9252459840793886 0.0006823985959034037 0.5267851909825202 0.0007917184174879093
59492.01528539618 1.4519048121751206 0.0004014037574880847 0.1763289759998596 0.00012994985673505714 0.00047165761581024937 3.475993622431592e-07 0.9260975630244728 0.0006825097517597539 0.5258072491506478 0.0007917982936156872
59492.01532087639 1.4516194546022483 0.00040137012810747625 0.1761645359358382 0.00012991992095899257 0.0004712177595240081 3.4751928784423534e-07 0.925233907226041 0.000682352526045129 0.5263855473762072 0.0007916457222376562
59492.0153563566 1.4523165084307657 0.00040144247208481764 0.17620734330112292 0.00012993132150924798 0.00047133226378931573 3.475497828682205e-07 0.9254587358252255 0.0006824124028847058 0.5268577726055401 0.0007917340121558802
59492.01539183681 1.4526714851077314 0.0004014765947941696 0.17640858583200508 0.0001299676731632878 0.0004718705620002438 3.4764701892586763e-07 0.9265156818907831 0.000682603325437436 0.5261558032169482 0.000791915876887039
59492.01542731701 1.4523523213923468 0.0004014482326226824 0.17633751896892352 0.00012995686600625456 0.00047168046716747965 3.476181111533868e-07 0.9261424315594723 0.0006825465651589001 0.5262098898328745 0.0007918525728228
59492.01546279722 1.4517927886913493 0.00040137133757301417 0.17611603578893564 0.00012991640534543568 0.00047108802779089506 3.4750988402447774e-07 0.9249791795637377 0.0006823340616882127 0.5268136091276117 0.0007916304203130929
59492.01549827743 1.451797726916108 0.0004013781696636629 0.17625643090524407 0.0001299390187873254 0.0004714635668958774 3.475703721094705e-07 0.9257165488720802 0.0006824528297653645 0.5260811780440278 0.0007917362565509463
59492.015533757636 1.4523634393248432 0.00040143575383190874 0.17627916247564354 0.00012994725485787612 0.0004715243709596306 3.475924025521562e-07 0.9258359373720775 0.000682496086438425 0.5265275019527658 0.0007918027358239923
59492.01556923785 1.451889776991919 0.0004014257507002509 0.17607309920718323 0.00012990785650380504 0.0004709731778879477 3.4748701695887727e-07 0.9247536723066346 0.0006822891623099004 0.5271361046852844 0.0007916193114943607
59492.01560471806 1.45236673107505 0.00040142284607857945 0.17632255577893918 0.00012995365962513002 0.0004716404425346993 3.4760953449111106e-07 0.9260638433767815 0.0006825297249219014 0.5263028876982686 0.0007918251869925542
59492.01564019826 1.4524759342923659 0.00040147088862797303 0.17636454702180876 0.00012997169374638005 0.0004717527637761996 3.4765777347499776e-07 0.9262843856187436 0.0006826244419452734 0.5261915486736223 0.000791931185872125
59492.01567567847 1.452288788789135 0.00040144130409695714 0.17647407779598745 0.00012998213596870242 0.000472045744685968 3.476857050934763e-07 0.9268596522898501 0.0006826792855499078 0.5254291364992848 0.000791963463522149
59492.01571115868 1.451733601500529 0.00040139231076250273 0.17616681983570448 0.00012993481728520252 0.00047122386866607944 3.4755913362491137e-07 0.925245902498448 0.0006824307630525343 0.5264876990020811 0.0007917244050171283
59492.01574663889 1.4521307682111249 0.0004014175444247167 0.1763721502793303 0.0001299598455838683 0.0004717731015244038 3.4762608114507675e-07 0.9263243186939616 0.000682562214200989 0.5258064495171633 0.0007918505043421556
59492.015782119095 1.4523887187974407 0.0004014585204194327 0.17612297725091622 0.00012991983265621816 0.00047110659532007985 3.4751905164552887e-07 0.925015636822039 0.0006823520622700534 0.5273730819754017 0.000791690141723108
59492.015817599306 1.4522123062772037 0.0004014107483730779 0.17637158945216952 0.00012996395594959916 0.00047177160138297766 3.4763707585136217e-07 0.9263213731731593 0.0006825838022562982 0.5258909331040443 0.0007918656679084526
59492.015853079516 1.4523335008075504 0.00040145189454778506 0.17620566002569282 0.00012994580049074594 0.00047132776124132774 3.475885123047976e-07 0.9254498950929245 0.0006824884479555985 0.5268836057146259 0.0007918043351920016
59492.01588855972 1.4515792579376208 0.00040138769763111803 0.17603190778787373 0.00012990649987393172 0.0004708629960728876 3.4748338814626744e-07 0.9245373308186645 0.0006822820371530028 0.5270419271189563 0.0007915938744275763
59492.01592403993 1.4522173214289529 0.0004014135106878613 0.17637237647218645 0.00012995140832594915 0.000471773706561566 3.4760351255173264e-07 0.9263255066816516 0.0006825179008715818 0.5258918147473013 0.0007918102623563956
59492.01595952014 1.452359173669997 0.00040142977690427385 0.17656602257367646 0.00013000277199667567 0.00047229168528866865 3.477409038473876e-07 0.927342555534015 0.0006827876680497672 0.525016618135982 0.0007920510497602122
59492.01599500035 1.45214047132722 0.0004014358407376199 0.1762688636344591 0.00012995654856055814 0.0004714968228674857 3.4761726202646666e-07 0.9257818468196382 0.0006825448979020912 0.5263586245075818 0.0007918448534156775
59492.016030480554 1.4521812034816663 0.00040142538197485904 0.17618126511123883 0.00012993086344909694 0.00047126250794348476 3.475485576154933e-07 0.9253217705422208 0.0006824099971066016 0.5268594329394456 0.0007917232732746294
59492.016065960765 1.4523877372325826 0.00040143044500913234 0.17623236279819807 0.00012993358367537582 0.000471399187766344 3.4755583387530187e-07 0.9255901407468387 0.0006824242840093268 0.526797596485744 0.0007917381546861768
59492.016101440975 1.4517221878241904 0.000401436889695437 0.17633278899521676 0.00012994946108274354 0.0004716678150885532 3.475983039234709e-07 0.9261175892605923 0.0006825076737539053 0.5256045985635981 0.0007918132994218484
59492.01613692118 1.451616240505223 0.00040136851340227825 0.17609627375359083 0.0001299184035836739 0.00047103516685626174 3.4751522905797505e-07 0.9248753873612965 0.0006823445566369429 0.5267408531439266 0.0007916380344089217
59492.01617240139 1.4525175195649471 0.0004014675163748981 0.176294465010807 0.00012996129046819453 0.00047156530329766597 3.4762994602713916e-07 0.9259163078298688 0.0006825698028791729 0.5266012117350783 0.0007918823792121795
59492.0162078816 1.452023735709898 0.00040140750582053433 0.17634801669091063 0.00012997231475534056 0.0004717085472405125 3.4765943459509474e-07 0.9261975666539425 0.0006826277035469568 0.5258261690559555 0.0007919018672656697
59492.0162433618 1.451660358367211 0.00040137524599967927 0.17622067621324353 0.00012993562529596612 0.00047136792763586703 3.475612949510811e-07 0.9255287616241782 0.0006824350068065448 0.5261315967430328 0.000791719411544489
59492.01627884201 1.4522869833381704 0.0004014575603955725 0.1761949849636505 0.0001299250602382276 0.0004712992068061706 3.4753303476346535e-07 0.9253938285906014 0.0006823795180579181 0.526893154747569 0.0007917133189884589
59492.01631432222 1.4522256364072896 0.0004014113067829513 0.17627908178696558 0.00012994363198226796 0.0004715241551276651 3.4758271182003444e-07 0.9258355135870041 0.000682477058730399 0.5263901228202855 0.0007917739405325823
59492.016349802434 1.4530094539277432 0.0004015203953285435 0.1764118245645693 0.00012996594881658276 0.00047187922519851183 3.4764240651743554e-07 0.9265326920408052 0.0006825942689946575 0.5264767618869379 0.0007919302771893121
59492.01638528264 1.4522275890216663 0.0004014373627732103 0.17641697816036955 0.0001299815341068941 0.0004718930104127355 3.4768409518957956e-07 0.9265597592456385 0.0006826761245109984 0.5256678297760278 0.0007919587408493362
59492.01642076285 1.4517211598023985 0.0004013891060380496 0.17619545129358233 0.00012994164582468966 0.0004713004541795112 3.4757739910076816e-07 0.9253962778024283 0.000682466627230513 0.5263248819999702 0.0007917536938527136
59492.01645624306 1.4520909280545646 0.0004014097281397184 0.1762614457554317 0.00012994472521926366 0.00047147698098320897 3.4758563609014935e-07 0.925742887370965 0.0006824828005213428 0.5263480406835996 0.0007917780893992064
