Original_Data_Set_NRCA3_DataChallengeSimulation/Results/ROEBA_Results/25512_radii/DataChallengeSimulation_nrca3_level3_asn_phot.ecsv
# %ECSV 0.9
# ---
# datatype:
# - {name: MJD, datatype: float64}
# - {name: aperture_sum, unit: Jy, datatype: float64}
# - {name: aperture_sum_err, unit: Jy, datatype: float64}
# - {name: annulus_sum, unit: Jy, datatype: float64}
# - {name: annulus_sum_err, unit: Jy, datatype: float64}
# - {name: annulus_mean, unit: Jy, datatype: float64}
# - {name: annulus_mean_err, unit: Jy, datatype: float64}
# - {name: aperture_bkg, unit: Jy, datatype: float64}
# - {name: aperture_bkg_err, unit: Jy, datatype: float64}
# - {name: net_aperture_sum, unit: Jy, datatype: float64}
# - {name: net_aperture_sum_err, unit: Jy, datatype: float64}
# meta: !!omap
# - {instrument: NIRCAM}
# - {detector: NRCA3}
# - {channel: SHORT}
# - {subarray: SUBGRISM64}
# - {filter: WLP4}
# - {pupil: CLEAR}
# - {target_name: UNKNOWN}
# - {xcenter: 1054.0}
# - {ycenter: 22.0}
# - ra_icrs: !numpy.ndarray
#     buffer: !!binary |
#       RjByVEdwN3haVUE9
#     dtype: float64
#     order: C
#     shape: !!python/tuple []
# - dec_icrs: !numpy.ndarray
#     buffer: !!binary |
#       Wkg2dmxQdXpPa0E9
#     dtype: float64
#     order: C
#     shape: !!python/tuple []
# - {apertures: Photometry measured in a circular aperture of r=25.0 pixels.  Background calculated as the mean in a circular annulus
#     with r_inner=5.0 pixels and r_outer=12.0 pixels.}
# - {number_of_integrations: 2198}
# - __serialized_columns__:
#     annulus_mean:
#       __class__: astropy.units.quantity.Quantity
#       unit: &id001 !astropy.units.Unit {unit: Jy}
#       value: !astropy.table.SerializedColumn {name: annulus_mean}
#     annulus_mean_err:
#       __class__: astropy.units.quantity.Quantity
#       unit: *id001
#       value: !astropy.table.SerializedColumn {name: annulus_mean_err}
#     annulus_sum:
#       __class__: astropy.units.quantity.Quantity
#       unit: *id001
#       value: !astropy.table.SerializedColumn {name: annulus_sum}
#     annulus_sum_err:
#       __class__: astropy.units.quantity.Quantity
#       unit: *id001
#       value: !astropy.table.SerializedColumn {name: annulus_sum_err}
#     aperture_bkg:
#       __class__: astropy.units.quantity.Quantity
#       unit: *id001
#       value: !astropy.table.SerializedColumn {name: aperture_bkg}
#     aperture_bkg_err:
#       __class__: astropy.units.quantity.Quantity
#       unit: *id001
#       value: !astropy.table.SerializedColumn {name: aperture_bkg_err}
#     aperture_sum:
#       __class__: astropy.units.quantity.Quantity
#       unit: *id001
#       value: !astropy.table.SerializedColumn {name: aperture_sum}
#     aperture_sum_err:
#       __class__: astropy.units.quantity.Quantity
#       unit: *id001
#       value: !astropy.table.SerializedColumn {name: aperture_sum_err}
#     net_aperture_sum:
#       __class__: astropy.units.quantity.Quantity
#       unit: *id001
#       value: !astropy.table.SerializedColumn {name: net_aperture_sum}
#     net_aperture_sum_err:
#       __class__: astropy.units.quantity.Quantity
#       unit: *id001
#       value: !astropy.table.SerializedColumn {name: net_aperture_sum_err}
# schema: astropy-2.0
MJD aperture_sum aperture_sum_err annulus_sum annulus_sum_err annulus_mean annulus_mean_err aperture_bkg aperture_bkg_err net_aperture_sum net_aperture_sum_err
[from data line 2105]
59492.0289807566 1.452097317982266 0.0004014224631152196 0.17624702532114844 0.00012994076305671533 0.00047143840815299526 3.475750378085544e-07 0.9256671497959478 0.0006824619908440932 0.5264301681863183 0.0007917666088187686
59492.029016236804 1.4521811010162171 0.0004014110281843174 0.17626709808040902 0.00012995115660373945 0.0004714921002346392 3.4760283922679216e-07 0.9257725739517281 0.0006825165788011526 0.526408527064489 0.0007918078642489103
59492.029051717014 1.4524319096884761 0.0004014396322780578 0.17631351191485223 0.00012995553999167622 0.00047161625134689946 3.476145642328027e-07 0.9260163440906105 0.0006825396007966189 0.5264155655978656 0.0007918422096725774
59492.029087197225 1.4521053768310168 0.0004014145196380446 0.1763049276579302 0.00012995328852015575 0.0004715932895498926 3.4760854183243775e-07 0.9259712587076168 0.0006825277758411542 0.5261341181234 0.0007918192858038474
59492.02912267743 1.4515728070157823 0.00040138473717359237 0.1763248047479377 0.00012996108408302548 0.0004716464582411359 3.476293939730243e-07 0.9260756551887486 0.0006825687189234531 0.5254971518270337 0.0007918394807590221
59492.02915815764 1.4518597558847153 0.0004013977252757606 0.176332571905371 0.00012995905334890615 0.0004716672344007877 3.476239620171723e-07 0.926116449082831 0.0006825580533030786 0.5257433068018843 0.0007918368708171167
59492.02919363785 1.45169907884799 0.00040138942434003304 0.17612100583331855 0.0001299111095693592 0.0004711013220283896 3.4749571849607304e-07 0.9250052827380176 0.0006823062477382311 0.5266937961099724 0.0007916156173766707
59492.02922911805 1.452511390638398 0.0004014630462861281 0.17626659974252823 0.0001299521366921837 0.0004714907672441004 3.476054608389025e-07 0.9257699566309257 0.0006825217263244942 0.5267414340074723 0.0007918386732398877
59492.02926459826 1.4523225880180788 0.00040143313332947504 0.1762173294746363 0.000129946293609599 0.00047135897553515153 3.475898313351e-07 0.9255111842155269 0.0006824910378655409 0.5268114038025519 0.0007917970556282104
59492.02930007847 1.4524244658271241 0.00040144398983590164 0.17649497471854492 0.00012998810903788757 0.00047210164129975673 3.477016822949258e-07 0.9269694050343746 0.0006827106567115945 0.5254550607927495 0.0007919918672328296
59492.029335558684 1.4519819009832762 0.000401402826035022 0.1761779022297533 0.00012992981308541373 0.00047125351266261997 3.475457480260441e-07 0.9253041083495447 0.0006824044804906184 0.5266777926337315 0.0007917070820338623
59492.02937103889 1.451974651172883 0.0004014123011962707 0.17621630302521757 0.00012993520804205068 0.0004713562299133225 3.475601788498514e-07 0.9255057931996722 0.0006824328153469049 0.5264688579732109 0.0007917363090158164
59492.0294065191 1.451993936061399 0.00040138267129579693 0.17636416669702576 0.0001299597627121216 0.0004717517464557089 3.476258594736796e-07 0.9262823881146311 0.0006825617789502185 0.5257115479467678 0.0007918324512800905
59492.02944199931 1.45233057616269 0.0004014423533890786 0.17621843283866315 0.00012993981572509815 0.0004713619268937885 3.4757250381679605e-07 0.9255169791946595 0.0006824570153629105 0.5268135969680304 0.0007917724047430637
59492.02947747951 1.4517318876647254 0.00040138807023732873 0.17614648879316155 0.00012993136365729589 0.000471169485709459 3.4754989560889556e-07 0.9251391218128234 0.0006824126242505037 0.526592765851902 0.0007917066203242877
59492.02951295972 1.4523478850778093 0.0004014181304691952 0.1762258666563284 0.0001299439160127018 0.0004713818114118972 3.4758347156537113e-07 0.9255560223546659 0.0006824785504868792 0.5267918627231434 0.0007917786858359194
59492.02954843993 1.4521957009347772 0.00040144127751121707 0.17613831845600794 0.00012991903280693513 0.0004711476310952619 3.475169121502831e-07 0.925096210378193 0.0006823478613809619 0.5270994905565842 0.0007916777773949515
59492.029583920135 1.451312597648938 0.00040132854742814026 0.17636277323395666 0.00012996796280411894 0.00047174801911897845 3.476477936783046e-07 0.926275069506075 0.0006826048466602886 0.5250375281428631 0.0007918421431477976
59492.029619400346 1.451785554483964 0.0004013802604580875 0.1762349372741041 0.0001299494647739266 0.00047140607416241656 3.4759831379691674e-07 0.9256036621539082 0.0006825076931403708 0.5261818923300557 0.0007917846075045869
59492.029654880556 1.451834615337139 0.0004013654118412679 0.1763043144394274 0.0001299370418634955 0.0004715916492682805 3.475650840893084e-07 0.9259680380222027 0.0006824424467620562 0.5258665773149364 0.0007917208390367734
59492.02969036077 1.452296567457391 0.0004014318281243509 0.1761739117238904 0.00012993522000559718 0.00047124283856625834 3.4756021085081886e-07 0.9252831498103488 0.0006824328781806575 0.5270134176470423 0.0007917462635549311
59492.02972584097 1.452605306689175 0.0004014618683795826 0.17641133101127726 0.00012997635065353197 0.0004718779050061403 3.4767023011017e-07 0.9265300998491454 0.0006826489004912394 0.5260752068400297 0.0007919476959400307
59492.02976132118 1.4519354532565218 0.00040140836696507656 0.17624001654676724 0.0001299483827652891 0.000471419660571688 3.4759541956123394e-07 0.9256303390061306 0.0006825020103218965 0.5263051142503913 0.000791793957518621
59492.02979680139 1.4515434990049787 0.0004013947061525618 0.17615054036497124 0.00012992430921775468 0.0004711803231494725 3.4753102587908505e-07 0.9251604010765297 0.0006823755736226611 0.526383097928449 0.0007916780492120248
59492.029832281594 1.4522901316562806 0.000401428299369617 0.17629645842554226 0.0001299585858661501 0.00047157063542890544 3.476227115601734e-07 0.925926777445075 0.0006825555980365028 0.5263633542112056 0.0007918502534859421
59492.029867761805 1.4526437583474174 0.0004014405502353225 0.17649790026112308 0.00012998487547411135 0.0004721094667545893 3.4769303292250914e-07 0.9269847702790078 0.000682693673708568 0.5256589880684096 0.0007919754841501972
59492.029903242015 1.4526028552023016 0.0004014745716092302 0.1764205615497991 0.00012998800815030242 0.0004719025955243445 3.477014124334489e-07 0.9265785795682726 0.0006827101268398237 0.526024275634029 0.0007920069121784627
59492.029938722226 1.4523728552732718 0.000401477504704452 0.176202739394489 0.00012993165908960013 0.0004713199489237977 3.475506858527875e-07 0.9254345556433247 0.000682414175890757 0.5269382996299471 0.0007917533039024052
59492.02997420243 1.4530852931329048 0.0004015174645439292 0.17637618762253132 0.00012996042582763366 0.0004717839009046963 3.4762763322345416e-07 0.9263455232275806 0.0006825652616997567 0.5267397699053242 0.0007919037888614013
59492.03000968264 1.4521279189487695 0.00040142160152984764 0.17636829921199454 0.0001299691575772038 0.00047176280040839264 3.476509895445622e-07 0.9263040924999714 0.0006826111217290116 0.5258238264487981 0.0007918947188123729
59492.03004516285 1.4521674872957768 0.00040142451558579525 0.17641932600167398 0.00012997896156631062 0.0004718992905900329 3.476772139702491e-07 0.9265720903449265 0.0006826626132684382 0.5255953969508503 0.0007919405819048444
59492.03008064305 1.45226743209715 0.0004014381784335038 0.17631680884734374 0.00012996213042480538 0.00047162507022258126 3.47632192804393e-07 0.9260336599125197 0.0006825742144159948 0.5262337721846303 0.0007918713085404863
59492.030116123264 1.452105683264533 0.00040143502175011864 0.17635817701185968 0.00012996359952534083 0.00047173572480862076 3.4763612246173944e-07 0.9262509296841371 0.0006825819302801514 0.5258547535803958 0.0007918763591827298
59492.030151603474 1.4522826620883222 0.00040144380884724154 0.17637511700574163 0.00012996066211130636 0.00047178103714075954 3.4762826525226897e-07 0.9263399002402397 0.0006825665026854326 0.5259427618480825 0.0007918675155920991
59492.03018708368 1.4516704744547462 0.00040141929973079436 0.1761233157100391 0.00013001546480253802 0.00047110750065524693 3.4777485549099597e-07 0.9250174144434827 0.0006828543319461031 0.5266530600112634 0.0007921032084608167
59492.03022256389 1.4518834173479482 0.00040137517400998837 0.176283132004827 0.00012994408749212084 0.00047153498894603895 3.47583930251038e-07 0.9258567857396377 0.0006824794511140801 0.5260266316083105 0.0007917576848408385
59492.0302580441 1.4523284086204211 0.00040144009603067335 0.1762546516538395 0.00012995175765255702 0.0004714588076243473 3.476044469560418e-07 0.9257072040642832 0.0006825197355701525 0.5266212045561379 0.0007918253217369769
59492.03029352431 1.4521244707003913 0.000401452583367588 0.17608871357445233 0.000129927255820011 0.00047101494433726085 3.4753890766588204e-07 0.9248356805380901 0.0006823910494748478 0.5272887901623012 0.000791720734284441
59492.03032900451 1.4517522016244517 0.0004013477713242941 0.17634830993997896 0.00012996216586649682 0.00047170933164452565 3.476322876064162e-07 0.9261991068276207 0.000682574400559332 0.525553094796831 0.000791825641063681
59492.03036448472 1.452531241229631 0.00040146926279297597 0.1764211778566666 0.0001299756931343513 0.0004719042440669399 3.4766847132987116e-07 0.9265818164740894 0.000682645447134198 0.5259494247555415 0.0007919484676799272
59492.03039996493 1.4524397667774547 0.0004014631687087252 0.17622131919167094 0.00012993329709612607 0.0004713696475214977 3.475550673122063e-07 0.9255321386117171 0.0006824227788662084 0.5269076281657376 0.0007917534495947134
59492.03043544514 1.4518749088489376 0.0004014780576611134 0.17641445500794053 0.00012997961525431035 0.0004718862613004455 3.476789625026255e-07 0.9265465073946457 0.0006826660465037308 0.5253284014542918 0.0007919706824323576
59492.03047092535 1.4516382914613306 0.00040137157589606443 0.17618159090414154 0.00012992819928158745 0.00047126337939812157 3.475414313057729e-07 0.9253234816393989 0.0006823960046301863 0.5263148098219317 0.000791683932559283
59492.03050640556 1.4519591237591116 0.0004014243227151751 0.17630666436403009 0.00012995301811016575 0.0004715979350181362 3.476078185200584e-07 0.9259803800631833 0.0006825263556206184 0.5259787436959283 0.0007918230313549233
59492.03054188576 1.4517453136460141 0.000401409501695902 0.1762534597054862 0.00012995135008925083 0.00047145561931388784 3.476033567759611e-07 0.9257009438313352 0.0006825175950065696 0.526044369814679 0.0007918079663310443
59492.03057736597 1.4523775856763597 0.00040144701502284623 0.17628422922374587 0.00012995300421296888 0.00047153792386729257 3.476077813468218e-07 0.9258625484440435 0.000682526282631139 0.5265150372323162 0.0007918344728243616
59492.03061284618 1.452189410696826 0.0004014107204587088 0.1762692969411971 0.000129942862432839 0.00047149798190797694 3.4758065337305007e-07 0.925784122590321 0.0006824730169791965 0.5264052881065051 0.0007917701594552969
59492.03064832639 1.4528142812387599 0.0004014718330267466 0.17640361941958485 0.0001299796181873725 0.0004718572774777881 3.4767897034819425e-07 0.9264895977919373 0.0006826660619084691 0.5263246834468226 0.0007919675402410591
59492.030683806595 1.4523776139278675 0.000401534253833501 0.1760983518219337 0.0001299152259394757 0.00047104072542515 3.4750672926332747e-07 0.9248863015857863 0.0006823278673291792 0.5274913123420811 0.0007917076957663178
59492.030719286806 1.4528109134570861 0.000401488040583599 0.17660281164731376 0.0001300208427307237 0.00047239009138818375 3.4778924076585894e-07 0.9275357754585807 0.0006828825773672465 0.5252751379985054 0.0007921623957266534
59492.030754767016 1.4521140007700242 0.00040142244329445883 0.17628540843287477 0.0001299497053275929 0.00047154107810194474 3.475989572474222e-07 0.9258687417693003 0.0006825089565524838 0.5262452590007238 0.000791807081147203
59492.03079024722 1.4523726005482014 0.0004014590479522934 0.176189780812161 0.00012992928616910185 0.00047128528636189914 3.475443385918318e-07 0.9253664958621902 0.000682401713073014 0.5270061046860112 0.0007917332032874116
59492.03082572743 1.4520248622453915 0.0004014323924783366 0.1760055817503664 0.0001299018788726706 0.00047079257726614286 3.474710275547928e-07 0.9243990638149496 0.0006822577671883961 0.5276257984304419 0.000791595620642116
59492.03086120764 1.4520123477124298 0.0004014309060170731 0.17616232749265476 0.00012992651174878204 0.0004712118522189798 3.475369173698467e-07 0.9252223082597414 0.0006823871415377209 0.5267900394526884 0.0007917063743849166
59492.030896687844 1.4523038829243062 0.0004014560904204446 0.17623970990996118 0.0001299374323412928 0.0004714188403571768 3.4756612856782285e-07 0.9256287285187038 0.0006824444975908236 0.5266751544056024 0.0007917685803488667
59492.030932168054 1.452259159015163 0.00040143728933439063 0.1764612604966796 0.00012999961560296699 0.0004720114600382044 3.477324608951005e-07 0.9267923345413845 0.0006827710903517174 0.5254668244737785 0.000792040566567279
59492.030967648265 1.4522810186882817 0.00040145126447222563 0.1762480943651643 0.00012993590768657995 0.0004714412677099618 3.4756205031010755e-07 0.9256727645229219 0.0006824364899505249 0.5266082541653598 0.0007917592314348736
59492.031003128475 1.451333728580231 0.00040134948149303935 0.17615928952840665 0.00012993927005400732 0.0004712037260504584 3.4757104421593205e-07 0.925206352565161 0.0006824541494433158 0.52612737601507 0.000791722850742058
59492.03103860868 1.4520360553591687 0.0004014236089217696 0.17638475582218902 0.00012996861103062792 0.0004718068197505605 3.476495276018869e-07 0.9263905242762029 0.0006826082512112812 0.5256455310829657 0.0007918932620129441
59492.03107408889 1.4516545082963221 0.000401382503460915 0.17609783576503057 0.00012991075813807078 0.0004710393450384769 3.474947784620107e-07 0.9248835912028918 0.0006823044019856659 0.5267709170934304 0.0007916105172706895
59492.0311095691 1.4517593213281765 0.0004014025865032447 0.17616982570327877 0.00012993170784451227 0.0004712319089800749 3.4755081626598524e-07 0.9252616896180608 0.000682414431956472 0.5264976317101158 0.0007917155381789403
59492.0311450493 1.4520938518776982 0.000401437208661392 0.17623244023410967 0.00012995011922531814 0.00047139939489757265 3.476000643712693e-07 0.925590547448055 0.0006825111303850743 0.5265033044296432 0.0007918164405955221
59492.03118052951 1.4520492492027484 0.0004014163846128886 0.17635706795665274 0.00012996299695161535 0.0004717327582267998 3.476345106535548e-07 0.9262451048143527 0.0006825787655021815 0.5258041443883956 0.0007918641833989996
59492.031216009724 1.4519001891605798 0.00040141400242601366 0.17600540441763118 0.00012989490521460366 0.0004707921029235986 3.474523739051661e-07 0.924398132445542 0.0006822211408330024 0.5275020567150378 0.0007915547273203256
59492.03125148993 1.452142631680526 0.0004014053793454367 0.1760598790712128 0.0001298985433667556 0.0004709378157032748 3.474621055001023e-07 0.924684238819395 0.0006822402487749769 0.5274583928611309 0.000791566823215827
59492.03128697014 1.451963840242629 0.00040139264738754297 0.1763303962101287 0.00012995888474595684 0.0004716614146923427 3.476235110256966e-07 0.9261050221120205 0.0006825571677833869 0.5258588181306084 0.00079183353343317
59492.03132245035 1.4518394217167496 0.00040139739175206656 0.17640819389999568 0.0001299831096437215 0.0004718695136318967 3.476883095504889e-07 0.9265136234243472 0.0006826843993892937 0.5253257982924024 0.0007919456138365075
59492.03135793056 1.451130002341825 0.0004013359828595052 0.17601084112864773 0.00012990894444337965 0.0004708066454350683 3.474899270590636e-07 0.9244266866000407 0.0006822948762782546 0.5267033157417843 0.0007915787196061828
59492.03139341076 1.4518869581518534 0.0004013899786361206 0.17634008989560543 0.00012995477413959238 0.00047168734406982844 3.476125156757469e-07 0.9261559343256588 0.0006825355784642458 0.5257310238261946 0.0007918135707469454
