Original_Data_Set_NRCA3_DataChallengeSimulation/Results/ROEBA_Results/25512_radii/DataChallengeSimulation_nrca3_level3_asn_phot.ecsv
# %ECSV 0.9
# ---
# datatype:
# - {name: MJD, datatype: float64}
# - {name: aperture_sum, unit: Jy, datatype: float64}
# - {name: aperture_sum_err, unit: Jy, datatype: float64}
# - {name: annulus_sum, unit: Jy, datatype: float64}
# - {name: annulus_sum_err, unit: Jy, datatype: float64}
# - {name: annulus_mean, unit: Jy, datatype: float64}
# - {name: annulus_mean_err, unit: Jy, datatype: float64}
# - {name: aperture_bkg, unit: Jy, datatype: float64}
# - {name: aperture_bkg_err, unit: Jy, datatype: float64}
# - {name: net_aperture_sum, unit: Jy, datatype: float64}
# - {name: net_aperture_sum_err, unit: Jy, datatype: float64}
# meta: !!omap
# - {instrument: NIRCAM}
# - {detector: NRCA3}
# - {channel: SHORT}
# - {subarray: SUBGRISM64}
# - {filter: WLP4}
# - {pupil: CLEAR}
# - {target_name: UNKNOWN}
# - {xcenter: 1054.0}
# - {ycenter: 22.0}
# - ra_icrs: !numpy.ndarray
#     buffer: !!binary |
#       RjByVEdwN3haVUE9
#     dtype: float64
#     order: C
#     shape: !!python/tuple []
# - dec_icrs: !numpy.ndarray
#     buffer: !!binary |
#       Wkg2dmxQdXpPa0E9
#     dtype: float64
#     order: C
#     shape: !!python/tuple []
# - {apertures: Photometry measured in a circular aperture of r=25.0 pixels.  Background calculated as the mean in a circular annulus
#     with r_inner=5.0 pixels and r_outer=12.0 pixels.}
# - {number_of_integrations: 2198}
# - __serialized_columns__:
#     annulus_mean:
#       __class__: astropy.units.quantity.Quantity
#       unit: &id001 !astropy.units.Unit {unit: Jy}
#       value: !astropy.table.SerializedColumn {name: annulus_mean}
#     annulus_mean_err:
#       __class__: astropy.units.quantity.Quantity
#       unit: *id001
#       value: !astropy.table.SerializedColumn {name: annulus_mean_err}
#     annulus_sum:
#       __class__: astropy.units.quantity.Quantity
#       unit: *id001
#       value: !astropy.table.SerializedColumn {name: annulus_sum}
#     annulus_sum_err:
#       __class__: astropy.units.quantity.Quantity
#       unit: *id001
#       value: !astropy.table.SerializedColumn {name: annulus_sum_err}
#     aperture_bkg:
#       __class__: astropy.units.quantity.Quantity
#       unit: *id001
#       value: !astropy.table.SerializedColumn {name: aperture_bkg}
#     aperture_bkg_err:
#       __class__: astropy.units.quantity.Quantity
#       unit: *id001
#       value: !astropy.table.SerializedColumn {name: aperture_bkg_err}
#     aperture_sum:
#       __class__: astropy.units.quantity.Quantity
#       unit: *id001
#       value: !astropy.table.SerializedColumn {name: aperture_sum}
#     aperture_sum_err:
#       __class__: astropy.units.quantity.Quantity
#       unit: *id001
#       value: !astropy.table.SerializedColumn {name: aperture_sum_err}
#     net_aperture_sum:
#       __class__: astropy.units.quantity.Quantity
#       unit: *id001
#       value: !astropy.table.SerializedColumn {name: net_aperture_sum}
#     net_aperture_sum_err:
#       __class__: astropy.units.quantity.Quantity
#       unit: *id001
#       value: !astropy.table.SerializedColumn {name: net_aperture_sum_err}
# schema: astropy-2.0
MJD aperture_sum aperture_sum_err annulus_sum annulus_sum_err annulus_mean annulus_mean_err aperture_bkg aperture_bkg_err net_aperture_sum net_aperture_sum_err
[from data line 2175]
59492.03146437118 1.4523285790826779 0.00040143691962292634 0.1763773743390586 0.00012996467673015758 0.00047178707522068557 3.4763900384781184e-07 0.9263517559824506 0.0006825875878684747 0.5259768231002273 0.0007918821980247103
59492.031499851386 1.4522237320314555 0.00040142109196438083 0.1763992633760022 0.00012997668669956683 0.00047184562561445193 3.476711289906331e-07 0.9264667194117764 0.0006826506654389014 0.5257570126196791 0.0007919285473437933
59492.0315353316 1.4519129452859452 0.00040140471042146396 0.176243543168903 0.0001299451694991125 0.00047142909383799596 3.4758682448231837e-07 0.9256488611812134 0.0006824851339239102 0.5262640841047318 0.0007917775568779888
59492.03157081181 1.4523718056492254 0.00040145570488816856 0.17630159448904562 0.0001299485184140429 0.0004715843737464616 3.475957824044221e-07 0.925953752568517 0.0006825027227628305 0.5264180530807084 0.0007918185711171047
59492.03160629202 1.452032482881521 0.00040139422562629603 0.17634178358618496 0.00012997119262120853 0.00047169187447701835 3.476564330288103e-07 0.9261648297593749 0.000682621809985339 0.5258676531221461 0.0007918900553951881
59492.03164177222 1.4518827687122315 0.0004014213344569677 0.17620821904585476 0.00012993702433622512 0.0004713346062952478 3.475650372060862e-07 0.9254633353248675 0.0006824423547070647 0.5264194333873641 0.0007917491113069441
59492.03167725243 1.4525303621628978 0.00040144568816000316 0.1763046173289263 0.00012995101343613442 0.00047159245945922106 3.4760245627163196e-07 0.9259696288283945 0.0006825158268704539 0.5265607333345033 0.0007918247877345833
59492.03171273264 1.452109813664822 0.0004014513294452124 0.1761996102860297 0.0001299393117740819 0.0004713115789560873 3.475711558118328e-07 0.925418121250156 0.0006824543685613545 0.5266916924146661 0.0007917746744382555
59492.031748212845 1.4518985761770529 0.00040140294117509373 0.17616166469799244 0.00012993036489292815 0.0004712100793274376 3.4754722404106183e-07 0.9252188271953385 0.0006824073786393287 0.5266797489817143 0.0007917096384441809
59492.031783693055 1.4524822281933647 0.0004014486391080295 0.17657509906124075 0.00013001487376867535 0.000472315963740127 3.4777327455047873e-07 0.9273902261619789 0.0006828512277766563 0.5250920020313858 0.0007921154013890753
59492.031819173266 1.4522593210181685 0.00040143677082967865 0.1763725277759468 0.0001299749163601144 0.00047177411127990836 3.476663935574431e-07 0.9263263013442585 0.0006826413674375757 0.5259330196739099 0.0007919284800480427
59492.03185465347 1.4526284042331563 0.00040146179601516284 0.17618117495157393 0.00012993211476789224 0.00047126226677783205 3.475519047343446e-07 0.925321297014569 0.0006824165691590979 0.5273071072185873 0.00079174740133618
59492.03189013368 1.4528862680866825 0.0004014900274997809 0.17626049366424035 0.00012994800080807156 0.00047147443426019415 3.475943978741882e-07 0.9257378868920186 0.0006825000042440734 0.5271483811946639 0.0007918336302373971
59492.03192561389 1.4520912205314365 0.0004014250059179821 0.17618719432459143 0.00012994004000872964 0.0004712783678361522 3.4757310374702473e-07 0.9253529113686525 0.0006824581933231599 0.526738309162784 0.0007917646247529397
59492.0319610941 1.452069951735509 0.00040142920976208457 0.17631121864838156 0.00012996122145262983 0.000471610117150351 3.4762976141926906e-07 0.9260042996238528 0.0006825694404024676 0.5260656521116561 0.0007918626468154369
59492.031996574304 1.4522625840494987 0.00040143851892973577 0.17641310298190607 0.00012997968096773618 0.00047188264480251994 3.476791382776935e-07 0.926539406417574 0.0006826663916372699 0.5257231776319247 0.000791950937086099
59492.032032054514 1.4520737638056602 0.00040142186246675796 0.1764030927723741 0.00012998831542181092 0.00047185586876338716 3.477022343457086e-07 0.9264868317876792 0.0006827117406607718 0.525586932017981 0.0007919815859616571
59492.032067534725 1.4525005264433044 0.0004014440240243918 0.17640863984593907 0.00012997773380392169 0.00047187070648065706 3.476739298617929e-07 0.9265159655774111 0.0006826561649365636 0.5259845608658933 0.0007919449121945245
59492.03210301493 1.4517203609136757 0.0004013457900852242 0.1762816697243573 0.00012995253286322858 0.00047153107753150213 3.4760652054613117e-07 0.9258491056951539 0.000682523807054772 0.5258712552185218 0.0007917810242836542
59492.03213849514 1.4519589206386707 0.0004014315239663633 0.17611579692672347 0.00012991927463335568 0.00047108738886481467 3.475175590052445e-07 0.9249779250353124 0.0006823491314777084 0.5269809956033583 0.0007916739263499462
59492.03217397535 1.4522646513737716 0.00040141376272267423 0.17643620868958593 0.0001299683073593273 0.00047194444963598016 3.4764871531972605e-07 0.9266607599242959 0.000682606656298988 0.5256038914494757 0.0007918868960444163
59492.03220945555 1.4523555298239363 0.0004014204372612073 0.17629989865721835 0.00012995835149021137 0.0004715798376117059 3.476220846343046e-07 0.9259448458887518 0.000682554367070438 0.5264106839351845 0.0007918452067531286
59492.03224493576 1.452726424101372 0.00040149949263368383 0.17648151858181427 0.00012999390744536293 0.0004720656478430239 3.4771719229848485e-07 0.9268987320473439 0.0006827411105323684 0.5258276920540281 0.0007920462528136076
