Original_Data_Set_NRCA3_DataChallengeSimulation/Results/ROEBA_Results/25512_radii/DataChallengeSimulation_nrca3_level3_asn_phot.ecsv
# %ECSV 0.9
# ---
# datatype:
# - {name: MJD, datatype: float64}
# - {name: aperture_sum, unit: Jy, datatype: float64}
# - {name: aperture_sum_err, unit: Jy, datatype: float64}
# - {name: annulus_sum, unit: Jy, datatype: float64}
# - {name: annulus_sum_err, unit: Jy, datatype: float64}
# - {name: annulus_mean, unit: Jy, datatype: float64}
# - {name: annulus_mean_err, unit: Jy, datatype: float64}
# - {name: aperture_bkg, unit: Jy, datatype: float64}
# - {name: aperture_bkg_err, unit: Jy, datatype: float64}
# - {name: net_aperture_sum, unit: Jy, datatype: float64}
# - {name: net_aperture_sum_err, unit: Jy, datatype: float64}
# meta: !!omap
# - {instrument: NIRCAM}
# - {detector: NRCA3}
# - {channel: SHORT}
# - {subarray: SUBGRISM64}
# - {filter: WLP4}
# - {pupil: CLEAR}
# - {target_name: UNKNOWN}
# - {xcenter: 1054.0}
# - {ycenter: 22.0}
# - ra_icrs: !numpy.ndarray
#     buffer: !!binary |
#       RjByVEdwN3haVUE9
#     dtype: float64
#     order: C
#     shape: !!python/tuple []
# - dec_icrs: !numpy.ndarray
#     buffer: !!binary |
#       Wkg2dmxQdXpPa0E9
#     dtype: float64
#     order: C
#     shape: !!python/tuple []
# - {apertures: Photometry measured in a circular aperture of r=25.0 pixels.  Background calculated as the mean in a circular annulus
#     with r_inner=5.0 pixels and r_outer=12.0 pixels.}
# - {number_of_integrations: 2198}
# - __serialized_columns__:
#     annulus_mean:
#       __class__: astropy.units.quantity.Quantity
#       unit: &id001 !astropy.units.Unit {unit: Jy}
#       value: !astropy.table.SerializedColumn {name: annulus_mean}
#     annulus_mean_err:
#       __class__: astropy.units.quantity.Quantity
#       unit: *id001
#       value: !astropy.table.SerializedColumn {name: annulus_mean_err}
#     annulus_sum:
#       __class__: astropy.units.quantity.Quantity
#       unit: *id001
#       value: !astropy.table.SerializedColumn {name: annulus_sum}
#     annulus_sum_err:
#       __class__: astropy.units.quantity.Quantity
#       unit: *id001
#       value: !astropy.table.SerializedColumn {name: annulus_sum_err}
#     aperture_bkg:
#       __class__: astropy.units.quantity.Quantity
#       unit: *id001
#       value: !astropy.table.SerializedColumn {name: aperture_bkg}
#     aperture_bkg_err:
#       __class__: astropy.units.quantity.Quantity
#       unit: *id001
#       value: !astropy.table.SerializedColumn {name: aperture_bkg_err}
#     aperture_sum:
#       __class__: astropy.units.quantity.Quantity
#       unit: *id001
#       value: !astropy.table.SerializedColumn {name: aperture_sum}
#     aperture_sum_err:
#       __class__: astropy.units.quantity.Quantity
#       unit: *id001
#       value: !astropy.table.SerializedColumn {name: aperture_sum_err}
#     net_aperture_sum:
#       __class__: astropy.units.quantity.Quantity
#       unit: *id001
#       value: !astropy.table.SerializedColumn {name: net_aperture_sum}
#     net_aperture_sum_err:
#       __class__: astropy.units.quantity.Quantity
#       unit: *id001
#       value: !astropy.table.SerializedColumn {name: net_aperture_sum_err}
# schema: astropy-2.0
MJD aperture_sum aperture_sum_err annulus_sum annulus_sum_err annulus_mean annulus_mean_err aperture_bkg aperture_bkg_err net_aperture_sum net_aperture_sum_err
[from data line 1754]
59492.01652720347 1.4523193597700703 0.0004014372694222106 0.17631775903555444 0.00012994709885335177 0.00047162761185536446 3.475919852598672e-07 0.9260386503968197 0.0006824952670869316 0.5262807093732507 0.0007918027979725902
59492.01656268368 1.452098096727684 0.0004014129389862101 0.17632989129500687 0.00012995897820062996 0.00047166006410851954 3.4762376100507783e-07 0.9261023702468849 0.0006825576586167541 0.5259957264807991 0.0007918442428419445
59492.016598163886 1.4518122939750422 0.0004013965183432731 0.17630038526000974 0.00012995155128612564 0.000471581139212371 3.4760389495204783e-07 0.9259474015756815 0.0006825186517128448 0.5258648923993607 0.0007918022953200004
59492.016633644096 1.452080096638709 0.0004014233601790145 0.1761407006452846 0.0001299102297828753 0.0004711540031490226 3.474933651789675e-07 0.9251087218764948 0.0006823016270108998 0.5269713747622142 0.0007916288425260488
59492.01666912431 1.4518826019685778 0.000401412324733515 0.1761810923243725 0.00012993685749579592 0.0004712620457605625 3.47564590929128e-07 0.9253208630481751 0.0006824414784443064 0.5265617389204027 0.0007917437880711257
59492.01670460452 1.4521333584801082 0.00040140661607500935 0.17648095270368233 0.00012998458966024815 0.0004720641341908914 3.4769226840672546e-07 0.9268957599983316 0.000682692172585337 0.5252375984817765 0.0007919569899546802
59492.01674008472 1.452152902118454 0.00040143783544903584 0.1763275288466329 0.000129964137910578 0.00047165374485916636 3.4763756257387023e-07 0.9260899624297948 0.000682584757933708 0.5260629396886592 0.0007918802229462647
59492.01677556493 1.4525394156952485 0.00040146112458505683 0.17633298211472426 0.00012995463245580439 0.0004716683316587082 3.476121366896088e-07 0.9261186035437199 0.0006825348343267038 0.5264208121515286 0.0007918489973615421
59492.01681104514 1.4519551478068797 0.00040140429475447864 0.17628322268555383 0.00012994602378633012 0.00047153523150546614 3.475891095921252e-07 0.9258572620039592 0.0006824896207265238 0.5260978858029205 0.000791781213623293
59492.016846525345 1.452710920760196 0.00040146302756168494 0.17643040941445595 0.0001299721940386556 0.0004719289373115552 3.476591116932943e-07 0.9266303015465124 0.0006826270695307542 0.5260806192136837 0.0007919294656439672
59492.016882005555 1.4519378013773663 0.00040141664086734376 0.1760332112502238 0.00012989894030505215 0.00047086648266912544 3.474631672596317e-07 0.9245441767343688 0.0006822423335349378 0.5273936246429974 0.0007915743308321837
59492.016917485766 1.4520968011917355 0.00040141143647078086 0.17635631097127008 0.00012996261907941914 0.0004717307333870435 3.476334998934223e-07 0.9262411290507883 0.0006825767808793023 0.5258556721409472 0.0007918599643403414
59492.01695296597 1.4521185550720537 0.00040142636764790797 0.1761676452985467 0.00012993836881895364 0.0004712260766743429 3.475686335266265e-07 0.9252502379125352 0.000682449416065933 0.5268683171595184 0.0007917577496505647
59492.01698844618 1.4519633945942343 0.00040139671880338784 0.17636799624587102 0.00012997637178691562 0.000471761990012491 3.476702866392872e-07 0.9263025012913394 0.0006826490114859014 0.5256608933028949 0.0007919147673511363
59492.01702392639 1.4519001325590999 0.0004013951677614609 0.17617413347934574 0.0001299285906429941 0.0004712434317339369 3.475424781478301e-07 0.9252843144923621 0.0006823980600997589 0.5266158180667377 0.0007916976652297046
59492.0170594066 1.4512260490404483 0.0004013114429615572 0.17623751505242624 0.0001299384326827653 0.00047141296939203273 3.4756880435421153e-07 0.9256172009056001 0.0006824497514851119 0.5256088481348482 0.0007916997774118534
59492.0170948868 1.4530180252692015 0.0004015159721187744 0.17630823558895464 0.00012995383747722942 0.000471602137845253 3.4761001022288847e-07 0.9259886322949299 0.0006825306590190621 0.5270293929742716 0.0007918732072544692
59492.017130367014 1.4517221673624199 0.00040138508207459715 0.17607273075804836 0.0001299175799453197 0.00047097219233330754 3.4751302592998525e-07 0.9247517371746238 0.0006823402308052506 0.5269704301877961 0.0007916427064575242
59492.017165847225 1.452135060753578 0.00040143354791011764 0.1761506363174955 0.00012992209228749723 0.00047118057981028824 3.4752509587221173e-07 0.925160905028863 0.000682363930081393 0.526974155724715 0.0007916877076624526
59492.01720132743 1.4520255772805646 0.0004014103782045373 0.1762315221384679 0.00012993965885330628 0.0004713969391083354 3.475720842046766e-07 0.9255857255171634 0.0006824561914564406 0.5264398517634011 0.0007917554830801865
59492.01723680764 1.4524985097294718 0.0004014431806713354 0.1762848753635891 0.00012994211250340798 0.00047153965220930906 3.4757864740706827e-07 0.9258659420356572 0.0006824690782742017 0.5266325676938146 0.0007917832216635793
59492.01727228785 1.4528472134566774 0.00040148566960155566 0.17638803932746888 0.0001299597247239422 0.00047181560271015646 3.476257578601245e-07 0.9264077695770425 0.0006825615794324696 0.5264394438796349 0.0007918844944894154
59492.01730776805 1.452230494455069 0.0004014418112086255 0.1763291023322497 0.0001299504552683748 0.0004716579537333477 3.476009632437661e-07 0.9260982265349249 0.0006825128953170946 0.5261322679201441 0.0007918202953073285
59492.01734324826 1.4520823466050847 0.000401417549518325 0.17619401485175099 0.00012995193652716583 0.00047129661188005027 3.476049254229021e-07 0.9253887334650788 0.0006825206750376358 0.526693613140006 0.0007918147011233922
59492.01737872847 1.4519373011690395 0.00040139688517039156 0.17636421518977796 0.00012995647390658298 0.00047175187616766215 3.4761706233656465e-07 0.9262826428034557 0.0006825445058118854 0.5256546583655838 0.0007918247671287401
59492.01741420868 1.4524495857544244 0.0004014573276707397 0.17633582418412325 0.00012996267662303268 0.00047167593383338823 3.476336538152801e-07 0.9261335303787986 0.0006825770831041633 0.5263160553756258 0.0007918834891065222
59492.01744968889 1.452451064324752 0.00040145088291004046 0.17621898496462823 0.00012993561093183544 0.0004713634037606213 3.475612565288559e-07 0.9255198790159047 0.000682434931364682 0.5269311853088472 0.0007917576945858936
59492.0174851691 1.4519328411237584 0.00040141921907206515 0.17614939897857823 0.00012993006585691744 0.0004711772700858351 3.475464241577128e-07 0.9251544064000958 0.0006824058080720454 0.5267784347236626 0.0007917165378662289
59492.01752064931 1.4518440239940409 0.0004014088599676546 0.1761105737447416 0.0001299237842411698 0.00047107341751639306 3.4752962163339614e-07 0.9249504923568361 0.0006823728163926987 0.5268935316372048 0.0007916828490072497
59492.01755612951 1.4519525277617398 0.00040140521267453133 0.17619113852838597 0.00012994203822368553 0.00047128891808036167 3.475784487182447e-07 0.9253736267247163 0.0006824686881496089 0.5265789010370234 0.0007917636358579079
59492.01759160972 1.4511798229536312 0.00040133383173587866 0.17625001913808003 0.0001299446878483534 0.00047144641623305197 3.475855361277107e-07 0.92568287362437 0.0006824826042455535 0.5254969493292613 0.0007917394455208073
59492.01762708993 1.4518600973579927 0.00040140722442411693 0.17613326077796848 0.00012993794305072583 0.0004711341024488662 3.475674946506926e-07 0.9250696469431119 0.000682447179888266 0.5267904504148808 0.0007917461166038775
59492.01766257014 1.4517196421687057 0.00040136244874070974 0.17622429250555396 0.00012993763780128656 0.00047137760075850353 3.475666781472113e-07 0.9255477547560608 0.0006824455766874295 0.526171887412645 0.0007917220348072783
59492.017698050346 1.4526432035161814 0.00040147180900174464 0.176240280419256 0.00012992843781532766 0.0004714203663970818 3.475420693532326e-07 0.9256317248910505 0.0006823972574334437 0.5270114786251309 0.0007917358337070635
59492.017733530556 1.4525851345904424 0.0004014419747062901 0.17656376477496039 0.0001299900169303101 0.0004722856459638591 3.477067856648406e-07 0.9273306973474811 0.0006827206771549901 0.5252544372429613 0.0007919994836305475
59492.01776901077 1.4517469550131352 0.00040137993648919744 0.17615125359770467 0.00012991619528617993 0.00047118223095644896 3.475093221426476e-07 0.9251641470467683 0.0006823329584358191 0.5265828079663669 0.0007916338292315769
59492.01780449097 1.4520926321786465 0.00040140744383989274 0.17618986883758178 0.00012993522482821095 0.0004712855218187199 3.475602237506982e-07 0.9253669581805767 0.0006824329035095113 0.5267256739980698 0.0007917339223264964
59492.01783997118 1.4524135177698356 0.0004014651313622395 0.17634281971263205 0.0001299531913202214 0.00047169464598366916 3.4760828183495837e-07 0.9261702715999584 0.0006825272653372972 0.5262432461698773 0.0007918445047031074
59492.01787545139 1.4529521664893008 0.0004014866296463821 0.17634485469961808 0.0001299471319301726 0.0004717000893153995 3.4759207373616195e-07 0.9261809595568178 0.0006824954408097301 0.526771206932483 0.0007918279740643664
59492.017910931594 1.4518613180549744 0.00040138718989498164 0.17615814795487889 0.0001299307393644287 0.00047120067248625935 3.475482257047653e-07 0.9252003569058767 0.0006824093454014113 0.5266609611490978 0.0007917033477906814
59492.017946411805 1.4525147382537913 0.0004014686522826208 0.1764069152181311 0.00012996925067402452 0.0004718660933203103 3.4765123856673366e-07 0.9265069076582516 0.0006826116106829019 0.5260078305955397 0.0007919189919459752
59492.017981892015 1.4518936245649061 0.0004014477261527212 0.1763044453311608 0.0001299508346097885 0.0004715919993870432 3.476019779338688e-07 0.9259687254787857 0.0006825148876564522 0.5259248990861204 0.0007918250114172258
59492.018017372226 1.4521960170495685 0.00040144454647701966 0.17616096653193464 0.0001299271200521847 0.00047120821182190483 3.475385445041901e-07 0.9252151603567996 0.000682390336408533 0.5269808566927688 0.0007917160445007357
59492.01805285243 1.4512800216355621 0.0004013359321309035 0.1761486105500537 0.00012992375449361035 0.0004711751611396678 3.4752954206245277e-07 0.9251502654939796 0.0006823726601555166 0.5261297561415825 0.0007916457400549171
59492.01808833264 1.4516979773358336 0.0004013624763370192 0.1760676481183427 0.00012991350018142983 0.000470958596917625 3.475021130797378e-07 0.9247250426383545 0.0006823188034738963 0.5269729346974791 0.0007916127759109461
59492.01812381285 1.4521118916806364 0.00040142300387946715 0.17637293732756537 0.00012997026198097677 0.00047177520677847213 3.4765394368438804e-07 0.9263284523506585 0.0006826169221689957 0.5257834393299778 0.0007919004296469901
59492.01815929305 1.452462363498237 0.0004014393523430187 0.1761307171408095 0.00012991683828789016 0.00047112729854252523 3.475110420905568e-07 0.9250562875042516 0.0006823363355456417 0.5274060759939854 0.0007916668670693733
59492.01819477326 1.4517166350394068 0.0004013784809691586 0.1761930456224543 0.00012993229605102696 0.00047129401931478044 3.475523896437058e-07 0.9253836429750752 0.0006824175212764022 0.5263329920643316 0.0007917059797236207
59492.018230253474 1.4518393442540893 0.00040157253138770266 0.1762777979739322 0.00012994552085849624 0.00047152072109085387 3.475877643240449e-07 0.9258287708714927 0.0006824869792988249 0.5260105733825966 0.0007918642401810818
59492.01826573368 1.4521815280771442 0.00040142379816425223 0.17629001756612306 0.00012994430586061144 0.0004715534069479924 3.475845143590161e-07 0.9258929494019069 0.0006824805980074131 0.5262885786752373 0.0007917833241418833
59492.01830121389 1.452631117598148 0.0004014435776679834 0.17640074733449534 0.00012996637895134656 0.00047184959501494816 3.476435570732986e-07 0.9264745133114252 0.0006825965281058118 0.5261566042867227 0.0007918932795730613
59492.0183366941 1.4522276164073902 0.0004014366465723058 0.17627600292092166 0.0001299428377887534 0.0004715159195520347 3.4758058745325104e-07 0.9258193430720676 0.0006824728875459738 0.5264082733353226 0.0007917831921975597
59492.01837217431 1.4524451378672398 0.0004015162404659702 0.17640704110688388 0.00012996508710200438 0.00047186643005673527 3.47640101540382e-07 0.9265075688386759 0.0006825897431827962 0.5259375690285639 0.0007919242696472198
59492.01840765451 1.45196828842422 0.00040140980250970824 0.1760825802288025 0.00012992137150144776 0.0004709985384166245 3.4752316786107414e-07 0.9248034675882485 0.0006823601444403769 0.5271648208359715 0.0007916724046419548
59492.01844313472 1.4515330661015777 0.000401405775608572 0.17603487449878302 0.00012991046884807143 0.00047087093164777734 3.4749400464800426e-07 0.9245529122835243 0.0006823028826054172 0.5269801538180534 0.000791621007997881
59492.01847861493 1.4521579657899428 0.0004014287860312587 0.17640973798892998 0.000129957925173806 0.000471873643873686 3.476209442920653e-07 0.9265217331351364 0.0006825521280136869 0.5256362326548064 0.000791847509126942
59492.018514095136 1.4525086627883255 0.00040146045854655996 0.17644615433579736 0.00012997871040009725 0.00047197105297643044 3.4767654213252815e-07 0.9267129954611206 0.0006826612941181579 0.5257956673272048 0.0007919576644388842
59492.01854957535 1.4517910221086265 0.00040141198536304583 0.17628463471285807 0.00012994873334104626 0.0004715390084991678 3.4759635730685884e-07 0.9258646781137504 0.0006825038515811254 0.5259263439948761 0.0007917973790157258
59492.01858505556 1.4519777394350522 0.000401417822772354 0.17623239216194508 0.0001299437538503529 0.0004713992663106379 3.4758303780168354e-07 0.925590294968199 0.0006824776987938702 0.5263874444668531 0.0007917777957168751
59492.01862053576 1.451782459181687 0.0004014175226159085 0.17619048293959394 0.00012993857298729714 0.00047128716446360726 3.4756917965101456e-07 0.9253701835062708 0.0006824504883786615 0.5264122756754163 0.0007917541894750965
59492.01865601597 1.451763317349282 0.00040138098658503427 0.1760256876523049 0.00012988552380269552 0.00047084635800024086 3.474272798198155e-07 0.9245046620394165 0.0006821718687116361 0.5272586553098656 0.0007914955178985546
59492.01869149618 1.4517828502577212 0.0004013687314537868 0.17629571626718105 0.00012994481924634616 0.0004715686502495484 3.4758588760065294e-07 0.9259228795545223 0.0006824832943610618 0.5258599707031989 0.0007917577316772788
59492.01872697639 1.4517218208553375 0.0004013829628383505 0.17632928965367548 0.00012994576241025086 0.00047165845479437064 3.4758841044430976e-07 0.9260992103659428 0.0006824882479529983 0.5256226104893947 0.0007917692160287908
59492.018762456595 1.452821083003537 0.0004014831718523042 0.17625786308564792 0.00012995070183319726 0.00047146739779656093 3.4760162277335074e-07 0.9257240708279828 0.0006825141903004058 0.5270970121755543 0.0007918423815646681
59492.018797936806 1.4522030805351096 0.0004014349123890358 0.17609294158731326 0.00012992244392593565 0.0004710262537346772 3.47526036460374e-07 0.9248578864879898 0.000682365776921931 0.5273451940471198 0.0007916899913470319
59492.018833417016 1.452610041757243 0.00040146443771651335 0.1762863118872835 0.00012995152592596912 0.0004715434947277432 3.476038271168501e-07 0.9258734868029597 0.0006825185185187454 0.5267365549542833 0.0007918366137481009
59492.01886889722 1.452007911640428 0.0004013752013996082 0.1763299648805303 0.0001299646290078856 0.0004716602609404488 3.4763887619679535e-07 0.9261027567254743 0.00068258733722629 0.5259051549149538 0.0007918506963059722
59492.01890437743 1.4522613053375732 0.00040144168589166773 0.17621158499449674 0.00012992962732896867 0.00047134360978036654 3.4754525115114587e-07 0.9254810136265585 0.0006824035048790372 0.5267802917110147 0.0007917259441515975
59492.01893985764 1.4519558355919187 0.00040141465676239984 0.17636555987834138 0.0001299615366734808 0.0004717554730387846 3.476306045950102e-07 0.9262897052433896 0.0006825710959741639 0.525666130348529 0.0007918566964565285
