WASP80b/WASP80b_WLP4/Results/303050_radii/WASP80b_WLP4_nrca3_level3_asn_phot.ecsv
# %ECSV 0.9
# ---
# datatype:
# - {name: MJD, datatype: float64}
# - {name: aperture_sum, unit: Jy, datatype: float64}
# - {name: aperture_sum_err, unit: Jy, datatype: float64}
# - {name: annulus_sum, unit: Jy, datatype: float64}
# - {name: annulus_sum_err, unit: Jy, datatype: float64}
# - {name: annulus_mean, unit: Jy, datatype: float64}
# - {name: annulus_mean_err, unit: Jy, datatype: float64}
# - {name: aperture_bkg, unit: Jy, datatype: float64}
# - {name: aperture_bkg_err, unit: Jy, datatype: float64}
# - {name: net_aperture_sum, unit: Jy, datatype: float64}
# - {name: net_aperture_sum_err, unit: Jy, datatype: float64}
# meta: !!omap
# - {instrument: NIRCAM}
# - {detector: NRCA3}
# - {channel: SHORT}
# - {subarray: SUBGRISM256}
# - {filter: WLP4}
# - {pupil: CLEAR}
# - {target_name: UNKNOWN}
# - {xcenter: 1055.75}
# - {ycenter: 166.5}
# - ra_icrs: !numpy.ndarray
#     buffer: !!binary |
#       N3hKNXpxcnlja0E9
#     dtype: float64
#     order: C
#     shape: !!python/tuple []
# - dec_icrs: !numpy.ndarray
#     buffer: !!binary |
#       OGpMa01hd25BY0E9
#     dtype: float64
#     order: C
#     shape: !!python/tuple []
# - {apertures: Photometry measured in a circular aperture of r=30.0 pixels.  Background calculated as the mean in a circular annulus
#     with r_inner=30.0 pixels and r_outer=50.0 pixels.}
# - {number_of_integrations: 1227}
# - __serialized_columns__:
#     annulus_mean:
#       __class__: astropy.units.quantity.Quantity
#       unit: &id001 !astropy.units.Unit {unit: Jy}
#       value: !astropy.table.SerializedColumn {name: annulus_mean}
#     annulus_mean_err:
#       __class__: astropy.units.quantity.Quantity
#       unit: *id001
#       value: !astropy.table.SerializedColumn {name: annulus_mean_err}
#     annulus_sum:
#       __class__: astropy.units.quantity.Quantity
#       unit: *id001
#       value: !astropy.table.SerializedColumn {name: annulus_sum}
#     annulus_sum_err:
#       __class__: astropy.units.quantity.Quantity
#       unit: *id001
#       value: !astropy.table.SerializedColumn {name: annulus_sum_err}
#     aperture_bkg:
#       __class__: astropy.units.quantity.Quantity
#       unit: *id001
#       value: !astropy.table.SerializedColumn {name: aperture_bkg}
#     aperture_bkg_err:
#       __class__: astropy.units.quantity.Quantity
#       unit: *id001
#       value: !astropy.table.SerializedColumn {name: aperture_bkg_err}
#     aperture_sum:
#       __class__: astropy.units.quantity.Quantity
#       unit: *id001
#       value: !astropy.table.SerializedColumn {name: aperture_sum}
#     aperture_sum_err:
#       __class__: astropy.units.quantity.Quantity
#       unit: *id001
#       value: !astropy.table.SerializedColumn {name: aperture_sum_err}
#     net_aperture_sum:
#       __class__: astropy.units.quantity.Quantity
#       unit: *id001
#       value: !astropy.table.SerializedColumn {name: net_aperture_sum}
#     net_aperture_sum_err:
#       __class__: astropy.units.quantity.Quantity
#       unit: *id001
#       value: !astropy.table.SerializedColumn {name: net_aperture_sum_err}
# schema: astropy-2.0
MJD aperture_sum aperture_sum_err annulus_sum annulus_sum_err annulus_mean annulus_mean_err aperture_bkg aperture_bkg_err net_aperture_sum net_aperture_sum_err
[from data line 139]
59852.226159748614 0.2548482189973701 6.781374214195504e-05 0.034095644457048664 2.306229135432539e-05 6.783112941553846e-06 4.58809708508296e-09 0.019178800007089873 1.2972538886808033e-05 0.2356694189902802 6.904339496624796e-05
59852.22636237558 0.2532688078326193 6.7271141670538e-05 0.033785968370538204 2.3056037503564447e-05 6.72150484164698e-06 4.586852921005505e-09 0.01900460720842774 1.2969021095755e-05 0.23426420062419157 6.850986797418115e-05
59852.226565002544 0.2534278166660696 6.728429898592277e-05 0.03401692028895743 2.307337424659718e-05 6.767451265938199e-06 4.590301956443972e-09 0.019134517662538552 1.2978773013710913e-05 0.23429329900353107 6.852463381126876e-05
59852.226767629516 0.2536521181542193 6.72942028336696e-05 0.03415727820858458 2.3065222712405857e-05 6.795374586826644e-06 4.588680260243557e-09 0.019213468992328824 1.2974187775728292e-05 0.23443864916189047 6.853349023257842e-05
59852.22697025648 0.2537099832056531 6.730123505481362e-05 0.034142387775716355 2.306352536551406e-05 6.7924122293319494e-06 4.588342583808594e-09 0.019205093123840448 1.297323301810166e-05 0.23450489008181263 6.854021458126052e-05
59852.227172883446 0.25333024354239586 6.727665318578988e-05 0.03448324293313694 2.339826713669272e-05 6.860223208309265e-06 4.654937343236618e-09 0.019396824149889528 1.3161525264389653e-05 0.23393341939250634 6.855197890043889e-05
59852.22737551042 0.2533649220093536 6.727914052600223e-05 0.03405375957353768 2.3060928021294945e-05 6.774780208739344e-06 4.5878258585943646e-09 0.019155239760114944 1.2971772011978406e-05 0.2342096822492387 6.851824296527386e-05
59852.22757813738 0.2532880391070673 6.727366584850242e-05 0.03346985083086031 2.3054393178038094e-05 6.6586152553497476e-06 4.586525792836041e-09 0.01882679109235892 1.2968096162646427e-05 0.2344612480147084 6.851217143529758e-05
59852.227780764355 0.253654093624144 6.729560903730812e-05 0.03413275327789626 2.3061929697541278e-05 6.790495506891605e-06 4.588025135751841e-09 0.019199673718816646 1.2972335454866967e-05 0.23445441990532734 6.853452037371988e-05
59852.22798339132 0.25317986102966716 6.727385939594311e-05 0.0334111796014992 2.3054500616467016e-05 6.646942985137124e-06 4.586547167032342e-09 0.018793788525843298 1.2968156596762696e-05 0.23438607250382387 6.851237292302233e-05
59852.228186018285 0.25331241698020557 6.727655061183999e-05 0.03427562590030536 2.326581504468636e-05 6.818919112002742e-06 4.628586836779525e-09 0.019280039568921763 1.3087020962636077e-05 0.2340323774112838 6.853761288448806e-05
59852.22838864526 0.25361120263960646 6.72896253969751e-05 0.03411901454350377 2.3062338418662373e-05 6.7877622725286155e-06 4.5881064482353015e-09 0.01919194568072087 1.2972565360497583e-05 0.2344192569588856 6.85286884311791e-05
59852.22859127222 0.2530802409631796 6.725611255204477e-05 0.033481626868131095 2.3053722603707272e-05 6.660958023526848e-06 4.586392386311715e-09 0.01883341511332374 1.2967718964585339e-05 0.23424682584985587 6.849486411956579e-05
59852.22879389919 0.253193671213806 6.726233933112846e-05 0.03353611028714135 2.305569515202014e-05 6.671797155341885e-06 4.586784812329816e-09 0.01886406203651701 1.2968828523011329e-05 0.23432960917728898 6.850118835140849e-05
59852.22899652616 0.2532530874355195 6.727742422535114e-05 0.03384957429122197 2.3057683242779614e-05 6.734158837505395e-06 4.587180330419423e-09 0.01904038553881236 1.2969946824063531e-05 0.23421270189670715 6.851621217651265e-05
59852.229199153124 0.253455389968666 6.728080708261308e-05 0.03431887305843118 2.3065674814010694e-05 6.827522860740744e-06 4.5887702030000444e-09 0.01930436609536754 1.2974442082881014e-05 0.23415102387329847 6.85203849160951e-05
59852.229401780096 0.253199877322424 6.726947829648474e-05 0.033419607863237735 2.3052553703061858e-05 6.648619734533825e-06 4.586159840917089e-09 0.018798529423071225 1.2967061457972295e-05 0.23440134789935277 6.850786373210059e-05
59852.22960440706 0.25336860327547994 6.727805333564204e-05 0.03379239229299716 2.3057457477946163e-05 6.722782840413707e-06 4.5871354159328975e-09 0.0190082206648109 1.2969819831344716e-05 0.23436038261066905 6.851680587338436e-05
59852.229807034026 0.25344151078098043 6.729098546380418e-05 0.03341515894492989 2.3054261792468972e-05 6.647734650358693e-06 4.58649965450757e-09 0.018796026906523062 1.2968022258263797e-05 0.23464548387445736 6.852916405429683e-05
59852.230009661 0.2534940605167889 6.728159266817248e-05 0.034282832880039284 2.3062690519316684e-05 6.820352895064513e-06 4.588176496434801e-09 0.019284093495022095 1.2972763417115635e-05 0.23420996702176683 6.852083845548254e-05
59852.23021228796 0.25343795779631606 6.728194358845938e-05 0.03389766145281199 2.3059232960375502e-05 6.743725474338283e-06 4.58748863693915e-09 0.019067434567206745 1.2970818540211219e-05 0.2343705232291093 6.852081484223403e-05
59852.23041491493 0.2531626955462277 6.726432258114472e-05 0.03333771693756864 2.3052861739433126e-05 6.632328052515565e-06 4.586221122806013e-09 0.01875246577738236 1.2967234728431131e-05 0.23441022976884537 6.850283402022523e-05
59852.2306175419 0.25313480499569685 6.726446159049314e-05 0.03341195231757216 2.3052796984932936e-05 6.647096712115397e-06 4.586208240307523e-09 0.01879422317863434 1.2967198304024776e-05 0.23434058181706252 6.850296362139983e-05
59852.230820168865 0.253208634488839 6.726581089566548e-05 0.03367701689296668 2.3060130618079076e-05 6.699829633881136e-06 4.587667220265061e-09 0.018943322002293754 1.2971323472669479e-05 0.23426531248654525 6.850506950645372e-05
59852.23102279584 0.25341997447007086 6.728037389019611e-05 0.033896016016611144 2.3060089283020806e-05 6.743398125207149e-06 4.587658996916502e-09 0.019066509009343768 1.2971300221699202e-05 0.2343534654607271 6.851936470988356e-05
59852.2312254228 0.2531973446052792 6.726396673102896e-05 0.03368829364358047 2.305528909119746e-05 6.702073072133886e-06 4.586704029095909e-09 0.018949665174514012 1.2968600113798571e-05 0.2342476794307652 6.850274307868691e-05
59852.23142804977 0.25309636985984113 6.726437292973829e-05 0.03364252951915129 2.3095311651619152e-05 6.6929685888599156e-06 4.594666264503792e-09 0.018923922854522598 1.2991112804035772e-05 0.23417244700531853 6.850740746458073e-05
59852.23163067674 0.2533277263340872 6.728049647598983e-05 0.03363177941499743 2.3055843949675727e-05 6.690829923591367e-06 4.586814414682824e-09 0.018917875920936054 1.2968912221692595e-05 0.23440985041315113 6.851903305118694e-05
59852.231833303704 0.25320800038310276 6.726306733608133e-05 0.03463271858005678 2.3679458255899324e-05 6.889960443408204e-06 4.71087853895571e-09 0.019480904201281936 1.331969526894337e-05 0.23372709618182083 6.856919504789102e-05
59852.23203593067 0.25333599522192235 6.727383439150799e-05 0.03397638715746605 2.305978465409231e-05 6.759387455643391e-06 4.587598392916779e-09 0.019111717776074653 1.2971128867926926e-05 0.2342242774458477 6.851291103028983e-05
59852.23223855764 0.2531836936042337 6.726108408832352e-05 0.03391434678514616 2.3059883369442184e-05 6.747044915735926e-06 4.587618031711643e-09 0.019076820066644715 1.2971184395311229e-05 0.234106873537589 6.850040187731524e-05
59852.232441184606 0.2534694230568125 6.72857670025465e-05 0.03359753902073179 2.306027513243556e-05 6.684018013590376e-06 4.587695970482789e-09 0.01889861569916163 1.2971404761995003e-05 0.2345708073576509 6.85246800986366e-05
59852.23264381157 0.2536409893901599 6.729195066694813e-05 0.0341822240454617 2.30622779428714e-05 6.800337403387342e-06 4.588094416958963e-09 0.019227501025572205 1.2972531342865162e-05 0.2344134883645877 6.85309652201441e-05
59852.23284643854 0.2531288054471129 6.726655344931877e-05 0.03360776959133689 2.3054819606668423e-05 6.686053320943442e-06 4.586610628116532e-09 0.018904370395127 1.2968336028750988e-05 0.23422443505198592 6.850523302861365e-05
59852.23304906551 0.25336059536366157 6.727552636630807e-05 0.0339891625299832 2.3062020298964556e-05 6.761929035250822e-06 4.588043160332299e-09 0.01911890392311555 1.2972386418167562e-05 0.23424169144054602 6.851481049558607e-05
59852.23325169248 0.25357982516064737 6.728523886232383e-05 0.034081117774443864 2.3060585364236513e-05 6.7802229498747445e-06 4.587757689138571e-09 0.019170628748124672 1.2971579267383038e-05 0.2344091964125227 6.852419454068742e-05
59852.233454319445 0.2531256614680127 6.726410687353617e-05 0.033508522225384495 2.3054874299632065e-05 6.6663086848432244e-06 4.586621508935927e-09 0.018848543751778777 1.2968366793543037e-05 0.2342771177162339 6.850283651635432e-05
59852.23365694641 0.2531370864608545 6.726358878963835e-05 0.03344922104522091 2.3052966347425842e-05 6.654511089900452e-06 4.586241933904923e-09 0.01881518683793676 1.2967293570427036e-05 0.23432189962291772 6.850212463422723e-05
59852.23385957338 0.253364829203397 6.727927501092123e-05 0.033743663983039976 2.3056169108673636e-05 6.713088651165957e-06 4.586879103010085e-09 0.018980810990459986 1.296909512362892e-05 0.234384018212937 6.851786828500216e-05
59852.23406220035 0.253314028928312 6.727344786158077e-05 0.03405689787291527 2.30947694222455e-05 6.775404553562901e-06 4.594558391397409e-09 0.019157005053514836 1.2990807800013093e-05 0.23415702387479717 6.851625992771137e-05
59852.23426482731 0.25311207032106825 6.726150600314885e-05 0.033403309149778085 2.305349199192256e-05 6.645377208517398e-06 4.586346507554875e-09 0.018789361396750172 1.2967589245456439e-05 0.23432270892431808 6.85001354790668e-05
59852.234467454284 0.25323359823875063 6.727028268292761e-05 0.033752346094766544 2.3057054785920497e-05 6.714815902413156e-06 4.587055302899862e-09 0.01898569467830618 1.296959331708028e-05 0.23424790356044445 6.85091328441066e-05
59852.23467008125 0.25362240912755396 6.7289140791688e-05 0.03448801493264908 2.312121457504791e-05 6.8611725674477515e-06 4.599819487384064e-09 0.019399508399615108 1.300568319846445e-05 0.23422290072793886 6.853448959423591e-05
59852.23487270822 0.25335421686492404 6.727374308691579e-05 0.03374456859221199 2.305713033944035e-05 6.713268617442573e-06 4.587070333795053e-09 0.018981319833119244 1.2969635815935196e-05 0.2343728970318048 6.851253872191819e-05
59852.235075335186 0.25329096095495096 6.727357500506105e-05 0.03354828853366133 2.3056133454314698e-05 6.674219940506693e-06 4.58687200980075e-09 0.0188709123001845 1.2969075068052017e-05 0.23442004865476646 6.851226752985441e-05
59852.23527796215 0.25321128207374743 6.727046575170096e-05 0.03355855083247636 2.305567029222635e-05 6.676261559986565e-06 4.586779866630983e-09 0.01887668484326795 1.2968814539377322e-05 0.23433459723047947 6.850916517523431e-05
59852.23548058912 0.2532545242692828 6.727179790982496e-05 0.033656321530967065 2.305664904900002e-05 6.695712422429494e-06 4.586974584104251e-09 0.018931680861168972 1.2969365090062509e-05 0.23432284340811382 6.851057746698434e-05
59852.23568321609 0.25342059325838395 6.728495293582022e-05 0.03406129155298122 2.3061632359029823e-05 6.776278648438976e-06 4.5879659821345045e-09 0.019159476498551934 1.2972168201954276e-05 0.23426111675983202 6.852402527169092e-05
59852.23588584305 0.25367863322198064 6.728817514247767e-05 0.03411091880648217 2.3061029500704778e-05 6.786151676822415e-06 4.587846047281486e-09 0.01918739182864622 1.2971829094146438e-05 0.23449124139333444 6.852712502398225e-05
59852.236088470025 0.2533676634769081 6.727819064978279e-05 0.033872436335159184 2.305901051034844e-05 6.738707096632634e-06 4.587444381912403e-09 0.019053245438527038 1.2970693412070997e-05 0.23431441803838104 6.851710607358181e-05
59852.23629109699 0.2532233621208528 6.727269333607309e-05 0.03352470316117223 2.3055199158085533e-05 6.6695277797363125e-06 4.586686137471771e-09 0.01885764552815938 1.2968549526423113e-05 0.2343657165926934 6.851130231946129e-05
59852.23649372396 0.25320952603695657 6.727339286057108e-05 0.033451806604666484 2.3053673648260232e-05 6.655025470608478e-06 4.586382646934981e-09 0.018816641215124896 1.296769142714638e-05 0.23439288482183168 6.85118267740864e-05
59852.23669635093 0.25304723145115116 6.725945294920581e-05 0.033496082203456165 2.306949872677277e-05 6.663833821115642e-06 4.58953094627259e-09 0.01884154623944409 1.297659303380968e-05 0.23420568521170707 6.849982465518834e-05
59852.23689897789 0.25325539383536944 6.727002552522643e-05 0.03387149724532101 2.3058917410536256e-05 6.738520270645443e-06 4.587425860293265e-09 0.019052717200493067 1.2970641043426642e-05 0.23420267663487637 6.850907869211233e-05
59852.237101604864 0.25345533069652415 6.728542464416895e-05 0.034078265287334666 2.306131876874922e-05 6.779655465595326e-06 4.587903595330425e-09 0.01916902422412575 1.2971991807421435e-05 0.2342863064723984 6.852445505801522e-05
59852.23730423183 0.25332367911889875 6.727409284771595e-05 0.033748456027118595 2.305675833942887e-05 6.71404199804424e-06 4.586996326744231e-09 0.018983506515254208 1.2969426565928739e-05 0.23434017260364454 6.851284254745327e-05
59852.23750685879 0.2535338530611066 6.728162191219833e-05 0.03415624387803287 2.3063533316707825e-05 6.795168813301525e-06 4.588344165648332e-09 0.01921288718139349 1.297323749064815e-05 0.2343209658797131 6.852095692651092e-05
59852.237709485766 0.25344561738006854 6.728525725480599e-05 0.033980353183198544 2.3058496833848817e-05 6.760176471393086e-06 4.5873421892198215e-09 0.01911394866554918 1.297040446903996e-05 0.23433166871451935 6.852399022193552e-05
59852.23791211273 0.25361769834789516 6.729126246833098e-05 0.03419706805197298 2.3063185097861696e-05 6.803290524651789e-06 4.588274889710033e-09 0.019235850779234797 1.2973041617547202e-05 0.23438184756866037 6.853038605897694e-05
59852.238114739695 0.2531808689467895 6.726683640022785e-05 0.033657737209927374 2.3055589827489668e-05 6.695994062809949e-06 4.586763858680249e-09 0.018932477180584144 1.2968769277962937e-05 0.23424839176620535 6.85055928802901e-05
59852.23831736667 0.25335100567240965 6.727221639208648e-05 0.033990702194682504 2.3060020858105532e-05 6.76223534181032e-06 4.587645384212132e-09 0.019119769984508907 1.2971261732684362e-05 0.23423123568790075 6.851134744873662e-05
59852.23851999363 0.25339404118586906 6.72818761996219e-05 0.03398664546289694 2.3061811847956976e-05 6.761428280664731e-06 4.588001690321988e-09 0.019117488072879527 1.2972269164475799e-05 0.23427655311298953 6.852102328641085e-05
59852.238722620605 0.25337492015496144 6.727638364749796e-05 0.03409374373532581 2.3060871986820054e-05 6.782734804981803e-06 4.587814710889786e-09 0.019177730851120765 1.297174049258628e-05 0.23419718930384067 6.851552997746083e-05
59852.23892524757 0.2533043747467258 6.727134812194181e-05 0.033797349684405745 2.3058061188988428e-05 6.7237690820981035e-06 4.587255520428617e-09 0.01901100919747823 1.2970159418805989e-05 0.23429336554924757 6.851028618749688e-05
59852.239127874534 0.25369421672355663 6.72954721361916e-05 0.0341618929031777 2.3062523022058186e-05 6.796292651145837e-06 4.5881431739139954e-09 0.019216064758037454 1.2972669199907728e-05 0.2344781519655192 6.853444912015545e-05
59852.23933050151 0.253354811221587 6.727830856663084e-05 0.03376099284268698 2.3058778859961865e-05 6.716536118254665e-06 4.587398296532287e-09 0.018990558474011425 1.2970563108728549e-05 0.23436425274757555 6.851719719124756e-05
59852.23953312847 0.2535097658749848 6.728375421257008e-05 0.03398820285521333 2.3059867355755765e-05 6.761738114021591e-06 4.5876148458899545e-09 0.0191183641060575 1.2971175387612616e-05 0.2343914017689273 6.852266028018578e-05
59852.23973575544 0.25333695007710844 6.728124687327269e-05 0.03354803514945699 2.305486110416553e-05 6.674169531320915e-06 4.58661888378127e-09 0.018870769771569557 1.2968359371093109e-05 0.23446618030553887 6.851966524728564e-05
