WASP80b/WASP80b_WLP4/Results/303050_radii/WASP80b_WLP4_nrca3_level3_asn_phot.ecsv
# %ECSV 0.9
# ---
# datatype:
# - {name: MJD, datatype: float64}
# - {name: aperture_sum, unit: Jy, datatype: float64}
# - {name: aperture_sum_err, unit: Jy, datatype: float64}
# - {name: annulus_sum, unit: Jy, datatype: float64}
# - {name: annulus_sum_err, unit: Jy, datatype: float64}
# - {name: annulus_mean, unit: Jy, datatype: float64}
# - {name: annulus_mean_err, unit: Jy, datatype: float64}
# - {name: aperture_bkg, unit: Jy, datatype: float64}
# - {name: aperture_bkg_err, unit: Jy, datatype: float64}
# - {name: net_aperture_sum, unit: Jy, datatype: float64}
# - {name: net_aperture_sum_err, unit: Jy, datatype: float64}
# meta: !!omap
# - {instrument: NIRCAM}
# - {detector: NRCA3}
# - {channel: SHORT}
# - {subarray: SUBGRISM256}
# - {filter: WLP4}
# - {pupil: CLEAR}
# - {target_name: UNKNOWN}
# - {xcenter: 1055.75}
# - {ycenter: 166.5}
# - ra_icrs: !numpy.ndarray
#     buffer: !!binary |
#       N3hKNXpxcnlja0E9
#     dtype: float64
#     order: C
#     shape: !!python/tuple []
# - dec_icrs: !numpy.ndarray
#     buffer: !!binary |
#       OGpMa01hd25BY0E9
#     dtype: float64
#     order: C
#     shape: !!python/tuple []
# - {apertures: Photometry measured in a circular aperture of r=30.0 pixels.  Background calculated as the mean in a circular annulus
#     with r_inner=30.0 pixels and r_outer=50.0 pixels.}
# - {number_of_integrations: 1227}
# - __serialized_columns__:
#     annulus_mean:
#       __class__: astropy.units.quantity.Quantity
#       unit: &id001 !astropy.units.Unit {unit: Jy}
#       value: !astropy.table.SerializedColumn {name: annulus_mean}
#     annulus_mean_err:
#       __class__: astropy.units.quantity.Quantity
#       unit: *id001
#       value: !astropy.table.SerializedColumn {name: annulus_mean_err}
#     annulus_sum:
#       __class__: astropy.units.quantity.Quantity
#       unit: *id001
#       value: !astropy.table.SerializedColumn {name: annulus_sum}
#     annulus_sum_err:
#       __class__: astropy.units.quantity.Quantity
#       unit: *id001
#       value: !astropy.table.SerializedColumn {name: annulus_sum_err}
#     aperture_bkg:
#       __class__: astropy.units.quantity.Quantity
#       unit: *id001
#       value: !astropy.table.SerializedColumn {name: aperture_bkg}
#     aperture_bkg_err:
#       __class__: astropy.units.quantity.Quantity
#       unit: *id001
#       value: !astropy.table.SerializedColumn {name: aperture_bkg_err}
#     aperture_sum:
#       __class__: astropy.units.quantity.Quantity
#       unit: *id001
#       value: !astropy.table.SerializedColumn {name: aperture_sum}
#     aperture_sum_err:
#       __class__: astropy.units.quantity.Quantity
#       unit: *id001
#       value: !astropy.table.SerializedColumn {name: aperture_sum_err}
#     net_aperture_sum:
#       __class__: astropy.units.quantity.Quantity
#       unit: *id001
#       value: !astropy.table.SerializedColumn {name: net_aperture_sum}
#     net_aperture_sum_err:
#       __class__: astropy.units.quantity.Quantity
#       unit: *id001
#       value: !astropy.table.SerializedColumn {name: net_aperture_sum_err}
# schema: astropy-2.0
MJD aperture_sum aperture_sum_err annulus_sum annulus_sum_err annulus_mean annulus_mean_err aperture_bkg aperture_bkg_err net_aperture_sum net_aperture_sum_err
[from data line 692]
59852.33821246169 0.24522263289744628 6.592754384976268e-05 0.032543385947704125 2.2723968127428782e-05 6.474300923155545e-06 4.520789817678714e-09 0.018305654595583566 1.2782232071678688e-05 0.22691697830186272 6.715524175220153e-05
59852.338415088656 0.24562514785983147 6.595034191778824e-05 0.03305555346411517 2.273039430436017e-05 6.576193413065442e-06 4.522068264958481e-09 0.018593748823564783 1.2785846796202596e-05 0.22703139903626668 6.717831106368439e-05
59852.33861771563 0.2451803714123436 6.59251968755061e-05 0.032668182554946364 2.2726137963146985e-05 6.499128419310171e-06 4.521221492779026e-09 0.01837585268715733 1.2783452604270178e-05 0.22680451872518628 6.715317001869578e-05
59852.33882034259 0.24524322008956453 6.592874623821129e-05 0.03263186468939272 2.27251556818843e-05 6.491903209528409e-06 4.521026074130947e-09 0.018355423887783405 1.2782900071059917e-05 0.22688779620178112 6.715654930659528e-05
59852.33902296956 0.24512760250622392 6.591970742853974e-05 0.032490899389544546 2.272488958149545e-05 6.463859054184324e-06 4.520973135140642e-09 0.018276130906618806 1.278275038959119e-05 0.22685147159960511 6.714764727812041e-05
59852.33922559653 0.24519695530076932 6.592650844125101e-05 0.032606650098734466 2.272638111472095e-05 6.4868869261017845e-06 4.521269866247672e-09 0.018341240680538138 1.2783589377030534e-05 0.22685571462023119 6.715448363746734e-05
59852.339428223495 0.24505748965261787 6.591120037290596e-05 0.03254172262617412 2.2723061421239713e-05 6.473970015851231e-06 4.520609434213811e-09 0.018304718977222943 1.2781722049447339e-05 0.22675277067539493 6.713910003229628e-05
59852.33963085046 0.2452820130612836 6.593343341269001e-05 0.03276580958423299 2.2726562013842273e-05 6.5185506996731e-06 4.5213058549843715e-09 0.018430767891131055 1.2783691132786278e-05 0.22685124517015257 6.716130136145447e-05
59852.33983347743 0.24525176818268005 6.593917366054317e-05 0.032488942972793894 2.2723232598183545e-05 6.463469837438556e-06 4.520643488784754e-09 0.018275030422196564 1.2781818336478242e-05 0.2269767377604835 6.716658025403707e-05
59852.3400361044 0.24524687834903158 6.592843642909941e-05 0.032578204503822726 2.272479128004716e-05 6.481227854802543e-06 4.5209535786888815e-09 0.018325240033400282 1.2782695095026528e-05 0.2269216383156313 6.715620614565878e-05
59852.34023873137 0.2456401116130203 6.595071432609731e-05 0.03306456313213521 2.2731159826030008e-05 6.5779858295667e-06 4.522220560655729e-09 0.018598816761826054 1.2786277402141879e-05 0.22704129485119423 6.717875862150939e-05
59852.340441358334 0.24523204417794175 6.592587979431884e-05 0.032563840059565266 2.2724557115189188e-05 6.4783701394171145e-06 4.520906993070575e-09 0.01831716003350546 1.2782563377293917e-05 0.22691488414443628 6.715367118147386e-05
59852.3406439853 0.24534682146615883 6.593259453394229e-05 0.032794017033753474 2.2728291978009793e-05 6.524162393452101e-06 4.521650020420163e-09 0.018446634581486328 1.2784664237630509e-05 0.2269001868846725 6.716066305246089e-05
59852.34084661227 0.24534025194278275 6.593317512149838e-05 0.032649420870543636 2.27280859824348e-05 6.49539590079339e-06 4.521609038902643e-09 0.018365299239680794 1.2784548365119572e-05 0.22697495270310195 6.716121096661565e-05
59852.341049239236 0.2451776770437263 6.592131316126933e-05 0.03275960652820732 2.2726368429519832e-05 6.517316640887149e-06 4.521267342607094e-09 0.018427278672116618 1.2783582241604904e-05 0.2267503983716097 6.714938200634476e-05
59852.3412518662 0.24517200434778763 6.592145770089602e-05 0.03267340796705484 2.2726317525234756e-05 6.500167982018616e-06 4.5212572155213515e-09 0.018378791981468346 1.2783553607944549e-05 0.22679321236631927 6.714951845142462e-05
59852.34145449317 0.24515011481356025 6.59225308942054e-05 0.032426790478685054 2.272411720219728e-05 6.451104991609916e-06 4.520819475161585e-09 0.01824006964426034 1.278231592623597e-05 0.2269100451692999 6.715033640969768e-05
59852.34165712014 0.24544988630375272 6.595265499903724e-05 0.03233575190783752 2.272184521459659e-05 6.432993443406909e-06 4.520367477589968e-09 0.018188860448158605 1.278103793321058e-05 0.22726102585559413 6.717966680530798e-05
59852.34185974711 0.24568514772414005 6.59541678206288e-05 0.033031137671167755 2.273019867435218e-05 6.571336045394081e-06 4.522029345604995e-09 0.018580014940031864 1.2785736754323101e-05 0.22710513278410818 6.718204609315286e-05
59852.342062374075 0.24556557146438368 6.594546999820785e-05 0.03300680900520271 2.272902416042103e-05 6.56649601108512e-06 4.521795683482654e-09 0.018566330065426524 1.2785076090236829e-05 0.22699924139895716 6.717338151319819e-05
59852.34226500104 0.2452945652027213 6.592633974583069e-05 0.03300943667152621 2.2729762846059215e-05 6.5670187686903465e-06 4.5219426403210395e-09 0.018567808127733492 1.2785491600908309e-05 0.22672675707498782 6.715468016273767e-05
59852.34246762801 0.245402969519061 6.593813756383557e-05 0.032985340996346375 2.272987757216574e-05 6.562225086425337e-06 4.521965464354733e-09 0.018554254310444836 1.2785556134343228e-05 0.22684871520861616 6.716627450627097e-05
59852.34267025498 0.24528303476426336 6.593953150815184e-05 0.0323446194305221 2.2723910552660143e-05 6.434757580992196e-06 4.5207783635424315e-09 0.01819384842966868 1.278219968587133e-05 0.22708918633459468 6.71670041339052e-05
59852.34287288194 0.24513831808691683 6.592695940554538e-05 0.032413830901725366 2.2723581436396685e-05 6.4485267656930235e-06 4.520712887942205e-09 0.018232779882220516 1.2782014557973134e-05 0.2269055382046963 6.715462659132776e-05
59852.343075508914 0.2455172356018081 6.594324866465082e-05 0.032868549496572134 2.2727978369394436e-05 6.538990155800104e-06 4.5215876299685e-09 0.018488559091821826 1.278448783278437e-05 0.2270286765099863 6.717108882245831e-05
59852.34327813588 0.24527667149815868 6.593035828766242e-05 0.0324522974315164 2.2723505693703725e-05 6.456179438642817e-06 4.52069781941222e-09 0.018254417305227973 1.2781971952708345e-05 0.2270222541929307 6.715795523197054e-05
59852.343480762844 0.24527010752213912 6.592883903620915e-05 0.03248724068252287 2.2723835179321974e-05 6.463131177549543e-06 4.5207633684932474e-09 0.018274072883919114 1.278215728836861e-05 0.22699603463822002 6.7156499027324e-05
59852.343683389816 0.2451953889978234 6.592540049672787e-05 0.03277380932034074 2.2725890015123707e-05 6.520142196604325e-06 4.5211721650871075e-09 0.018435267742691667 1.2783313133507084e-05 0.22676012125513173 6.715334336668028e-05
59852.34388601678 0.24505786308154603 6.59148360797562e-05 0.032328318147275076 2.2720680875041904e-05 6.431514543732815e-06 4.520135839595511e-09 0.01818467895784223 1.278038299221107e-05 0.2268731841237038 6.714241435075691e-05
59852.34408864375 0.24532002778085538 6.593111746567756e-05 0.03249524991488889 2.2724786838969043e-05 6.4647245637013225e-06 4.520952695164463e-09 0.018278578077125 1.2782692596920086e-05 0.22704144970373039 6.715883769319068e-05
59852.34429127072 0.24520595320223984 6.592569895673002e-05 0.03263085408533421 2.2725367277792093e-05 6.491702156239134e-06 4.521068169799276e-09 0.018354855423000496 1.2783019093758051e-05 0.22685109777923934 6.715358039661606e-05
59852.34449389768 0.24534016171211792 6.593831933417963e-05 0.032456760958001776 2.2723521662067986e-05 6.457067429022528e-06 4.520700996217351e-09 0.018256928038876 1.278198093491324e-05 0.22708323367324193 6.716577248298967e-05
59852.344696524655 0.24526787423720398 6.592771536250402e-05 0.03246499341320159 2.2724399405398906e-05 6.458705223946069e-06 4.520875617704704e-09 0.018261558794925893 1.2782474665536884e-05 0.2270063154422781 6.715545630471467e-05
59852.34489915162 0.24517253224388363 6.592562067979317e-05 0.03234134649020767 2.2721960323169027e-05 6.434106450205339e-06 4.520390377712838e-09 0.018192007400741814 1.2781102681782578e-05 0.22698052484314182 6.715313877830464e-05
59852.345101778585 0.24506760264118 6.591633796956768e-05 0.03321518828181101 2.3116805751456107e-05 6.607951750972776e-06 4.598942379799245e-09 0.018683543408518695 1.300320323519406e-05 0.2263840592326613 6.718665719987884e-05
59852.34530440556 0.24548724882250855 6.593654235483118e-05 0.03365905412464099 2.2827662488924335e-05 6.696256054667828e-06 4.541419155432183e-09 0.018933217945110558 1.2840560150019937e-05 0.226554030877398 6.717520080116417e-05
59852.34550703252 0.24511897225965146 6.591828533612863e-05 0.03239328673027907 2.2723015319745478e-05 6.444439632646266e-06 4.520600262612947e-09 0.018221223785781972 1.2781696117356832e-05 0.22689774847386948 6.714605049659827e-05
59852.345709659494 0.24558686079765937 6.594816207278926e-05 0.03303592588245545 2.2731030719264494e-05 6.572288629762837e-06 4.522194875680831e-09 0.01858270830888119 1.2786204779586276e-05 0.22700415248877817 6.717623920289372e-05
59852.34591228646 0.2455613316621073 6.59461493282196e-05 0.03302134998893162 2.2730065103344432e-05 6.5693888478824635e-06 4.522002772497324e-09 0.018574509368774035 1.2785661620631242e-05 0.22698682229333328 6.71741598704228e-05
59852.346114913424 0.24531296215241716 6.593242512935821e-05 0.03357117902023464 2.33763596756566e-05 6.678773858116593e-06 4.650578992343503e-09 0.018883788198881982 1.3149202317556834e-05 0.22642917395353518 6.723084266188003e-05
59852.346317540396 0.245723942266747 6.595446767606277e-05 0.0331215135050735 2.2731774067873194e-05 6.58931574627177e-06 4.522342760187725e-09 0.018630851346603847 1.278662291317867e-05 0.22709309092014313 6.718250912221599e-05
59852.34652016736 0.24547945047308745 6.594564488502217e-05 0.03333834183135652 2.28568088492283e-05 6.632452371184626e-06 4.547217639576575e-09 0.018752817280138043 1.2856954977690918e-05 0.2267266331929494 6.718727089709643e-05
59852.346722794326 0.24524443115276215 6.59254392844608e-05 0.03253440805042966 2.2726930052175376e-05 6.472514827243292e-06 4.521379073884322e-09 0.018300604528366682 1.2783898154348647e-05 0.22694382662439547 6.715349281213813e-05
59852.3469254213 0.245493226614233 6.593867864908886e-05 0.03294725805231479 2.2729135638089965e-05 6.5546487254376885e-06 4.521817861260223e-09 0.018532832654427067 1.2785138796425605e-05 0.22696039395980594 6.716672625661961e-05
59852.34712804826 0.24508272660985952 6.591477592889678e-05 0.032825389835146546 2.273037192875371e-05 6.530403813977535e-06 4.522063813473015e-09 0.01846428178226993 1.278583420992396e-05 0.22661844482758958 6.714339313886611e-05
59852.347330675235 0.24533010142959444 6.593032567901662e-05 0.032860151184979536 2.2727701054323982e-05 6.5373193647956185e-06 4.521532459888179e-09 0.018483835041550985 1.278433184305724e-05 0.22684626638804345 6.715837241040469e-05
59852.3475333022 0.24556089565775774 6.594674858904697e-05 0.03291973008469776 2.273208354606595e-05 6.549172210288283e-06 4.522404328917921e-09 0.018517348172642487 1.2786796994662098e-05 0.22704354748511524 6.717496428618083e-05
59852.347735929165 0.2450200049116792 6.591225974654158e-05 0.0323733194746538 2.272194673003153e-05 6.44046727335534e-06 4.520387673444057e-09 0.01820999220449276 1.2781095035642735e-05 0.22681001270718643 6.714002066730168e-05
59852.34793855614 0.24532567825029758 6.593462344560041e-05 0.03288974391735808 2.2763679438384402e-05 6.54320665184267e-06 4.5286901319727715e-09 0.01850048095351392 1.2804569684091225e-05 0.22682519729678366 6.716644678489303e-05
59852.3481411831 0.24524193871193745 6.59293608321152e-05 0.03243719203331519 2.272421697153843e-05 6.4531743151539495e-06 4.520839323641352e-09 0.018245920518739793 1.2782372046490367e-05 0.22699601819319765 6.71570521603364e-05
59852.34834381007 0.24524052919265202 6.592598911517044e-05 0.03277061862530177 2.2725899470541967e-05 6.519507427995136e-06 4.521174046182801e-09 0.018433472976732243 1.2783318452179854e-05 0.2268070562159198 6.715392223439681e-05
59852.34854643704 0.24525802694359516 6.59260533717215e-05 0.03264974220216125 2.272788899149849e-05 6.495459827687534e-06 4.5215698488010704e-09 0.018365479988715704 1.2784437557717899e-05 0.22689254695487945 6.715419835600943e-05
59852.348749064004 0.24540892778574253 6.59397743900888e-05 0.03266055819194332 2.272559687884703e-05 6.497611600485344e-06 4.521113847477817e-09 0.018371563982968117 1.2783148244351454e-05 0.2270373638027744 6.716742309820198e-05
59852.348951690976 0.2453198301389081 6.593544808620788e-05 0.032596700917618016 2.2724660045870747e-05 6.4849075994087845e-06 4.520927470479033e-09 0.018335644266160134 1.2782621275802294e-05 0.22698418587274796 6.716307557735581e-05
59852.34915431794 0.2452627171120636 6.593212182042012e-05 0.032583322022254224 2.272505367105442e-05 6.4822459527459635e-06 4.521005779721167e-09 0.018328118637517998 1.278284268996811e-05 0.2269345984745456 6.715985225548958e-05
59852.349356944906 0.24543050547685252 6.593678799531363e-05 0.03303054612133753 2.274652846196753e-05 6.571218360294624e-06 4.525278053628275e-09 0.018579682193252362 1.2794922259856735e-05 0.22685082328360015 6.716673318522133e-05
59852.34955957188 0.24528496558643326 6.59321261014242e-05 0.03251745303718135 2.272523068635726e-05 6.469141734532471e-06 4.521040995796729e-09 0.01829106733341451 1.2782942261075958e-05 0.22699389825301874 6.715987541012941e-05
59852.34976219884 0.2452403438439769 6.592639284365917e-05 0.03259390779841531 2.272621096002995e-05 6.484351925999091e-06 4.521236015047469e-09 0.018334073136608613 1.2783493665016847e-05 0.22690627070736827 6.715435193388438e-05
59852.34996482581 0.2451120982196374 6.592287518892597e-05 0.03243797054522251 2.2724508084573063e-05 6.453329195176832e-06 4.5208972387394265e-09 0.018246358431687662 1.2782535797572346e-05 0.22686573978794972 6.71507162626798e-05
59852.35016745278 0.24545888907026386 6.594225767725173e-05 0.032803797479646166 2.272754909356125e-05 6.5261081513389314e-06 4.5215022282549975e-09 0.018452136082300966 1.2784246365128202e-05 0.2270067529879629 6.717006999175569e-05
59852.350370079745 0.2455135487140208 6.613535366742438e-05 0.034759339499602304 2.709419485314374e-05 6.915150874963843e-06 5.3902187999660195e-09 0.019552128468526296 1.5240484604893353e-05 0.2259614202454945 6.78686774271261e-05
59852.35057270671 0.24516092845343757 6.592473122884965e-05 0.032445047939557506 2.2726212799870955e-05 6.454737198042613e-06 4.521236381072206e-09 0.018250339466001096 1.2783494699927411e-05 0.22691058898743646 6.715272090049022e-05
59852.35077533368 0.24538691027105564 6.593421723264013e-05 0.032817236589119794 2.2727528479592506e-05 6.5287817772182824e-06 4.52149812723622e-09 0.018459695581379883 1.2784234769770784e-05 0.22692721468967575 6.716217432997234e-05
59852.35097796065 0.24536678331075315 6.59367852589479e-05 0.032813685878942206 2.2728236883457877e-05 6.52807538587297e-06 4.521639059707318e-09 0.01845769830690499 1.2784633246945054e-05 0.22690908500384815 6.716477125356344e-05
59852.35118058762 0.2453782873539469 6.593651702198284e-05 0.03278761456071775 2.2726420513187398e-05 6.52288866191254e-06 4.521277704323529e-09 0.018443033190403732 1.278361153866791e-05 0.22693525416354315 6.716431344815337e-05
59852.35138321458 0.24538776215321875 6.593285313612467e-05 0.032655840731543165 2.2726705329253163e-05 6.496673091558438e-06 4.521334366679452e-09 0.01836891041149303 1.2783771747704904e-05 0.22701885174172573 6.716074703848375e-05
59852.35158584155 0.24556558846961074 6.596090005131947e-05 0.032334606384914116 2.2722353001393436e-05 6.432765548862302e-06 4.520468498563412e-09 0.01818821609151419 1.2781323563283807e-05 0.22737737237809655 6.718781561867829e-05
59852.35178846852 0.24540059859703856 6.594283151697321e-05 0.03251045962070266 2.2725507698759573e-05 6.4677504385303664e-06 4.521096105663136e-09 0.018287133536645246 1.2783098080552258e-05 0.22711346506039332 6.717041480453231e-05
