WASP80b/WASP80b_WLP4/Results/303050_radii/WASP80b_WLP4_nrca3_level3_asn_phot.ecsv
# %ECSV 0.9
# ---
# datatype:
# - {name: MJD, datatype: float64}
# - {name: aperture_sum, unit: Jy, datatype: float64}
# - {name: aperture_sum_err, unit: Jy, datatype: float64}
# - {name: annulus_sum, unit: Jy, datatype: float64}
# - {name: annulus_sum_err, unit: Jy, datatype: float64}
# - {name: annulus_mean, unit: Jy, datatype: float64}
# - {name: annulus_mean_err, unit: Jy, datatype: float64}
# - {name: aperture_bkg, unit: Jy, datatype: float64}
# - {name: aperture_bkg_err, unit: Jy, datatype: float64}
# - {name: net_aperture_sum, unit: Jy, datatype: float64}
# - {name: net_aperture_sum_err, unit: Jy, datatype: float64}
# meta: !!omap
# - {instrument: NIRCAM}
# - {detector: NRCA3}
# - {channel: SHORT}
# - {subarray: SUBGRISM256}
# - {filter: WLP4}
# - {pupil: CLEAR}
# - {target_name: UNKNOWN}
# - {xcenter: 1055.75}
# - {ycenter: 166.5}
# - ra_icrs: !numpy.ndarray
#     buffer: !!binary |
#       N3hKNXpxcnlja0E9
#     dtype: float64
#     order: C
#     shape: !!python/tuple []
# - dec_icrs: !numpy.ndarray
#     buffer: !!binary |
#       OGpMa01hd25BY0E9
#     dtype: float64
#     order: C
#     shape: !!python/tuple []
# - {apertures: Photometry measured in a circular aperture of r=30.0 pixels.  Background calculated as the mean in a circular annulus
#     with r_inner=30.0 pixels and r_outer=50.0 pixels.}
# - {number_of_integrations: 1227}
# - __serialized_columns__:
#     annulus_mean:
#       __class__: astropy.units.quantity.Quantity
#       unit: &id001 !astropy.units.Unit {unit: Jy}
#       value: !astropy.table.SerializedColumn {name: annulus_mean}
#     annulus_mean_err:
#       __class__: astropy.units.quantity.Quantity
#       unit: *id001
#       value: !astropy.table.SerializedColumn {name: annulus_mean_err}
#     annulus_sum:
#       __class__: astropy.units.quantity.Quantity
#       unit: *id001
#       value: !astropy.table.SerializedColumn {name: annulus_sum}
#     annulus_sum_err:
#       __class__: astropy.units.quantity.Quantity
#       unit: *id001
#       value: !astropy.table.SerializedColumn {name: annulus_sum_err}
#     aperture_bkg:
#       __class__: astropy.units.quantity.Quantity
#       unit: *id001
#       value: !astropy.table.SerializedColumn {name: aperture_bkg}
#     aperture_bkg_err:
#       __class__: astropy.units.quantity.Quantity
#       unit: *id001
#       value: !astropy.table.SerializedColumn {name: aperture_bkg_err}
#     aperture_sum:
#       __class__: astropy.units.quantity.Quantity
#       unit: *id001
#       value: !astropy.table.SerializedColumn {name: aperture_sum}
#     aperture_sum_err:
#       __class__: astropy.units.quantity.Quantity
#       unit: *id001
#       value: !astropy.table.SerializedColumn {name: aperture_sum_err}
#     net_aperture_sum:
#       __class__: astropy.units.quantity.Quantity
#       unit: *id001
#       value: !astropy.table.SerializedColumn {name: net_aperture_sum}
#     net_aperture_sum_err:
#       __class__: astropy.units.quantity.Quantity
#       unit: *id001
#       value: !astropy.table.SerializedColumn {name: net_aperture_sum_err}
# schema: astropy-2.0
MJD aperture_sum aperture_sum_err annulus_sum annulus_sum_err annulus_mean annulus_mean_err aperture_bkg aperture_bkg_err net_aperture_sum net_aperture_sum_err
[from data line 415]
59852.28208479167 0.25333994699337437 6.727282104239868e-05 0.034000167109904084 2.3052825369626993e-05 6.764118326864645e-06 4.586213887262981e-09 0.019125093999321045 1.2967214270415182e-05 0.2342148529940533 6.851117497852053e-05
59852.28228741863 0.25355608128472745 6.72799987431542e-05 0.03425482876159794 2.3055479604893796e-05 6.814781652718424e-06 4.586741930591532e-09 0.01926834117839884 1.2968707277752758e-05 0.2342877401063286 6.851850552467464e-05
59852.2824900456 0.2532340382995431 6.727113660504788e-05 0.033746729865093486 2.3048973090183793e-05 6.713698589020648e-06 4.585447500618536e-09 0.018982535549115085 1.2965047363228382e-05 0.23425150275042803 6.850911087779324e-05
59852.28269267257 0.2532251975032503 6.7269306646571e-05 0.03353070411936472 2.3047405256384858e-05 6.670721632435841e-06 4.5851355899947265e-09 0.018861021067142655 1.296416545671648e-05 0.23436417643610763 6.850714709210655e-05
59852.28289529954 0.2532201426972984 6.726548032250679e-05 0.03365403174310326 2.3048719100091597e-05 6.695256883608048e-06 4.585396970895199e-09 0.01893039285549558 1.2964904493801522e-05 0.23428974984180284 6.85035297743915e-05
59852.283097926505 0.2531757980856032 6.726887234138657e-05 0.0336896229895427 2.3049496089650956e-05 6.702337537110097e-06 4.585551548056577e-09 0.01895041293161777 1.296534155042866e-05 0.23422538515398544 6.85069432072475e-05
59852.28330055347 0.25342761854899887 6.728109210117861e-05 0.03411906625000804 2.3054591982941017e-05 6.787772559210795e-06 4.5865653438148045e-09 0.01919197476562952 1.296820799040432e-05 0.23423564378336936 6.85194846215999e-05
59852.28350318044 0.2535471480616943 6.728534054014165e-05 0.034082109838453 2.3054557667019103e-05 6.780420314738392e-06 4.586558516879056e-09 0.019171186784129813 1.2968188687698246e-05 0.2343759612775645 6.85236526277064e-05
59852.28370580741 0.2531526106714823 6.726792132953922e-05 0.03343882310900731 2.304620826008495e-05 6.6524424862175166e-06 4.584897455147235e-09 0.01880933799881661 1.2963492146297783e-05 0.2343432726726657 6.850565939120799e-05
59852.28390843437 0.2531547621064333 6.681482658326486e-05 0.03359267611548766 2.2872967524883643e-05 6.683050569331138e-06 4.550432305957033e-09 0.01889588031496181 1.2866044232747048e-05 0.23425888179147147 6.804231143597901e-05
59852.284111061344 0.25317562190868437 6.681533077722945e-05 0.03385598256875735 2.2873368737942452e-05 6.735433723813471e-06 4.550512124758961e-09 0.01904399019492601 1.286626991509263e-05 0.23413163171375836 6.804284920841132e-05
59852.28431368831 0.2531862745078744 6.682048279852333e-05 0.0333456914594733 2.286822689715259e-05 6.633914533240467e-06 4.5494891880360884e-09 0.01875695144595373 1.2863377629648331e-05 0.23442932306192066 6.804736148794228e-05
59852.284516315274 0.2534262057903305 6.684661940418653e-05 0.033414497892290916 2.2868961868492226e-05 6.647603138114772e-06 4.549635405938256e-09 0.01879565506441364 1.2863791051026877e-05 0.23463055072591685 6.807310515888522e-05
59852.28471894225 0.25303171333403673 6.681076322490091e-05 0.033406875162088026 2.2868344975776273e-05 6.646086644125214e-06 4.549512679031879e-09 0.018791367278674514 1.2863444048874153e-05 0.23424034605536223 6.803782973825876e-05
59852.28492156921 0.25342519987492074 6.682979862348677e-05 0.033925739032786006 2.287703944686428e-05 6.749311331391936e-06 4.551242389095912e-09 0.019083228205942125 1.2868334688861157e-05 0.2343419716689786 6.805744648251462e-05
59852.28512419618 0.2531850570904662 6.681363170174245e-05 0.03354383636208316 2.287060724722946e-05 6.673334209113994e-06 4.549962743637367e-09 0.018868407953671777 1.286471657656657e-05 0.2343166491367944 6.804088707366675e-05
59852.28532682315 0.2532618603623762 6.682546884634694e-05 0.03382674621817585 2.287216554384931e-05 6.729617336672204e-06 4.5502727568996825e-09 0.019027544747723914 1.2865593118415235e-05 0.23423431561465227 6.805267645598298e-05
59852.28552945011 0.2536650438871297 6.689848577503636e-05 0.03361365261597524 2.2870612683996293e-05 6.687223711507847e-06 4.549963825247762e-09 0.01890767959648607 1.2864719634747915e-05 0.23475736429064362 6.812421309837942e-05
59852.285732077085 0.25341833301813776 6.682996937371398e-05 0.034029515485456574 2.2876701612072516e-05 6.769957000665765e-06 4.551175178999589e-09 0.01914160246056932 1.2868144656790789e-05 0.23427673055756845 6.80575782216767e-05
59852.28593470405 0.25328346174958866 6.682623546213041e-05 0.03365951729865792 2.2872165717885006e-05 6.69634820021071e-06 4.550272791522985e-09 0.018933478480495078 1.2865593216310316e-05 0.23434998326909356 6.805342926589127e-05
59852.286137331015 0.2531835044737709 6.681718395537394e-05 0.03396278520296603 2.288774237853929e-05 6.756681432775404e-06 4.5533716696979775e-09 0.01910406667666839 1.287435508792835e-05 0.23407943779710252 6.804619820869015e-05
59852.28633995799 0.25312941938481015 6.681646194641838e-05 0.033587875006804546 2.2869967430382885e-05 6.682095419107089e-06 4.54983545612011e-09 0.018893179691327557 1.2864356679590373e-05 0.2342362396934826 6.804359822802507e-05
59852.28654258495 0.25345581149969343 6.683405130694795e-05 0.03398331732744167 2.2876985505777807e-05 6.7607661691534994e-06 4.551231657857727e-09 0.019115615996685938 1.2868304347000016e-05 0.2343401955030075 6.806161672239921e-05
59852.286745211924 0.25337874103826613 6.68292663514077e-05 0.033972862921680225 2.287857987750366e-05 6.758686331210971e-06 4.551548848034346e-09 0.019109735393445123 1.2869201181095808e-05 0.234269005644821 6.805708765519512e-05
59852.28694783889 0.2536513106629566 6.684439278876631e-05 0.0341657593953672 2.287797705830661e-05 6.797061865326319e-06 4.551428920965595e-09 0.01921823965989405 1.2868862095297469e-05 0.23443307100306254 6.807187715148348e-05
59852.287150465854 0.25331095805648374 6.682878151418456e-05 0.03352960082880229 2.2870807174645004e-05 6.670502139752494e-06 4.550002517932922e-09 0.01886040046620129 1.2864829035737814e-05 0.23445055759028244 6.805578494727233e-05
59852.28735309283 0.2530184972872327 6.68085553078441e-05 0.03344381090355919 2.286897265874225e-05 6.65343477641509e-06 4.549637552590292e-09 0.018812143633252044 1.2863797120542516e-05 0.23420635365398065 6.803572839824486e-05
59852.28755571979 0.25322237510166035 6.681770755671945e-05 0.03366416579568833 2.287836911962057e-05 6.697272989311132e-06 4.551506919085734e-09 0.018936093260074685 1.286908262978657e-05 0.23428628184158568 6.804571500739454e-05
59852.287758346756 0.253122874085364 6.68142360912726e-05 0.03351746391009075 2.2870978275069106e-05 6.668087576493937e-06 4.550036557280747e-09 0.018853573449426047 1.286492527972637e-05 0.23426930063593795 6.804152002206635e-05
59852.28796097373 0.25323254476290247 6.681952350211133e-05 0.03371871891961857 2.287233116255785e-05 6.708125988479385e-06 4.550305705694848e-09 0.018966779392285443 1.286568627893879e-05 0.23426576537061702 6.804685594851009e-05
59852.28816360069 0.25329676604445206 6.682541625910023e-05 0.033679026675026064 2.2872649535734068e-05 6.7002294673177476e-06 4.550369044025777e-09 0.01894445250470216 1.2865865363850412e-05 0.2343523135397499 6.805267628655572e-05
59852.288366227665 0.2531687677158263 6.681891359653979e-05 0.034001291533168464 2.3008904860550035e-05 6.764342023765462e-06 4.577476179609593e-09 0.01912572648740726 1.2942508984059394e-05 0.23404304122841904 6.806082392260844e-05
59852.28856885463 0.25328583448861164 6.682258167112372e-05 0.03373907474580169 2.2872622403618174e-05 6.712175651426589e-06 4.550363646262826e-09 0.01897822954451345 1.2865850102035222e-05 0.2343076049440982 6.804988993409203e-05
59852.288771481595 0.25315268226416143 6.682189915954419e-05 0.0333966186580684 2.286877449857796e-05 6.644046177483258e-06 4.549598129878203e-09 0.018785597995163474 1.2863685655450103e-05 0.23436708426899797 6.804881054015951e-05
59852.28897410857 0.2537183452164088 6.685271803338091e-05 0.03413456715575981 2.287776746278159e-05 6.790856366426791e-06 4.551387223260774e-09 0.019200694025114894 1.2868744197814644e-05 0.2345176511912939 6.808003000645286e-05
59852.28917673553 0.25361196420741916 6.68474555164573e-05 0.03428514689714743 2.287835216232611e-05 6.820813254140963e-06 4.551503545539191e-09 0.019285395129645427 1.2869073091308437e-05 0.23432656907777374 6.807492454093633e-05
59852.2893793625 0.2534150609280301 6.683734789537424e-05 0.03360989686281755 2.2872738607686877e-05 6.686476528157748e-06 4.550386764327753e-09 0.018905566985334868 1.2865915466823868e-05 0.23450949394269527 6.806440225614814e-05
59852.28958198947 0.2533717398141167 6.683292273320054e-05 0.034035101696612065 2.287739185555144e-05 6.771068342063954e-06 4.551312498576599e-09 0.019144744704344286 1.2868532918747684e-05 0.2342269951097724 6.806055172082318e-05
59852.289784616434 0.2534195598943087 6.683218368195806e-05 0.0340361150476798 2.2876354693499756e-05 6.771269941853352e-06 4.551106161742458e-09 0.019145314714319888 1.2867949515093612e-05 0.23427424517998882 6.805971569454267e-05
59852.289987243406 0.25329531618168694 6.682610962747095e-05 0.03363741510839614 2.2870625179489804e-05 6.691951109169061e-06 4.54996631114721e-09 0.01892104599847283 1.2864726663463013e-05 0.2343742701832141 6.805314188241702e-05
59852.29018987037 0.25322042946168066 6.68190884182351e-05 0.03503312308072724 2.391324279300208e-05 6.969618387805635e-06 4.757388494828653e-09 0.01970613173290907 1.3451199071063669e-05 0.23351429772877158 6.815955790271312e-05
59852.290392497336 0.2532512618099407 6.682446666265831e-05 0.034044888136514156 2.306567327699186e-05 6.773015292421066e-06 4.588769897219863e-09 0.01915024957678921 1.2974441218307922e-05 0.23410101223315147 6.807235466528288e-05
59852.29059512431 0.2534475721474545 6.683206618661772e-05 0.03414877477851649 2.288682890117817e-05 6.7936828831659275e-06 4.553189939151196e-09 0.019208685812915523 1.2873841256912719e-05 0.234238886334539 6.8060714509037e-05
59852.29079775127 0.25348024230944377 6.683997401087995e-05 0.03410537287888674 2.2877330243414424e-05 6.7850483495838626e-06 4.5513002412313986e-09 0.01918427224437379 1.2868498261920614e-05 0.23429597006506997 6.806746927345074e-05
59852.29100037824 0.2534861950132242 6.683890346915706e-05 0.03408286910660936 2.287585172583213e-05 6.780571366338663e-06 4.55100609950431e-09 0.019171613872467765 1.2867666595780572e-05 0.23431458114075646 6.806626080944554e-05
59852.29120300521 0.25358986445889065 6.684289483210697e-05 0.03426726288790488 2.287838686457862e-05 6.817255343549398e-06 4.55151044933297e-09 0.019275335374446492 1.2869092611325474e-05 0.23431452908444417 6.807044978678329e-05
59852.291405632175 0.25351314389001633 6.684214426270975e-05 0.03390654379391103 2.2875860640959968e-05 6.745492559953459e-06 4.55100787311264e-09 0.019072430884074953 1.2867671610539982e-05 0.23444071300594138 6.806944411638455e-05
59852.29160825914 0.25333365483787407 6.683965382473462e-05 0.03336873802462745 2.2867862106301762e-05 6.6384995016974315e-06 4.5494166152022085e-09 0.018769915138852938 1.286317243479474e-05 0.23456373969902114 6.806614818320209e-05
59852.29181088611 0.2529471317004343 6.680760379029763e-05 0.03338937767020196 2.2869318686017866e-05 6.6426056287184925e-06 4.5497063925294904e-09 0.018781524939488602 1.286399176088505e-05 0.23416560676094572 6.803483084586533e-05
59852.29201351308 0.2535762469489836 6.68405402417814e-05 0.034108144238722014 2.287696221845067e-05 6.78559969410495e-06 4.551227024991195e-09 0.019185831134281132 1.2868291247878502e-05 0.2343904158147025 6.80679861568816e-05
59852.29221614005 0.253217546719818 6.681800422592124e-05 0.03364739410034823 2.2871959044090404e-05 6.6939363665393715e-06 4.550231675077962e-09 0.018926659181445878 1.2865476962300853e-05 0.23429088753837213 6.804532449920952e-05
59852.292418767014 0.2531919660077455 6.6822347238594e-05 0.03343389138471896 2.2868472869370287e-05 6.651461350844445e-06 4.549538122653976e-09 0.018806563903904415 1.2863515989020786e-05 0.2343854021038411 6.80492184677754e-05
59852.29262139398 0.253254960860183 6.682362473338148e-05 0.03365222928572742 2.2872015328162825e-05 6.694898296106701e-06 4.550242872438391e-09 0.018929378973221674 1.2865508622091589e-05 0.23432558188696134 6.805084962447498e-05
59852.29282402095 0.2530154828058402 6.680751859705812e-05 0.033437035845363894 2.2869650666360046e-05 6.652086921413193e-06 4.549772437920074e-09 0.018808332663017187 1.2864178499827525e-05 0.234207150142823 6.803478249815818e-05
59852.293026647916 0.2532994837431526 6.682929655299228e-05 0.03372562420133163 2.2871603011473987e-05 6.709499750626979e-06 4.550160844639455e-09 0.01897066361324904 1.2865276693954117e-05 0.23432882012990355 6.805637532354911e-05
59852.29322927488 0.25345974619199446 6.683201063929385e-05 0.03416501662622288 2.288011270568791e-05 6.7969140961002e-06 4.551853794512388e-09 0.019217821852250367 1.2870063396949449e-05 0.23424192433974408 6.80599454740612e-05
59852.29343190185 0.2528432427203068 6.679704834836514e-05 0.03338406079680981 2.2869450106462634e-05 6.6415478703658e-06 4.5497325377962505e-09 0.018778534198205517 1.2864065684885232e-05 0.23406470852210126 6.80244798142468e-05
59852.29363452882 0.2533826038856698 6.682485367067805e-05 0.03415696571120291 2.28774034985396e-05 6.795312417447899e-06 4.551314814875497e-09 0.019213293212551635 1.2868539467928524e-05 0.23416931067311816 6.805262945798029e-05
59852.29383715579 0.25350859104548806 6.68322823606945e-05 0.03416312880434702 2.287807176263749e-05 6.796538525871175e-06 4.551447761793584e-09 0.019216759952445196 1.2868915366483586e-05 0.23429183109304286 6.805999521194014e-05
59852.294039782755 0.25307148256562473 6.681908395311219e-05 0.03345395787648279 2.2876636929439948e-05 6.6554534525378526e-06 4.551162310798707e-09 0.018817851305521566 1.286810827280997e-05 0.23425363126010315 6.804688230076243e-05
59852.29424240972 0.25286653929649594 6.679464391776923e-05 0.03347579115737695 2.286857782132058e-05 6.659797045760627e-06 4.549559002181071e-09 0.018830132526024532 1.2863575024492827e-05 0.2340364067704714 6.802202598065087e-05
59852.29444503669 0.25257870190336795 6.677810954562035e-05 0.03329322092346049 2.2866045062139124e-05 6.623475851774066e-06 4.549055125751833e-09 0.018727436769446524 1.2862150347453256e-05 0.23385126513392143 6.800552055566786e-05
59852.29464766366 0.25257446816226525 6.677304755107491e-05 0.033671190538802 2.287213847299605e-05 6.698670517549246e-06 4.550267371324545e-09 0.018940044678076123 1.2865577891060278e-05 0.23363442348418914 6.800119832568431e-05
59852.29485029062 0.25279269491020306 6.678543374960522e-05 0.03396622105291906 2.2900715129803175e-05 6.757364973405088e-06 4.555952516559413e-09 0.01910599934226697 1.2881652260514284e-05 0.2336866955679361 6.80164033603933e-05
59852.295052917594 0.25278863157466636 6.679067601666524e-05 0.033496150566810726 2.2867208389564797e-05 6.663847421572899e-06 4.549286562389621e-09 0.018841584693831032 1.2862804719130197e-05 0.2339470468808353 6.801798400427361e-05
59852.29525554456 0.25233410291671554 6.675424546544425e-05 0.033280457448262996 2.2864045892017264e-05 6.620936639063177e-06 4.548657403493114e-09 0.018720257314647933 1.2861025814259712e-05 0.2336138456020676 6.798187458915678e-05
59852.29545817153 0.2526321892252457 6.676808594901076e-05 0.03402313508628485 2.2874711830574328e-05 6.768687660581916e-06 4.550779324548202e-09 0.019138013486035225 1.2867025404698057e-05 0.2334941757392105 6.799660023897985e-05
59852.295660798496 0.2522798158103683 6.675278335329608e-05 0.03343658583021553 2.2869538964554763e-05 6.651997393744034e-06 4.5497502155519956e-09 0.018808079529496237 1.2864115667562053e-05 0.23347173628087206 6.798102350892121e-05
