WASP80b/WASP80b_WLP4/Results/303050_radii/WASP80b_WLP4_nrca3_level3_asn_phot.ecsv
# %ECSV 0.9
# ---
# datatype:
# - {name: MJD, datatype: float64}
# - {name: aperture_sum, unit: Jy, datatype: float64}
# - {name: aperture_sum_err, unit: Jy, datatype: float64}
# - {name: annulus_sum, unit: Jy, datatype: float64}
# - {name: annulus_sum_err, unit: Jy, datatype: float64}
# - {name: annulus_mean, unit: Jy, datatype: float64}
# - {name: annulus_mean_err, unit: Jy, datatype: float64}
# - {name: aperture_bkg, unit: Jy, datatype: float64}
# - {name: aperture_bkg_err, unit: Jy, datatype: float64}
# - {name: net_aperture_sum, unit: Jy, datatype: float64}
# - {name: net_aperture_sum_err, unit: Jy, datatype: float64}
# meta: !!omap
# - {instrument: NIRCAM}
# - {detector: NRCA3}
# - {channel: SHORT}
# - {subarray: SUBGRISM256}
# - {filter: WLP4}
# - {pupil: CLEAR}
# - {target_name: UNKNOWN}
# - {xcenter: 1055.75}
# - {ycenter: 166.5}
# - ra_icrs: !numpy.ndarray
#     buffer: !!binary |
#       N3hKNXpxcnlja0E9
#     dtype: float64
#     order: C
#     shape: !!python/tuple []
# - dec_icrs: !numpy.ndarray
#     buffer: !!binary |
#       OGpMa01hd25BY0E9
#     dtype: float64
#     order: C
#     shape: !!python/tuple []
# - {apertures: Photometry measured in a circular aperture of r=30.0 pixels.  Background calculated as the mean in a circular annulus
#     with r_inner=30.0 pixels and r_outer=50.0 pixels.}
# - {number_of_integrations: 1227}
# - __serialized_columns__:
#     annulus_mean:
#       __class__: astropy.units.quantity.Quantity
#       unit: &id001 !astropy.units.Unit {unit: Jy}
#       value: !astropy.table.SerializedColumn {name: annulus_mean}
#     annulus_mean_err:
#       __class__: astropy.units.quantity.Quantity
#       unit: *id001
#       value: !astropy.table.SerializedColumn {name: annulus_mean_err}
#     annulus_sum:
#       __class__: astropy.units.quantity.Quantity
#       unit: *id001
#       value: !astropy.table.SerializedColumn {name: annulus_sum}
#     annulus_sum_err:
#       __class__: astropy.units.quantity.Quantity
#       unit: *id001
#       value: !astropy.table.SerializedColumn {name: annulus_sum_err}
#     aperture_bkg:
#       __class__: astropy.units.quantity.Quantity
#       unit: *id001
#       value: !astropy.table.SerializedColumn {name: aperture_bkg}
#     aperture_bkg_err:
#       __class__: astropy.units.quantity.Quantity
#       unit: *id001
#       value: !astropy.table.SerializedColumn {name: aperture_bkg_err}
#     aperture_sum:
#       __class__: astropy.units.quantity.Quantity
#       unit: *id001
#       value: !astropy.table.SerializedColumn {name: aperture_sum}
#     aperture_sum_err:
#       __class__: astropy.units.quantity.Quantity
#       unit: *id001
#       value: !astropy.table.SerializedColumn {name: aperture_sum_err}
#     net_aperture_sum:
#       __class__: astropy.units.quantity.Quantity
#       unit: *id001
#       value: !astropy.table.SerializedColumn {name: net_aperture_sum}
#     net_aperture_sum_err:
#       __class__: astropy.units.quantity.Quantity
#       unit: *id001
#       value: !astropy.table.SerializedColumn {name: net_aperture_sum_err}
# schema: astropy-2.0
MJD aperture_sum aperture_sum_err annulus_sum annulus_sum_err annulus_mean annulus_mean_err aperture_bkg aperture_bkg_err net_aperture_sum net_aperture_sum_err
59852.197994600116 0.25316971278556244 6.726409085503515e-05 0.033550671985753656 2.3055280774025847e-05 6.6746941132343375e-06 4.58670237444719e-09 0.01887225299198643 1.2968595435389537e-05 0.23429745979357602 6.850286407239648e-05
59852.19819722708 0.253110791472873 6.726144980692256e-05 0.03374854817686472 2.305890442513244e-05 6.7140603306537406e-06 4.587423276929259e-09 0.018983558349486403 1.2970633739136997e-05 0.23412723312338662 6.850065671016594e-05
59852.19839985405 0.2531625840393831 6.726064757194351e-05 0.03399166682829585 2.315982651491121e-05 6.762427249570116e-06 4.607501088748578e-09 0.019120312590916417 1.3027402414637555e-05 0.23404227144846665 6.851064096525514e-05
59852.19860248102 0.2536107328309757 6.729072787529832e-05 0.03420772777555944 2.3067156167344997e-05 6.805411209277763e-06 4.589064908882069e-09 0.019241846873752185 1.2975275344131559e-05 0.2343688859572235 6.853028402278426e-05
59852.19880510798 0.25320868178159117 6.726682258541954e-05 0.03377309564229216 2.305683870761343e-05 6.7189438937326835e-06 4.5870123154865314e-09 0.01899736629878934 1.2969471773032553e-05 0.23421131548280183 6.850571230787837e-05
59852.199007734955 0.25357406533819116 6.729119609564568e-05 0.034306849565065724 2.3064119342557207e-05 6.825130862737812e-06 4.588460751786718e-09 0.019297602880349467 1.2973567130188427e-05 0.2342764624578417 6.853042036981931e-05
59852.19921036192 0.25349960872788924 6.72853055435422e-05 0.03389872443459127 2.3060295737937885e-05 6.7439369478440194e-06 4.587700069817226e-09 0.019068032494457588 1.297141635259006e-05 0.23443157623343164 6.852422917683987e-05
59852.19941298889 0.25334564665643966 6.727480944984302e-05 0.033787678602324955 2.306053649614342e-05 6.721845081450347e-06 4.587747967140351e-09 0.019005569213807784 1.2971551779080672e-05 0.23434007744263188 6.851394852196198e-05
59852.19961561586 0.2533456128464151 6.727596084091627e-05 0.03375720561373857 2.3058653277736494e-05 6.7157826729949655e-06 4.587373312742372e-09 0.018988428157727947 1.2970492468726778e-05 0.23435718468868716 6.851487854437018e-05
59852.19981824282 0.2530863355349341 6.72622047839888e-05 0.03342143060523092 2.305353552051379e-05 6.64898235753157e-06 4.58635516729295e-09 0.018799554715442392 1.2967613730289005e-05 0.2342867808194917 6.850082625969724e-05
59852.200020869794 0.25334346784248785 6.727268710722945e-05 0.03386091985778411 2.3058012526322656e-05 6.736415966256073e-06 4.587245839298865e-09 0.019046767420003562 1.2970132046056494e-05 0.2342967004224843 6.851159577706052e-05
59852.20022349676 0.2529975979924145 6.725524782432797e-05 0.03339331954719414 2.3053100403320147e-05 6.64338984022895e-06 4.586268603477709e-09 0.018783742245296706 1.2967368976867582e-05 0.23421385574711778 6.849394876990229e-05
59852.20042612372 0.2533380275525039 6.727651827733378e-05 0.033568643758343994 2.305523344372464e-05 6.678269483789183e-06 4.586692958382947e-09 0.018882362114068497 1.296856881209511e-05 0.2344556654384354 6.851506176421701e-05
59852.200628750696 0.2535604054781687 6.728978740124192e-05 0.03415030772726045 2.3062366682797702e-05 6.793987853628563e-06 4.5881120712063645e-09 0.019209548096584 1.2972581259073707e-05 0.2343508573815847 6.85288505158784e-05
59852.20083137766 0.2531993717842497 6.72679274357854e-05 0.03368605776146117 2.305858714970255e-05 6.701628257519565e-06 4.587360156988023e-09 0.018948407490821908 1.2970455271707684e-05 0.23425096429342782 6.850698337732774e-05
59852.20103400463 0.25328840246337503 6.72722350358137e-05 0.03406558839138054 2.3061447757937188e-05 6.777133477277625e-06 4.587929256914013e-09 0.019161893470151552 1.2972064363839667e-05 0.2341265089932235 6.851151772201051e-05
59852.2012366316 0.25334996309669444 6.728040872073719e-05 0.033642757009615804 2.305651827067286e-05 6.693013846649832e-06 4.58694856658273e-09 0.018924050817908888 1.2969291527253481e-05 0.23442591227878556 6.851901867619193e-05
59852.20143925856 0.25352541575667703 6.728847256659811e-05 0.03429126256714389 2.3064377952316418e-05 6.822029928028783e-06 4.588512200563606e-09 0.019288835194018437 1.2973712598177983e-05 0.2342365805626586 6.852777363176152e-05
59852.201641885535 0.2534844035116378 6.728200134712068e-05 0.03405862872557992 2.306031822304894e-05 6.77574889575958e-06 4.587704543087939e-09 0.019157978658138706 1.297142900046503e-05 0.2343264248534991 6.852098711772952e-05
59852.2018445125 0.25321690679170655 6.726667135157998e-05 0.03399567683983702 2.3077048164073017e-05 6.763225016018407e-06 4.591032859102461e-09 0.019122568222408324 1.2980839592291071e-05 0.23409433856929823 6.850771687366513e-05
59852.202047139464 0.25315139814230125 6.726521387534316e-05 0.03360611829507368 2.3055392443969234e-05 6.685724805989942e-06 4.586724590476546e-09 0.018903441540978942 1.2968658249732692e-05 0.2342479566013223 6.850397867638068e-05
59852.20224976644 0.2533245404205836 6.727865133326239e-05 0.03372062944429042 2.3061496009876833e-05 6.7085060752861645e-06 4.587938856332398e-09 0.01896785406241336 1.2972091505555717e-05 0.23435668635817025 6.85178231064823e-05
59852.2024523934 0.2532641420120362 6.727127110455096e-05 0.03356301719490645 2.3055159788825745e-05 6.677150114559551e-06 4.586678305206394e-09 0.018879197172134876 1.2968527381214481e-05 0.2343849448399013 6.850990160888644e-05
59852.202655020374 0.25363521196780414 6.729145218246426e-05 0.034460482638420345 2.3156989588534303e-05 6.855695191546297e-06 4.606936700178487e-09 0.019384021484111443 1.3025806643550546e-05 0.2342511904836927 6.8540580501919e-05
59852.20285764734 0.2534304370264012 6.728344350806099e-05 0.0340841810223486 2.3062062817431955e-05 6.780832363682188e-06 4.588051619112623e-09 0.019172351825071085 1.2972410334805473e-05 0.23425808520133012 6.85225889776284e-05
59852.2030602743 0.2532188698466131 6.726972229726663e-05 0.03382726492104277 2.305758859727453e-05 6.729720529328787e-06 4.5871615012944535e-09 0.01902783651808656 1.2969893585966924e-05 0.23419103332852656 6.850863943753866e-05
59852.203262901276 0.2532395558870822 6.726549951411681e-05 0.033847111486389164 2.305802139476755e-05 6.7336688780516304e-06 4.587247603619918e-09 0.019039000211093903 1.2970137034556746e-05 0.2342005556759883 6.850453911660766e-05
59852.20346552824 0.2532534873137877 6.727073072495302e-05 0.03378056293584354 2.305872733300632e-05 6.72042946458296e-06 4.587388045570191e-09 0.01900156665141199 1.2970534124816056e-05 0.2342519206623757 6.850975089541748e-05
59852.203668155205 0.25322749849749615 6.726604531131084e-05 0.03384966549805339 2.3057633991454448e-05 6.7341769825279755e-06 4.587170532179605e-09 0.01904043684265503 1.2969919120193126e-05 0.23418706165484113 6.850503378444298e-05
59852.20387078218 0.2533762501266299 6.727705207792884e-05 0.03361485866763339 2.3054853858678058e-05 6.687463647861621e-06 4.5866174423373376e-09 0.01890835800054378 1.2968355295506407e-05 0.23446789212608612 6.851554550149068e-05
59852.20407340914 0.2532353316714176 6.727015631635236e-05 0.034199027511853976 2.3201366089264674e-05 6.803680346809103e-06 4.615765124488937e-09 0.01923695297541786 1.305076842521138e-05 0.23399837869599974 6.852442256097438e-05
59852.204276036115 0.2534552661378832 6.729941223434029e-05 0.03379361505181584 2.3057812480612624e-05 6.72302610055146e-06 4.58720604146937e-09 0.01900890846664641 1.2970019520344601e-05 0.2344463576712368 6.853781652085067e-05
59852.20447866308 0.253546376239314 6.7283713539164e-05 0.03416433744649622 2.306544664362811e-05 6.796778977586768e-06 4.588724809944725e-09 0.019217439813654123 1.297431373704081e-05 0.23432893642565986 6.852321449383011e-05
59852.204681290044 0.2532847985081733 6.727685121067612e-05 0.03359788198041207 2.305560098987512e-05 6.684086243250873e-06 4.586766079366276e-09 0.018898808613981785 1.2968775556804755e-05 0.23438598989419152 6.851542781203537e-05
59852.20488391702 0.2535580195710655 6.728318540884918e-05 0.03416638473965156 2.306215179918046e-05 6.797186273618807e-06 4.588069321469022e-09 0.019218591416054004 1.2972460387039007e-05 0.2343394281550115 6.852234502156848e-05
59852.20508654398 0.2531201304355001 6.72617035495014e-05 0.036294151162280235 2.5864890136548063e-05 7.220491953501697e-06 5.14565639720054e-09 0.020415460028782632 1.4549000701808285e-05 0.23270467040671744 6.88172230317544e-05
59852.205289170946 0.25312473117133405 6.726029743770845e-05 0.03359941818358245 2.305358912460206e-05 6.684391861161072e-06 4.5863658314874726e-09 0.018899672728265125 1.2967643882588658e-05 0.23422505844306893 6.849895911088466e-05
59852.20549179792 0.25330322860870413 6.727878938354238e-05 0.033583376299164955 2.3055791307424932e-05 6.681200429659131e-06 4.5868039418397875e-09 0.018890649168280284 1.2968882610426522e-05 0.23441257944042385 6.851735121177758e-05
59852.20569442488 0.2534823583010731 6.72812926928149e-05 0.03412073112788768 2.3062453412851183e-05 6.788103776141032e-06 4.588129325602272e-09 0.01919291125943682 1.297263004472879e-05 0.23428944704163626 6.852051865458716e-05
59852.20589705185 0.2532496299145101 6.726542760624512e-05 0.033880256002179254 2.305929288156878e-05 6.740262769957105e-06 4.587500557881783e-09 0.019057644001225827 1.2970852245882438e-05 0.23419198591328427 6.850460392583491e-05
59852.20609967882 0.25309644414611754 6.726380987478145e-05 0.03345263897015565 2.3054237929887093e-05 6.655191064461054e-06 4.586494907197744e-09 0.018817109420712554 1.2968008835561489e-05 0.234279334725405 6.850247712331246e-05
59852.206302305785 0.2536436655809945 6.738094425244881e-05 0.03388175160173069 2.330767617005163e-05 6.740560310033977e-06 4.636914843061115e-09 0.01905848527597351 1.311056784565404e-05 0.23458518030502098 6.864458199732235e-05
59852.20650493276 0.25326564115375355 6.727045976495301e-05 0.03366120518204501 2.3055587593827665e-05 6.696683993941233e-06 4.586763414307313e-09 0.01893442791490032 1.2968768021528062e-05 0.23433121323885323 6.850915049089698e-05
59852.20670755972 0.2534419783858305 6.728433766226803e-05 0.03394811359867815 2.3058909604636836e-05 6.753762609843524e-06 4.587424307358918e-09 0.01909581389925646 1.2970636652608219e-05 0.23434616448657403 6.852313120271202e-05
59852.20691018669 0.25310533668290414 6.726422616881843e-05 0.03363384454306326 2.305663333818356e-05 6.691240767766109e-06 4.586971458536627e-09 0.01891903755547308 1.2969356252728253e-05 0.23418629912743105 6.850314097689345e-05
59852.20711281366 0.2533457827851494 6.727927920612142e-05 0.03351598096219983 2.3054731315763443e-05 6.667792553384951e-06 4.586593063199085e-09 0.018852739291237403 1.2968286365116938e-05 0.234493043493912 6.851771932677648e-05
59852.207315440624 0.25340970797931617 6.727724105779874e-05 0.03596598828907244 2.6468498519148554e-05 7.155206024238872e-06 5.265740469428755e-09 0.020230868412603246 1.4888530417021061e-05 0.23317883956671293 6.890497443819076e-05
59852.20751806759 0.2533810259562945 6.727747440479835e-05 0.03400184664770754 2.305985543684058e-05 6.764452460294058e-06 4.587612474697119e-09 0.019126038739335494 1.2971168683222824e-05 0.23425498721695903 6.85164927539123e-05
59852.20772069456 0.2533701346062007 6.728152881136101e-05 0.033684531078790755 2.305841326050466e-05 6.701324533652653e-06 4.58732556283128e-09 0.018947548731819797 1.297035745903387e-05 0.23442258587438092 6.852032028390643e-05
59852.207923321526 0.25332931160649175 6.727315846403057e-05 0.033998864423329896 2.3060132170823283e-05 6.763859165605168e-06 4.587667529173706e-09 0.019124361238123066 1.2971324346088097e-05 0.2342049503683687 6.851228433659168e-05
59852.2081259485 0.2530290555606842 6.725836107271384e-05 0.03335496566780431 2.3052967564207668e-05 6.6357595783643976e-06 4.586242175975976e-09 0.018762168188139926 1.2967294254866814e-05 0.2342668873725443 6.849699157247601e-05
59852.20832857546 0.2536053633686734 6.729180843507155e-05 0.034074460082491986 2.3061281742625376e-05 6.778898444145089e-06 4.587896229217133e-09 0.019166883796401742 1.2971970980226773e-05 0.23443847957227165 6.853071948822813e-05
59852.20853120243 0.25302530269254764 6.725777424532246e-05 0.033429024373028624 2.3053131994719206e-05 6.650493089633691e-06 4.586274888386859e-09 0.018803826209828598 1.2967386747029553e-05 0.23422147648271904 6.849643286684204e-05
59852.2087338294 0.2529550979097104 6.725344223479041e-05 0.03337007517242645 2.3052778786308366e-05 6.638765518799751e-06 4.5862046198062e-09 0.018770667284489877 1.2967188067298456e-05 0.2341844306252205 6.849214158427942e-05
59852.208936456365 0.2537123064531166 6.729642527812522e-05 0.03490008019634859 2.339428353864909e-05 6.943150346940554e-06 4.6541448315866995e-09 0.01963129511044608 1.3159284490490113e-05 0.2340810113426705 6.857095320553699e-05
59852.20913908333 0.2530763931402704 6.725774248368441e-05 0.033519609448737414 2.305461734863223e-05 6.6685144178454506e-06 4.5865703901587315e-09 0.018854780314914794 1.2968222258605628e-05 0.2342216128253556 6.84965598592382e-05
59852.2093417103 0.2532946924149436 6.72753655251552e-05 0.03367705968771108 2.3057078553413557e-05 6.699838147625024e-06 4.587060031292368e-09 0.01894334607433748 1.2969606686295123e-05 0.23435134634060614 6.851412631085965e-05
59852.20954433727 0.2534214972313164 6.729418102969705e-05 0.033347683670236265 2.305243519715741e-05 6.634310870978725e-06 4.586136264916491e-09 0.0187580720645079 1.2966994798401044e-05 0.2346634251668085 6.853210747204114e-05
59852.20974696424 0.25335943496654 6.72776587848429e-05 0.0338114670611546 2.3058413461966126e-05 6.726577644964443e-06 4.587325602910765e-09 0.01901895022189946 1.2970357572355945e-05 0.23434048474464056 6.851652024967788e-05
59852.209949591204 0.2535890591414337 6.729025759561299e-05 0.03408688512458098 2.3061024307764553e-05 6.781370327728325e-06 4.587845014178853e-09 0.0191738728825768 1.297182617311756e-05 0.2344151862588569 6.852916927520375e-05
59852.21015221817 0.25337695255571324 6.72802903010091e-05 0.03357370907883582 2.305580757961312e-05 6.679277197282456e-06 4.586807179088769e-09 0.018885211356845146 1.296889176353238e-05 0.2344917411988681 6.851882673077726e-05
59852.21035484514 0.2532236346406572 6.727127070719604e-05 0.03387749628813281 2.3058377573835335e-05 6.739713742292091e-06 4.587318463193998e-09 0.019056091662074705 1.2970337385282375e-05 0.23416754297858253 6.851024386505207e-05
59852.210557472106 0.2533279864748146 6.727302280029925e-05 0.03388350855258824 2.3060265313723376e-05 6.740909844301162e-06 4.587694017112065e-09 0.019059473560830882 1.2971399238969399e-05 0.2342685129139837 6.851216530592446e-05
59852.21076009907 0.2532429078415508 6.726595701254696e-05 0.033791728983778406 2.305862772333052e-05 6.722650879237503e-06 4.5873682288548365e-09 0.019007847553375354 1.2970478094373418e-05 0.23423506028817542 6.850505291444154e-05
59852.21096272604 0.2534276932079318 6.728216538404923e-05 0.034079960284983384 2.307092933666762e-05 6.779992674663229e-06 4.589815557068092e-09 0.01916997766030315 1.2977397751875535e-05 0.23425771554762864 6.852227835658222e-05
59852.21116535301 0.25328769113783584 6.727339937829858e-05 0.03362001443745559 2.3055987228931015e-05 6.68848935567743e-06 4.5868429191849765e-09 0.018911258121068766 1.2968992816273695e-05 0.23437643301676708 6.851207950851166e-05
59852.21136797998 0.25303000583419955 6.72550211313381e-05 0.03351767214960473 2.305870068701328e-05 6.668129004428933e-06 4.5873827445183076e-09 0.01885369058415266 1.2970519136444967e-05 0.2341763152500469 6.849432264097237e-05
59852.211570606945 0.25318232287827774 6.726828907711996e-05 0.0335027313260349 2.3053998457519508e-05 6.66515662202268e-06 4.58644726568395e-09 0.01884528637089463 1.2967874132354721e-05 0.2343370365073831 6.85068498390896e-05
59852.21177323391 0.2533356896400942 6.727365808476115e-05 0.03386774001616256 2.306153714245056e-05 6.737772793654323e-06 4.587947039397937e-09 0.01905060375909144 1.297211464262844e-05 0.23428508588100275 6.851292455009379e-05
