Original_Data_Set_NRCA3_DataChallengeSimulation/Results/ROEBA_Results/303050_radii/DataChallengeSimulation_nrca3_level3_asn_phot.ecsv
# %ECSV 0.9
# ---
# datatype:
# - {name: MJD, datatype: float64}
# - {name: aperture_sum, unit: Jy, datatype: float64}
# - {name: aperture_sum_err, unit: Jy, datatype: float64}
# - {name: annulus_sum, unit: Jy, datatype: float64}
# - {name: annulus_sum_err, unit: Jy, datatype: float64}
# - {name: annulus_mean, unit: Jy, datatype: float64}
# - {name: annulus_mean_err, unit: Jy, datatype: float64}
# - {name: aperture_bkg, unit: Jy, datatype: float64}
# - {name: aperture_bkg_err, unit: Jy, datatype: float64}
# - {name: net_aperture_sum, unit: Jy, datatype: float64}
# - {name: net_aperture_sum_err, unit: Jy, datatype: float64}
# meta: !!omap
# - {instrument: NIRCAM}
# - {detector: NRCA3}
# - {channel: SHORT}
# - {subarray: SUBGRISM64}
# - {filter: WLP4}
# - {pupil: CLEAR}
# - {target_name: UNKNOWN}
# - {xcenter: 1054.0}
# - {ycenter: 22.0}
# - ra_icrs: !numpy.ndarray
#     buffer: !!binary |
#       RjByVEdwN3haVUE9
#     dtype: float64
#     order: C
#     shape: !!python/tuple []
# - dec_icrs: !numpy.ndarray
#     buffer: !!binary |
#       Wkg2dmxQdXpPa0E9
#     dtype: float64
#     order: C
#     shape: !!python/tuple []
# - {apertures: Photometry measured in a circular aperture of r=30.0 pixels.  Background calculated as the mean in a circular annulus
#     with r_inner=30.0 pixels and r_outer=50.0 pixels.}
# - {number_of_integrations: 2198}
# - __serialized_columns__:
#     annulus_mean:
#       __class__: astropy.units.quantity.Quantity
#       unit: &id001 !astropy.units.Unit {unit: Jy}
#       value: !astropy.table.SerializedColumn {name: annulus_mean}
#     annulus_mean_err:
#       __class__: astropy.units.quantity.Quantity
#       unit: *id001
#       value: !astropy.table.SerializedColumn {name: annulus_mean_err}
#     annulus_sum:
#       __class__: astropy.units.quantity.Quantity
#       unit: *id001
#       value: !astropy.table.SerializedColumn {name: annulus_sum}
#     annulus_sum_err:
#       __class__: astropy.units.quantity.Quantity
#       unit: *id001
#       value: !astropy.table.SerializedColumn {name: annulus_sum_err}
#     aperture_bkg:
#       __class__: astropy.units.quantity.Quantity
#       unit: *id001
#       value: !astropy.table.SerializedColumn {name: aperture_bkg}
#     aperture_bkg_err:
#       __class__: astropy.units.quantity.Quantity
#       unit: *id001
#       value: !astropy.table.SerializedColumn {name: aperture_bkg_err}
#     aperture_sum:
#       __class__: astropy.units.quantity.Quantity
#       unit: *id001
#       value: !astropy.table.SerializedColumn {name: aperture_sum}
#     aperture_sum_err:
#       __class__: astropy.units.quantity.Quantity
#       unit: *id001
#       value: !astropy.table.SerializedColumn {name: aperture_sum_err}
#     net_aperture_sum:
#       __class__: astropy.units.quantity.Quantity
#       unit: *id001
#       value: !astropy.table.SerializedColumn {name: net_aperture_sum}
#     net_aperture_sum_err:
#       __class__: astropy.units.quantity.Quantity
#       unit: *id001
#       value: !astropy.table.SerializedColumn {name: net_aperture_sum_err}
# schema: astropy-2.0
MJD aperture_sum aperture_sum_err annulus_sum annulus_sum_err annulus_mean annulus_mean_err aperture_bkg aperture_bkg_err net_aperture_sum net_aperture_sum_err
[from data line 70]
59491.956778532636 1.6980698820744617 0.00042881527468203887 0.18705804310364083 0.00013037303252870099 3.721401525630157e-05 2.5936890716029032e-08 0.10522014924579795 7.33348307973943e-05 1.5928497328286637 0.0004350408454486945
59491.95681401285 1.6972386723457085 0.00042868931740159 0.18722004824960642 0.00013039058343660093 3.724624515603501e-05 2.5940382358214064e-08 0.1053112771404036 7.334470318308802e-05 1.5919273952053048 0.00043491835594655745
59491.95684949306 1.6971437738655788 0.00042872886063420444 0.18700383969898499 0.00013037197753633088 3.720323183157234e-05 2.593668083196575e-08 0.10518965983067904 7.333423736418613e-05 1.5919541140348998 0.0004349555682026497
59491.95688497326 1.6972786297548677 0.00042874247593840774 0.18711557117524785 0.00013037465544763716 3.7225460102505076e-05 2.5937213585492693e-08 0.1052525087860769 7.33357436892959e-05 1.5920261209687907 0.00043496924256349235
59491.95692045347 1.6968877774857234 0.00042872380560962637 0.18674635613736604 0.00013037204795237755 3.715200710457664e-05 2.593669484079312e-08 0.10504482532726839 7.333427697321236e-05 1.591842952158455 0.0004349505922235128
59491.95695593368 1.6970554979320918 0.0004287118010476175 0.1872257016909593 0.00013038063485799778 3.7247369872456005e-05 2.5938403151387277e-08 0.10531445720116461 7.333910710762375e-05 1.5917410407309271 0.0004349395739511817
59491.95699141389 1.6980058108998954 0.0004288072491359916 0.18682280593263823 0.00013036743378078757 3.7167216308096555e-05 2.5935776880522098e-08 0.105087828337109 7.3331681501693e-05 1.5929179825627864 0.00043503240387750665
59491.957026894095 1.6973944544743578 0.0004287462489602133 0.18712665662647904 0.00013037488802413472 3.722766548295489e-05 2.5937259855116734e-08 0.10525874435239446 7.333587451357577e-05 1.5921357101219633 0.0004349729836301608
59491.957062374306 1.6979401327509513 0.00042879087243396044 0.18713946631109674 0.00013037279208991226 3.723021388873783e-05 2.593684288225186e-08 0.1052659497999919 7.333469555057564e-05 1.5926741829509594 0.00043501676962408303
59491.957097854516 1.6976140733178586 0.0004287709980979514 0.1866853796013756 0.00013036782242138292 3.713987620818227e-05 2.5935854198111892e-08 0.10501052602577378 7.333190011202789e-05 1.5926035472920848 0.00043499670847485023
59491.95713333472 1.698368249692785 0.0004288017199680361 0.1872534414059915 0.00013037298203431754 3.725288851341517e-05 2.5936880670490625e-08 0.1053300607908702 7.333480239430362e-05 1.5930381889019147 0.0004350274799248407
59491.95716881493 1.6981171244247169 0.00042882093738683423 0.18704905141226497 0.00013037394508024473 3.7212226416140044e-05 2.5937072262390295e-08 0.10521509141939904 7.333534410763765e-05 1.5929020330053179 0.0004350465136473442
59491.95720429514 1.6978386798515486 0.0004287754254722968 0.18702139522590697 0.00013037619287432767 3.7206724392682614e-05 2.5937519446814488e-08 0.10519953481457267 7.333660849180931e-05 1.592639145036976 0.0004350018662420083
59491.95723977534 1.6978682450083908 0.00042880464411126906 0.1870947962286371 0.00013037794401479896 3.722132705819811e-05 2.5937867825142057e-08 0.10524082287860835 7.333759350832442e-05 1.5926274221297825 0.0004350308327383064
59491.957275255554 1.6977082794006426 0.00042876812053241364 0.18719180294439852 0.00013039008122793738 3.724062593110629e-05 2.594028244697498e-08 0.10529538915622416 7.334442069071478e-05 1.5924128902444186 0.0004349959830059985
59491.957310735765 1.6975824692099895 0.00042875977818879646 0.18745116434757395 0.00013042524346891746 3.7292224242809564e-05 2.5947277752552688e-08 0.10544127994551034 7.336419945126606e-05 1.592141189264479 0.000434991095487748
59491.957346215975 1.6974550543050027 0.0004287331890123186 0.1872920964347044 0.00013038706190375074 3.726057868703394e-05 2.5939681771513604e-08 0.10535180424452122 7.334272232085979e-05 1.5921032500604815 0.00043496126526175547
59491.95738169618 1.6976886019333748 0.00042874962712667315 0.1872384070160611 0.0001303823133563664 3.7249897516572925e-05 2.59387370780277e-08 0.10532160394653436 7.334005126295609e-05 1.5923669979868404 0.00043497701764635136
59491.95741717639 1.6975194742013997 0.0004287205686984813 0.18744607078908954 0.00013038722573769398 3.729121091154616e-05 2.5939714365240995e-08 0.10543841481886286 7.334281447745285e-05 1.5920810593825367 0.00043494884119931083
59491.9574526566 1.6978688485399798 0.00042877004113076 0.18726557310752312 0.00013044101161865967 3.7255302038748756e-05 2.5950414726271298e-08 0.10533688487298173 7.337306903549606e-05 1.5925319636669981 0.00043500270738348434
59491.9574881368 1.6972510459967092 0.0004287226782185349 0.1870563514635309 0.00013039982781346934 3.721367871519479e-05 2.594222146855708e-08 0.10521919769823612 7.33499031450765e-05 1.592031848298473 0.00043495211588204225
59491.95752361701 1.69777332637817 0.00042877526352286184 0.18727230842165468 0.00013039850676194544 3.72566419869204e-05 2.5941958653706946e-08 0.10534067348718075 7.334916005359431e-05 1.5924326528909893 0.00043500382284488885
59491.95755909722 1.69787051165136 0.0004287842470001664 0.18698398679662556 0.00013036824461810394 3.719928222214081e-05 2.593593819148078e-08 0.10517849257310187 7.333213759768346e-05 1.592692019078258 0.0004350098077976464
59491.957594577434 1.69700912821482 0.000428722713176895 0.1870407577182405 0.00013037499823828839 3.7210576438139434e-05 2.5937281781525927e-08 0.10521042621651026 7.33359365090372e-05 1.5917987019983098 0.0004349497952378133
59491.95763005764 1.6970848851245222 0.00042874625376522577 0.1868243385103367 0.00013036764262181502 3.7167521204742036e-05 2.59358184281244e-08 0.1050886904120644 7.333179897477095e-05 1.5919961947124577 0.0004349723012544495
59491.95766553785 1.697442133774503 0.0004287513779451085 0.18708628733679442 0.0001303707230869466 3.7219634267951864e-05 2.5936431267190286e-08 0.10523603662694685 7.333353173640745e-05 1.592206097147556 0.00043497764421492275
59491.95770101806 1.6971434761631963 0.00042871641829709124 0.1870238669347092 0.00013038249896530843 3.720721612352481e-05 2.5938774003753457e-08 0.10520092515077392 7.334015566798599e-05 1.5919425510124223 0.00043494430189495634
59491.95773649826 1.69703837014417 0.000428713115116276 0.18667739533547323 0.00013036942839589683 3.713828778895061e-05 2.5936173696589854e-08 0.10500603487620369 7.333280347269197e-05 1.5920323352679664 0.00043493980633860794
59491.95777197847 1.697935268306641 0.0004287897360931685 0.1870442903379485 0.0001303743671095696 3.721127923050018e-05 2.5937156222456775e-08 0.10521241331509602 7.333558149913289e-05 1.592722854991545 0.0004350157989000688
59491.95780745868 1.6969749243752315 0.00042871397986991513 0.18690455757477487 0.00013037331418997705 3.7183480280536464e-05 2.5936946750759485e-08 0.10513381363581087 7.333498923186209e-05 1.5918411107394206 0.00043494102724569376
59491.957842938886 1.6972861612127605 0.0004287264071615437 0.18713090136383784 0.00013037483503291572 3.722850994662086e-05 2.593724931284868e-08 0.10526113201715878 7.333584470601508e-05 1.5920250291956017 0.00043495342085836104
59491.957878419096 1.6970605160952572 0.00042870284253105874 0.18686230108512192 0.00013036424028026492 3.7175073619028986e-05 2.5935141553779668e-08 0.10511004436038107 7.332988515764902e-05 1.5919504717348762 0.00043492918877840764
59491.95791389931 1.6970733375862532 0.0004287235904928412 0.18698726458142867 0.00013037381624670874 3.719993431670807e-05 2.5937046631772686e-08 0.10518033632705362 7.333527163877366e-05 1.5918930012591996 0.00043495054789183344
59491.95794937952 1.697769362036084 0.00042878214117202877 0.18716325049078936 0.00013038139455511915 3.723494560094466e-05 2.5938554288327426e-08 0.105279328401069 7.333953443725451e-05 1.5924900336350152 0.00043500897910220526
59491.95798485972 1.6982713805339527 0.00042882247078942544 0.1868609147273431 0.00013037093993205297 3.7174797811912244e-05 2.5936474407153495e-08 0.10510926453413048 7.333365371177979e-05 1.5931621159998222 0.0004350477401626939
59491.95802033993 1.6975496858210415 0.00042876665847665045 0.1871238754392961 0.0001303678583460238 3.72271121833451e-05 2.5935861345092115e-08 0.10525717993460404 7.333192031963839e-05 1.5922925058864374 0.00043499243436983864
59491.95805582014 1.6978265345105799 0.00042878582173896815 0.18702071494000497 0.00013038217807651 3.720658905410259e-05 2.5938710164955393e-08 0.10519915215375279 7.333997516803688e-05 1.592627382356827 0.00043501268128873027
59491.958091300345 1.6972857735702593 0.0004287397154138236 0.186872375442435 0.00013037641702341946 3.7177077848735054e-05 2.5937564039859422e-08 0.10511571118636968 7.333673457567345e-05 1.5921700623838897 0.00043496668862264524
59491.958126780555 1.6979835126896616 0.00042879606884013596 0.18669166737643156 0.00013035846245625592 3.714112712128377e-05 2.593399209221548e-08 0.10501406289924274 7.332663513164394e-05 1.592969449790419 0.0004350205329320489
59491.958162260766 1.6970388360618793 0.0004287214052293545 0.18711443406212058 0.00013036871907219167 3.722523388103625e-05 2.5936032581122443e-08 0.10525186915994282 7.333240447810781e-05 1.5917869669019364 0.00043494791050006573
59491.95819774097 1.697447489055278 0.0004287632140160416 0.18709203754432446 0.00013037163808800914 3.722077823539213e-05 2.5936613300867835e-08 0.1052392711186825 7.333404642450514e-05 1.5922082179365955 0.0004349893976390199
59491.95823322118 1.698034159903928 0.0004288286819815831 0.18679714344258966 0.00013036864159719696 3.716211091791746e-05 2.5936017167961975e-08 0.10507339318645667 7.333236089842328e-05 1.5929607667174712 0.00043505364456006843
59491.95826870139 1.6974164217848764 0.0004287562724524722 0.18695090482597793 0.0001303703311857331 3.719270077319607e-05 2.5936353300921122e-08 0.10515988396461257 7.333331129197486e-05 1.5922565378202638 0.0004349824314985425
59491.9583041816 1.6975932557694087 0.0004287405216211318 0.18694007121604223 0.00013036963557496454 3.719054549498008e-05 2.593621491355577e-08 0.10515379005902376 7.333292001091756e-05 1.5924394657103849 0.0004349668401582905
59491.9583396618 1.6974220633444375 0.00042876290675808497 0.18727074152653705 0.00013039160948838467 3.7256330263041304e-05 2.5940586484730626e-08 0.10533979210867708 7.334528033721637e-05 1.5920822712357603 0.000434990988825501
59491.958375142014 1.6966306422701407 0.00042868305786160804 0.18713964106815859 0.0001304341210871337 3.7230248655550625e-05 2.5949043898580186e-08 0.1052660481008392 7.33691931115127e-05 1.5913645941693015 0.00043491631677302386
59491.958410622225 1.6969575935922627 0.00042871475593959295 0.1869708729897836 0.00013037024934798083 3.719667331316375e-05 2.593633701981762e-08 0.10517111605675326 7.333326525823921e-05 1.5917864775355095 0.00043494150153070016
59491.95844610243 1.6975790119065233 0.0004287358511282786 0.18708724172439076 0.00013037735332323174 3.721982413733135e-05 2.5937750310788598e-08 0.1052365734699698 7.333726124431785e-05 1.5923424384365534 0.0004349629684576686
59491.95848158264 1.6976322546372542 0.00042874435030416735 0.18727417846530742 0.0001304397003482342 3.7257014020284316e-05 2.595015385730887e-08 0.10534172538673542 7.337233144588174e-05 1.5922905292505187 0.0004349772602556907
59491.95851706285 1.697651571842141 0.0004287828419947057 0.18694004246471158 0.00013037346381799893 3.719053977508458e-05 2.593697651830862e-08 0.10515377388640025 7.333507339762439e-05 1.5924977979557406 0.000435008917815821
59491.95855254305 1.6972232841845687 0.00042872278882004805 0.1872376721725224 0.00013037622269540376 3.724975132409595e-05 2.593752537952907e-08 0.10532119059704385 7.33366252661646e-05 1.5919020935875248 0.00043494998592834717
59491.95858802326 1.6973125989381779 0.0004287315377366019 0.18722022522222898 0.00013039736782407998 3.72462803636196e-05 2.5941732069217993e-08 0.10531137668750379 7.334851940104499e-05 1.592001222250674 0.0004349606151691401
59491.95862350347 1.6964791179637533 0.0004287513512639874 0.18687817720234562 0.00013036378001209274 3.717823207219556e-05 2.593504998633623e-08 0.10511897467631941 7.332962625680217e-05 1.5913601432874338 0.00043497695950206076
59491.95865898368 1.6981871590331297 0.0004288034392459251 0.18742762857272924 0.00013038713899376375 3.728754194917702e-05 2.5939697108084394e-08 0.10542804107216018 7.33427656839921e-05 1.5927591179609695 0.0004350305170758837
59491.95869446389 1.6973720329160518 0.00042873113209876483 0.18707939224377176 0.000130381657086533 3.7218262532779826e-05 2.5938606517292714e-08 0.10523215813712161 7.33396821111748e-05 1.5921398747789302 0.0004349587251715463
59491.9587299441 1.6981451427624705 0.0004287652989149704 0.18725484980964172 0.00013037917588840214 3.725316870641867e-05 2.5938112898608568e-08 0.10533085301792347 7.33382864372262e-05 1.592814289744547 0.0004349921675285574
59491.95876542431 1.6969820038638963 0.00042868984001868065 0.18675579837663325 0.0001303699079293493 3.715388557839318e-05 2.5936269096739025e-08 0.10505013658685619 7.333307321025897e-05 1.5919318672770402 0.00043491690995143336
59491.95880090451 1.6977489911034023 0.0004287462863265982 0.18722371881956967 0.00013038049316939614 3.724697539272703e-05 2.5938374963335614e-08 0.10531334183600793 7.333902740778532e-05 1.5924356492673943 0.000434973552046523
59491.95883638472 1.6980327098576429 0.0004287910233850556 0.18708909929313727 0.00013037726570166262 3.7220193688891524e-05 2.593773287903129e-08 0.1052376183523897 7.333721195718522e-05 1.5927950915052531 0.0004350173426350453
59491.95887186493 1.6972520817815122 0.000428700323333958 0.186863357339775 0.00013037226278890882 3.717528375421549e-05 2.5936737581163008e-08 0.10511063850362341 7.333439781876121e-05 1.5921414432778889 0.0004349274665160622
59491.95890734514 1.697202207484223 0.00042873109124462125 0.18690269188660913 0.00013037703082261778 3.7183109113669156e-05 2.593768615133002e-08 0.10513276418621763 7.333707983772249e-05 1.5920694432980054 0.0004349582461328078
59491.958942825346 1.6974214154641443 0.0004287614975838669 0.18723324977226635 0.00013038579460430247 3.7248871515519596e-05 2.5939429650299142e-08 0.10531870299689981 7.334200946492013e-05 1.5921027124672444 0.0004349890483250271
59491.958978305556 1.6978294229537845 0.00042878519448686286 0.1870992868323636 0.00013038506920234812 3.722222043542379e-05 2.5939285336165688e-08 0.10524334884320452 7.334160142632082e-05 1.59258607411058 0.00043501233719391697
59491.95901378577 1.6971539938223168 0.00042871232178187083 0.18706086009233974 0.0001303710100893682 3.7214575678396656e-05 2.5936488364507885e-08 0.1052217338019411 7.333369317526961e-05 1.5919322600203758 0.00043493917437076985
59491.95904926597 1.697534474738281 0.0004288050770010998 0.18718466546266435 0.00013038214468450275 3.7239205974232266e-05 2.5938703521826624e-08 0.1052913743227487 7.33399563850328e-05 1.5922431004155324 0.0004350316577727162
59491.95908474618 1.6965942699928729 0.00042868612035539287 0.18705293244644752 0.0001303763193760018 3.721299852335812e-05 2.593754461352292e-08 0.10521727450112672 7.333667964900101e-05 1.5913769954917463 0.00043491385166179587
59491.95912022639 1.6976601278554777 0.00042876937675277174 0.18732129644207868 0.0001303822965601164 3.726638784392386e-05 2.5938733736519932e-08 0.10536822924866925 7.334004181506547e-05 1.5922918986068084 0.0004349964829448577
59491.959155706594 1.6977951885982665 0.0004287754980150307 0.1871282506942305 0.00013038065042821252 3.7227982612657725e-05 2.593840624898308e-08 0.10525964101550465 7.333911586586954e-05 1.5925355475827618 0.00043500236046948643
59491.959191186805 1.697541922867217 0.0004287480937840663 0.18704503112795348 0.00013037970969737408 3.721142660598903e-05 2.593821909652926e-08 0.10521283000947382 7.333858670477292e-05 1.5923290928577432 0.0004349752593232447
