Original_Data_Set_NRCA3_DataChallengeSimulation/Results/ROEBA_Results/303050_radii/DataChallengeSimulation_nrca3_level3_asn_phot.ecsv
# %ECSV 0.9
# ---
# datatype:
# - {name: MJD, datatype: float64}
# - {name: aperture_sum, unit: Jy, datatype: float64}
# - {name: aperture_sum_err, unit: Jy, datatype: float64}
# - {name: annulus_sum, unit: Jy, datatype: float64}
# - {name: annulus_sum_err, unit: Jy, datatype: float64}
# - {name: annulus_mean, unit: Jy, datatype: float64}
# - {name: annulus_mean_err, unit: Jy, datatype: float64}
# - {name: aperture_bkg, unit: Jy, datatype: float64}
# - {name: aperture_bkg_err, unit: Jy, datatype: float64}
# - {name: net_aperture_sum, unit: Jy, datatype: float64}
# - {name: net_aperture_sum_err, unit: Jy, datatype: float64}
# meta: !!omap
# - {instrument: NIRCAM}
# - {detector: NRCA3}
# - {channel: SHORT}
# - {subarray: SUBGRISM64}
# - {filter: WLP4}
# - {pupil: CLEAR}
# - {target_name: UNKNOWN}
# - {xcenter: 1054.0}
# - {ycenter: 22.0}
# - ra_icrs: !numpy.ndarray
#     buffer: !!binary |
#       RjByVEdwN3haVUE9
#     dtype: float64
#     order: C
#     shape: !!python/tuple []
# - dec_icrs: !numpy.ndarray
#     buffer: !!binary |
#       Wkg2dmxQdXpPa0E9
#     dtype: float64
#     order: C
#     shape: !!python/tuple []
# - {apertures: Photometry measured in a circular aperture of r=30.0 pixels.  Background calculated as the mean in a circular annulus
#     with r_inner=30.0 pixels and r_outer=50.0 pixels.}
# - {number_of_integrations: 2198}
# - __serialized_columns__:
#     annulus_mean:
#       __class__: astropy.units.quantity.Quantity
#       unit: &id001 !astropy.units.Unit {unit: Jy}
#       value: !astropy.table.SerializedColumn {name: annulus_mean}
#     annulus_mean_err:
#       __class__: astropy.units.quantity.Quantity
#       unit: *id001
#       value: !astropy.table.SerializedColumn {name: annulus_mean_err}
#     annulus_sum:
#       __class__: astropy.units.quantity.Quantity
#       unit: *id001
#       value: !astropy.table.SerializedColumn {name: annulus_sum}
#     annulus_sum_err:
#       __class__: astropy.units.quantity.Quantity
#       unit: *id001
#       value: !astropy.table.SerializedColumn {name: annulus_sum_err}
#     aperture_bkg:
#       __class__: astropy.units.quantity.Quantity
#       unit: *id001
#       value: !astropy.table.SerializedColumn {name: aperture_bkg}
#     aperture_bkg_err:
#       __class__: astropy.units.quantity.Quantity
#       unit: *id001
#       value: !astropy.table.SerializedColumn {name: aperture_bkg_err}
#     aperture_sum:
#       __class__: astropy.units.quantity.Quantity
#       unit: *id001
#       value: !astropy.table.SerializedColumn {name: aperture_sum}
#     aperture_sum_err:
#       __class__: astropy.units.quantity.Quantity
#       unit: *id001
#       value: !astropy.table.SerializedColumn {name: aperture_sum_err}
#     net_aperture_sum:
#       __class__: astropy.units.quantity.Quantity
#       unit: *id001
#       value: !astropy.table.SerializedColumn {name: net_aperture_sum}
#     net_aperture_sum_err:
#       __class__: astropy.units.quantity.Quantity
#       unit: *id001
#       value: !astropy.table.SerializedColumn {name: net_aperture_sum_err}
# schema: astropy-2.0
MJD aperture_sum aperture_sum_err annulus_sum annulus_sum_err annulus_mean annulus_mean_err aperture_bkg aperture_bkg_err net_aperture_sum net_aperture_sum_err
[from data line 140]
59491.959262147226 1.6975571638617328 0.0004288298328600967 0.18718304036993016 0.00013037193969547768 3.723888267230523e-05 2.59366733037672e-08 0.1052904602080857 7.33342160787062e-05 1.592266703653647 0.0004350550916823027
59491.95929762743 1.6979442813315018 0.0004288322278490999 0.18727701431423133 0.00013038868563389414 3.725757819450195e-05 2.5940004802361817e-08 0.10534332055175512 7.334363566906545e-05 1.5926009607797467 0.0004350590402866937
59491.95933310764 1.6971776078350058 0.000428714228121604 0.18691144658708492 0.0001303706882390275 3.7184850805989166e-05 2.5936424334417062e-08 0.10513768870523525 7.333351213445297e-05 1.5920399191297705 0.0004349410228937674
59491.95936858785 1.6976520887108606 0.0004287700795931662 0.18729284223003895 0.00013039190093576023 3.7260727058301475e-05 2.5940644466343716e-08 0.1053522237543969 7.334544427636512e-05 1.5922998649564637 0.00043499808660547856
59491.95940406805 1.69737358777506 0.00042874193526213717 0.18693055993304133 0.00013036339785468947 3.7188653285349154e-05 2.5934973958536518e-08 0.10514843996233574 7.332941129326282e-05 1.5922251478127243 0.0004349676420297711
59491.95943954826 1.6972644307371823 0.00042872178468103116 0.1870937532157581 0.0001303801458524998 3.7221119557378864e-05 2.593830586683452e-08 0.10524023618386392 7.333883204203112e-05 1.5920241945533182 0.0004349493682549472
59491.959475028474 1.6974967939588301 0.00042875152230362906 0.18721327614093813 0.0001303835228315629 3.724489788782287e-05 2.5938977695472787e-08 0.10530746782927769 7.334073159275412e-05 1.5921893261295526 0.0004349790003991454
59491.95951050868 1.69816303584158 0.00042880296734907545 0.18692904737086816 0.00013036976627146452 3.7188352370665914e-05 2.5936240914798288e-08 0.10514758914611334 7.333299352769879e-05 1.5930154466954667 0.0004350284045290672
59491.95954598889 1.6968627786024264 0.00042869284608753667 0.18698251630854304 0.00013037334056954818 3.719898967783195e-05 2.5936951998808414e-08 0.10517766542355544 7.333500407037085e-05 1.591685113178871 0.00043492019855214097
59491.9595814691 1.697239842349939 0.00042874406271620435 0.18684160862780663 0.00013036813366995814 3.717095698544593e-05 2.593591611904849e-08 0.10509840485314122 7.333207518935144e-05 1.592141437496798 0.0004349701881347425
59491.95961694931 1.6976379850731966 0.00042877537546728964 0.18705449704954108 0.00013037134537656437 3.721330979125352e-05 2.5936555067776168e-08 0.10521815459036686 7.333388177431746e-05 1.5924198304828299 0.00043500135726593403
59491.95965242951 1.6973419724593364 0.00042875480706220135 0.18689682794628942 0.00013036600754879195 3.7181942519809306e-05 2.5935493140681974e-08 0.10512946571978779 7.333087924619547e-05 1.5922125067395485 0.00043498057707208674
59491.95968790972 1.6973696973336845 0.00042874801549385144 0.18697565336203872 0.0001303471229970721 3.719762433800653e-05 2.5931736178489117e-08 0.10517380501614679 7.332025668585306e-05 1.5921958923175377 0.0004349720920132638
59491.95972338993 1.698547855096412 0.0004288566326940561 0.18700241133875276 0.00013035188378070174 3.7202947668332995e-05 2.5932683306298674e-08 0.10518885637804841 7.332293462664473e-05 1.5933589987183636 0.0004350796066789936
59491.959758870136 1.697274687568774 0.0004287304929200181 0.18681117235445371 0.00013034594056403952 3.7164901881254166e-05 2.5931500940911604e-08 0.10508128444938021 7.331959156727223e-05 1.5921934031193938 0.0004349547080639929
59491.95979435035 1.697876953757203 0.00042877222063034874 0.18711198482958827 0.00013035799553214733 3.722474662170588e-05 2.5933899200615568e-08 0.1052504914666434 7.332637248683286e-05 1.5926264622905595 0.0004349969816979863
59491.95982983056 1.6981248896630698 0.000428804269429799 0.18708137353508938 0.00013036006881760395 3.7218656698163454e-05 2.5934311667651644e-08 0.10523327261348776 7.332753870990222e-05 1.5928916170495822 0.000435028768490632
59491.95986531076 1.6969827685217997 0.0004287094145300024 0.18712408518703802 0.0001303594872378651 3.722715391133251e-05 2.5934195966038845e-08 0.10525729791770888 7.33272115712991e-05 1.5917254706040909 0.00043493521593851133
59491.95990079097 1.6973347152818632 0.00042871616480844255 0.1872601087673612 0.000130351546801173 3.725421494281438e-05 2.5932616266351527e-08 0.10533381118164067 7.332274507565981e-05 1.5920009041002225 0.00043494111660486855
59491.95993627118 1.6974052035468916 0.00042872533822369897 0.18700971797251795 0.0001303476449862436 3.720440127693436e-05 2.593184002493522e-08 0.10519296635954134 7.332055030476201e-05 1.5922122371873502 0.00043494978874810157
59491.95997175139 1.6972782008150964 0.00042874937947988206 0.1870784089267052 0.00013034865263437733 3.721806690806511e-05 2.5932040490161945e-08 0.10523160502127166 7.332111710683725e-05 1.5920465957938248 0.0004349735815175198
59491.960007231595 1.697876061841946 0.0004287913839318937 0.18671377969835648 0.0001303447320836134 3.714552622795576e-05 2.5931260521369792e-08 0.10502650108032552 7.331891179703254e-05 1.5928495607616204 0.0004350146132733126
59491.960042711806 1.6968622065119559 0.0004287182157677632 0.18693710345511602 0.00013035474272997714 3.7189955077703426e-05 2.593325207618521e-08 0.10515212069350276 7.332454278561213e-05 1.5917100858184532 0.00043494344127232616
59491.960078192016 1.6975356582248664 0.0004287515731312617 0.18683912630362154 0.00013035432082718386 3.717046314274041e-05 2.5933168141291394e-08 0.1050970085457871 7.332430546529092e-05 1.5924386496790792 0.0004349762812320908
59491.96011367222 1.69771566066325 0.0004287673905459206 0.1871158622142976 0.00013035013012615532 3.722551800288433e-05 2.5932334427811752e-08 0.1052526724955424 7.332194819596236e-05 1.5924629881677075 0.0004349914749541759
59491.96014915243 1.6979603001788477 0.00042878742138482685 0.18703246731962608 0.00013035609881624166 3.720892711573983e-05 2.5933521860975532e-08 0.10520576286728968 7.332530558413592e-05 1.592754537311558 0.0004350117851011119
59491.96018463264 1.6973444546132204 0.0004287526865648519 0.18736228072699934 0.00013036068001009022 3.727454140834162e-05 2.593443326053336e-08 0.10539128290893712 7.332788250567575e-05 1.5919531717042832 0.0004349779817293564
59491.960220112844 1.6969917584674628 0.00042870197037404097 0.1869790673467569 0.00013035591722840377 3.719830352868595e-05 2.5933485735223024e-08 0.10517572538255075 7.332520344097711e-05 1.591816033084912 0.0004349275397836354
59491.960255593054 1.6976229819444564 0.0004287525142294396 0.18709021134400805 0.000130357095901252 3.722041492438284e-05 2.593372022473563e-08 0.10523824388100453 7.332586644445425e-05 1.592384738063452 0.0004349774720004425
59491.960291073265 1.6973264960098546 0.000428763235323218 0.18745338858984456 0.0001303757320281338 3.729266674174957e-05 2.593742776437729e-08 0.10544253108178755 7.333634926582526e-05 1.5918839649280672 0.0004349898068788191
59491.960326553475 1.69756704274376 0.0004287413617664501 0.18700444144163297 0.00013035031914816048 3.7203351544468465e-05 2.5932372032544845e-08 0.10518999831091855 7.332205452084026e-05 1.5923770444328413 0.00043496583655329424
59491.96036203368 1.6978855831281678 0.0004287708654324695 0.1868836723808573 0.0001303507001329953 3.717932530322469e-05 2.5932447827069476e-08 0.10512206571423222 7.332226882480985e-05 1.5927635174139356 0.00043499495416536333
59491.96039751389 1.6979794277877844 0.0004288018309325525 0.18693803325931946 0.00013034911935192467 3.719014005637228e-05 2.5932133340667807e-08 0.10515264370836719 7.332137963545763e-05 1.5928267840794172 0.0004350253267601281
59491.9604329941 1.697544496482578 0.00042877250188379397 0.18687986182020014 0.00013035473486713072 3.717856721626902e-05 2.5933250511921618e-08 0.10511992227386256 7.332453836276103e-05 1.5924245742087155 0.0004349969497568921
59491.9604684743 1.6976630378554682 0.00042878264117843804 0.1868762069697685 0.0001303471008216979 3.717784010687845e-05 2.5931731766838588e-08 0.10511786642049478 7.332024421220506e-05 1.5925451714349734 0.0004350062201708092
59491.96050395451 1.6975119060431902 0.0004287696822837524 0.18722116794801497 0.0001303664171429042 3.7246467912955624e-05 2.593557462684151e-08 0.1053119069707584 7.333110964288362e-05 1.5921999990724318 0.00043499527823548454
59491.96053943472 1.697937181824924 0.00042878234316567486 0.187331314027799 0.00013036043958918392 3.726838077928041e-05 2.5934385430313783e-08 0.10537386414063694 7.332774726891595e-05 1.592563317684287 0.0004350071911246762
59491.960574914934 1.6975608942165845 0.0004287630297021554 0.18675834904503352 0.00013034971313385374 3.7154393017748293e-05 2.5932251469829215e-08 0.10505157133783134 7.332171363779272e-05 1.5925093228787532 0.00043498713697091536
59491.96061039514 1.697459061294913 0.0004287373624116163 0.1870206200302784 0.0001303559701344638 3.720657017241242e-05 2.5933496260549244e-08 0.10519909876703158 7.332523320063589e-05 1.5922599625278815 0.00043496243027599203
59491.96064587535 1.6975898014787032 0.00042874427843941145 0.18702851442448326 0.00013035517466769025 3.720814071223795e-05 2.5933338007462896e-08 0.10520353936377183 7.332478575057576e-05 1.5923862621149314 0.0004349691718960085
59491.96068135556 1.6966365557617402 0.00042868213547578196 0.18697047438165432 0.00013042765455832417 3.7196594012596084e-05 2.5947757423549333e-08 0.10517089183968055 7.336555568905734e-05 1.5914656639220597 0.000434914793997216
59491.96071683576 1.6973442099672165 0.00042873210589918376 0.1871385916143052 0.00013035473727383083 3.723003987334023e-05 2.5933250990719393e-08 0.10526545778304668 7.332453971652984e-05 1.5920787521841697 0.0004349571320870482
59491.96075231597 1.6976491905469224 0.0004287604036883403 0.18745322777919787 0.00013037862350931517 3.729263474948792e-05 2.593800300628088e-08 0.1054424406257988 7.333797572398978e-05 1.5922067499211237 0.00043498728999165137
59491.96078779618 1.69871402937209 0.0004288476607739651 0.18765896825458805 0.000130373026994209 3.733356551655344e-05 2.5936889614976837e-08 0.10555816964320577 7.333482768424257e-05 1.5931558597288842 0.0004350727675950075
59491.960823276386 1.697120514783444 0.0004287156280876291 0.1871540366640116 0.0001303565079158554 3.723311256834907e-05 2.5933603248757713e-08 0.10527414562350651 7.332553570266866e-05 1.5918463691599376 0.00043494105802126064
59491.960858756596 1.697673584382331 0.0004287425943850293 0.1869077805280449 0.0001303488661550304 3.7184121466716814e-05 2.5932082968746182e-08 0.10513562654702525 7.33212372122046e-05 1.5925379578353056 0.00043496691376049984
59491.96089423681 1.6975024332573598 0.0004287448355107875 0.18674972376642043 0.00013034701678790492 3.715267707308977e-05 2.5931715048846665e-08 0.10504671961861149 7.33201969431965e-05 1.5924557136387483 0.00043496894746287507
59491.96092971702 1.6973564553137663 0.0004287283736665761 0.1872137821734968 0.00013036829228887234 3.724499855980172e-05 2.5935947675278817e-08 0.10530775247259196 7.333216441249068e-05 1.5920487028411743 0.00043495473870761297
59491.96096519722 1.6973373417181308 0.00042875029243142504 0.18670027305445186 0.00013034207196169792 3.7142839166528256e-05 2.59307313069297e-08 0.10501890359312917 7.331741547845508e-05 1.5923184381250015 0.0004349738574586671
59491.96100067743 1.697287009166757 0.00042873024513091236 0.18738154916152983 0.0001303708400165505 3.727837474159309e-05 2.5936454529595856e-08 0.10540212140336053 7.333359750930965e-05 1.5918848877633964 0.0004349568249995276
59491.96103615764 1.697456985985409 0.0004287548678278368 0.1869482261249737 0.00013034868096755545 3.719216786256371e-05 2.5932046126868636e-08 0.1051583771952977 7.332113304424995e-05 1.5922986087901112 0.00043497899401805416
59491.961071637845 1.6976335590936436 0.00042875766409217317 0.1872800585965939 0.00013037036443291406 3.725818383523466e-05 2.5936359915237615e-08 0.10534503296058408 7.333332999351415e-05 1.5922885261330595 0.0004349838063718171
59491.961107118055 1.6978373340626542 0.0004287648561592621 0.1873248079770063 0.00013036283736938878 3.726708644160082e-05 2.5934862453528845e-08 0.10537020448706602 7.332909602028118e-05 1.5924671295755881 0.00043499018172876534
59491.961142598266 1.697013914088314 0.0004287184334567904 0.18696560465627937 0.00013034677994269427 3.719562521151493e-05 2.5931667929989137e-08 0.10516815261915714 7.332006371776552e-05 1.5918457614691568 0.0004349429007688499
59491.96117807847 1.6971613795612575 0.0004287417311342134 0.18700996903309233 0.00013035292777395836 3.720445122384865e-05 2.5932891002157856e-08 0.10519310758111443 7.332352187285158e-05 1.5919682719801431 0.00043496644798857837
59491.96121355868 1.697537344380652 0.0004287449053145634 0.18711812478012668 0.00013036720675077047 3.722596812605404e-05 2.5935731714335285e-08 0.10525394518882125 7.333155379730839e-05 1.5922833991918308 0.0004349709307706912
59491.96124903889 1.6974333494102014 0.00042875279975307287 0.18719643615184942 0.00013035934680773604 3.7241547678441516e-05 2.5934168028352346e-08 0.1052979953354153 7.332713257935152e-05 1.592135354074786 0.0004349779668769539
59491.9612845191 1.6984269241140661 0.00042882221336692274 0.18728116443075032 0.0001303625214121172 3.725840383394995e-05 2.5934799595826876e-08 0.10534565499229705 7.332891829431593e-05 1.593081269121769 0.0004350466882245181
59491.961319999304 1.6970788966396735 0.0004287162643135089 0.18690912340011873 0.00013035191060655073 3.718438862262742e-05 2.5932688643131763e-08 0.10513638191256677 7.332294971618478e-05 1.5919425147271067 0.0004349412491843152
59491.961355479514 1.6982685963525648 0.0004288060224130583 0.18746359058361345 0.0001303629527428372 3.7294696363921705e-05 2.593488540634712e-08 0.10544826970328255 7.332916091784592e-05 1.5928203266492822 0.00043503076982970247
59491.961390959725 1.6972957377971236 0.00042873806223991294 0.18698801345278357 0.00013034568474502606 3.720008329993041e-05 2.593145004733594e-08 0.10518075756719075 7.331944766907715e-05 1.5921149802299328 0.00043496214481232045
59491.96142643993 1.697992232661797 0.00042880400038057976 0.18699454742049793 0.00013035443123603232 3.720138319150509e-05 2.5933190106433884e-08 0.10518443292403008 7.332436757026817e-05 1.592807799737767 0.00043502796878128197
59491.96146192014 1.6978777384805235 0.00042878455355322575 0.18702560154232967 0.0001303547402875976 3.7207561212746215e-05 2.5933251590289243e-08 0.10520190086756044 7.332454141177365e-05 1.592675837612963 0.0004350088294955472
59491.96149740035 1.6977166374640538 0.0004287757855921951 0.1868420701284591 0.00013034079628286555 3.7171048798083535e-05 2.5930477518689735e-08 0.10509866444725825 7.331669790911186e-05 1.5926179730167955 0.00043499886494392147
59491.96153288055 1.6975843610025876 0.00042874014337578275 0.1873785641325848 0.00013036175823478115 3.727778088895324e-05 2.5934647766520014e-08 0.10540044232457894 7.332848900706439e-05 1.5921839186780087 0.00043496572030672246
59491.96156836076 1.6969052659464827 0.00042867121945006445 0.18707234231011116 0.00013035878754395118 3.7216859993041634e-05 2.593405676635753e-08 0.10522819254943754 7.332681799347253e-05 1.5916770733970451 0.0004348975012826047
59491.96160384097 1.6973138627397586 0.00042873760890584306 0.18710916943211647 0.0001303610125815326 3.7224186516175376e-05 2.5934499423519593e-08 0.10524890780556552 7.332806957711208e-05 1.592064954934193 0.0004349631514027429
59491.96163932118 1.6982470137145764 0.00042878647815127157 0.18731586903904185 0.00013035899882511362 3.726530809639703e-05 2.593409879940926e-08 0.10536517633446103 7.332693683912641e-05 1.5928818373801155 0.0004350111303306849
59491.96167480139 1.6974186258650366 0.0004287486107536268 0.18729644018299899 0.0001303638235652002 3.7261442848299726e-05 2.5935058650951655e-08 0.10535424760293692 7.332965075542512e-05 1.5920643782620996 0.00043497426234557563
