Original_Data_Set_NRCA3_DataChallengeSimulation/Results/ROEBA_Results/303050_radii/DataChallengeSimulation_nrca3_level3_asn_phot.ecsv
# %ECSV 0.9
# ---
# datatype:
# - {name: MJD, datatype: float64}
# - {name: aperture_sum, unit: Jy, datatype: float64}
# - {name: aperture_sum_err, unit: Jy, datatype: float64}
# - {name: annulus_sum, unit: Jy, datatype: float64}
# - {name: annulus_sum_err, unit: Jy, datatype: float64}
# - {name: annulus_mean, unit: Jy, datatype: float64}
# - {name: annulus_mean_err, unit: Jy, datatype: float64}
# - {name: aperture_bkg, unit: Jy, datatype: float64}
# - {name: aperture_bkg_err, unit: Jy, datatype: float64}
# - {name: net_aperture_sum, unit: Jy, datatype: float64}
# - {name: net_aperture_sum_err, unit: Jy, datatype: float64}
# meta: !!omap
# - {instrument: NIRCAM}
# - {detector: NRCA3}
# - {channel: SHORT}
# - {subarray: SUBGRISM64}
# - {filter: WLP4}
# - {pupil: CLEAR}
# - {target_name: UNKNOWN}
# - {xcenter: 1054.0}
# - {ycenter: 22.0}
# - ra_icrs: !numpy.ndarray
#     buffer: !!binary |
#       RjByVEdwN3haVUE9
#     dtype: float64
#     order: C
#     shape: !!python/tuple []
# - dec_icrs: !numpy.ndarray
#     buffer: !!binary |
#       Wkg2dmxQdXpPa0E9
#     dtype: float64
#     order: C
#     shape: !!python/tuple []
# - {apertures: Photometry measured in a circular aperture of r=30.0 pixels.  Background calculated as the mean in a circular annulus
#     with r_inner=30.0 pixels and r_outer=50.0 pixels.}
# - {number_of_integrations: 2198}
# - __serialized_columns__:
#     annulus_mean:
#       __class__: astropy.units.quantity.Quantity
#       unit: &id001 !astropy.units.Unit {unit: Jy}
#       value: !astropy.table.SerializedColumn {name: annulus_mean}
#     annulus_mean_err:
#       __class__: astropy.units.quantity.Quantity
#       unit: *id001
#       value: !astropy.table.SerializedColumn {name: annulus_mean_err}
#     annulus_sum:
#       __class__: astropy.units.quantity.Quantity
#       unit: *id001
#       value: !astropy.table.SerializedColumn {name: annulus_sum}
#     annulus_sum_err:
#       __class__: astropy.units.quantity.Quantity
#       unit: *id001
#       value: !astropy.table.SerializedColumn {name: annulus_sum_err}
#     aperture_bkg:
#       __class__: astropy.units.quantity.Quantity
#       unit: *id001
#       value: !astropy.table.SerializedColumn {name: aperture_bkg}
#     aperture_bkg_err:
#       __class__: astropy.units.quantity.Quantity
#       unit: *id001
#       value: !astropy.table.SerializedColumn {name: aperture_bkg_err}
#     aperture_sum:
#       __class__: astropy.units.quantity.Quantity
#       unit: *id001
#       value: !astropy.table.SerializedColumn {name: aperture_sum}
#     aperture_sum_err:
#       __class__: astropy.units.quantity.Quantity
#       unit: *id001
#       value: !astropy.table.SerializedColumn {name: aperture_sum_err}
#     net_aperture_sum:
#       __class__: astropy.units.quantity.Quantity
#       unit: *id001
#       value: !astropy.table.SerializedColumn {name: net_aperture_sum}
#     net_aperture_sum_err:
#       __class__: astropy.units.quantity.Quantity
#       unit: *id001
#       value: !astropy.table.SerializedColumn {name: net_aperture_sum_err}
# schema: astropy-2.0
MJD aperture_sum aperture_sum_err annulus_sum annulus_sum_err annulus_mean annulus_mean_err aperture_bkg aperture_bkg_err net_aperture_sum net_aperture_sum_err
[from data line 2022]
59492.026035899304 1.6984597075120011 0.00042883886904803223 0.18687430200738897 0.00013038042712408603 3.717746112665457e-05 2.593836182403865e-08 0.10511679487915629 7.333899025729838e-05 1.5933429126328449 0.0004350648033320501
59492.026071379514 1.6975396983742792 0.0004287463778536729 0.1870123434273047 0.00013037713822940347 3.720492359456833e-05 2.59377075192311e-08 0.10519444317785888 7.333714025403944e-05 1.5923452551964203 0.0004349733240823914
59492.026106859725 1.6971144145361041 0.00042873757766156756 0.18713799320730257 0.00013038980098792487 3.722992082404967e-05 2.5940226694995928e-08 0.10526512117910769 7.334426305570774e-05 1.5918492933569963 0.0004349658508691154
59492.02614233993 1.697554262629617 0.0004287433090728282 0.18710390068797336 0.00013038382155276882 3.722313833283255e-05 2.593903712416845e-08 0.10524594413698501 7.334089962343246e-05 1.5923083184926319 0.00043497093308897443
59492.02617782014 1.6971292434102963 0.00042883497407125655 0.18672351303348034 0.0001303682455539351 3.7147462613452925e-05 2.5935938377658472e-08 0.10503197608133269 7.333213812408848e-05 1.5920972673289635 0.00043505980907059856
59492.02621330035 1.697817831381211 0.00042879753374364354 0.18655957222169517 0.0001303695294307961 3.711484762524029e-05 2.593619379684441e-08 0.10493975937470353 7.33328603048228e-05 1.5928780720065074 0.0004350230262240354
59492.02624878055 1.6977006930360374 0.0004287388424642048 0.1875959762011649 0.00013038809827553642 3.7321033645706186e-05 2.593988795112932e-08 0.10552273661315524 7.334330527998923e-05 1.5921779564228822 0.0004349669360617424
59492.02628426076 1.6972757183857006 0.00042872503956892303 0.18680826398626224 0.0001303724110977107 3.716432327978666e-05 2.593676708626166e-08 0.10507964849227251 7.333448124246226e-05 1.592196069893428 0.00043495184295790226
59492.02631974097 1.6976047363620421 0.00042876866748353665 0.1874712319864063 0.00013039550698897988 3.7296216572705004e-05 2.5941361867837416e-08 0.10545256799235354 7.334747268130118e-05 1.5921521683696886 0.00043499703673052976
59492.02635522118 1.6977898805489686 0.00042880860567011777 0.18675390235463957 0.00013036876646842427 3.715350837680255e-05 2.5936042010303324e-08 0.10504907007448476 7.333243113848865e-05 1.5927408104744838 0.0004350338673637166
59492.02639070139 1.6979360703100563 0.0004288042335430165 0.18688488946922077 0.00013040241648438987 3.7179567435261224e-05 2.5942736468273378e-08 0.10512275032643667 7.335135927246929e-05 1.5928133199836196 0.0004350327488954512
59492.0264261816 1.6974017147713663 0.00042873047427126413 0.1871856055988358 0.00013038387094083112 3.7239393008380844e-05 2.5939046949611254e-08 0.10529190314934513 7.334092740421751e-05 1.5921098116220211 0.0004349582867372155
59492.02646166181 1.6981346753442794 0.0004288261920450931 0.18727386187411832 0.00013039198895492906 3.725695103646846e-05 2.5940661977200975e-08 0.10534154730419154 7.334549378714759e-05 1.5927931280400878 0.0004350534041273273
59492.02649714201 1.6978861169483592 0.00042877716716745173 0.1870232313089251 0.00013038124454168575 3.720708966979294e-05 2.5938524444103105e-08 0.10520056761127035 7.333945005469823e-05 1.5926855493370888 0.0004350040620712299
59492.02653262222 1.6965790311598743 0.0004287129947873055 0.18703266822765405 0.00013037865366552417 3.7208967085122026e-05 2.5938009005668037e-08 0.1052058758780554 7.333799268685734e-05 1.5913731552818189 0.0004349405626874065
59492.02656810243 1.6975426526808368 0.00042875390427848925 0.18710194971620964 0.00013038364546567904 3.722275019933251e-05 2.5939002092755003e-08 0.10524484671536792 7.334080057444445e-05 1.5922978059654689 0.00043498135990286795
59492.026603582635 1.6976796113975587 0.00042878733636602046 0.18744378216468313 0.00013039600857727912 3.7290755604187215e-05 2.5941461655658944e-08 0.10543712746763426 7.334775482471951e-05 1.5922424839299245 0.00043501548589181736
59492.026639062846 1.697495975701208 0.0004287495980897874 0.1867741499475125 0.00013037482359829695 3.715753650741685e-05 2.5937247038003555e-08 0.10506045934547578 7.333583827404203e-05 1.5924355163557322 0.0004349762787066792
59492.026674543056 1.6977626408148012 0.00042875908944286665 0.18700678304010912 0.00013037678727597572 3.720381739068373e-05 2.5937637699265076e-08 0.10519131546006139 7.333694284273634e-05 1.5925713253547398 0.00043498582041877516
59492.02671002327 1.6976026767865617 0.00042873348506240115 0.1872682195073362 0.00013038887196142047 3.725582852326332e-05 2.5940041871045378e-08 0.1053383734728766 7.3343740478299e-05 1.5922643033136852 0.00043496172875449657
59492.02674550347 1.6979656068558324 0.0004287889234561958 0.18733993168380864 0.00013038297093694086 3.727009520747016e-05 2.593886789952633e-08 0.10537871157214236 7.334042115202922e-05 1.5925868952836901 0.00043501581379701623
59492.02678098368 1.6973998670626593 0.0004287265433302744 0.1871626750756753 0.00013037797054062583 3.7234831125745e-05 2.593787310228764e-08 0.10527900473006735 7.333760842910203e-05 1.592120862332592 0.00043495385245566684
59492.02681646389 1.6978776384836016 0.00042876999882542944 0.18703377067584398 0.00013038090271376592 3.720918641022069e-05 2.5938456439599194e-08 0.10520649600516224 7.333925777649332e-05 1.5926711424784394 0.00043499696392499765
59492.026851944094 1.697610761619295 0.000428775433325512 0.18757606427266443 0.00013042836640683083 3.731707229339701e-05 2.594789904131004e-08 0.10551153615337373 7.336595610384234e-05 1.5920992254659212 0.0004350068226344404
59492.026887424305 1.6978989361430181 0.0004287700447548618 0.1867533138344788 0.00013036835679178718 3.715339129443668e-05 2.5935960507725993e-08 0.10504873903189432 7.333220069538029e-05 1.5928501971111237 0.00043499581944877785
59492.026922904515 1.697771680965125 0.00042878942450444115 0.1868473350530151 0.00013037869079582764 3.717209622154365e-05 2.593801639250721e-08 0.10510162596732099 7.333801357265305e-05 1.5926700549978041 0.00043501590178019064
59492.026958384726 1.6974119062239073 0.0004287562348683343 0.18707504583606652 0.00013038374685872095 3.72173978424411e-05 2.5939022264259773e-08 0.10522971328278742 7.334085760803053e-05 1.5921821929411197 0.0004349836667429613
59492.02699386493 1.6978418238531479 0.00042880092516989383 0.18693311805092244 0.00013054888503301985 3.718916220673139e-05 2.5971875460175827e-08 0.10514987890364386 7.343374783107366e-05 1.592691944949504 0.00043504338720071884
59492.02702934514 1.6979152997640359 0.000428776761597773 0.18717207705518896 0.000130385255958903 3.723670159013806e-05 2.5939322490201768e-08 0.10528429334354378 7.334170647688294e-05 1.592631006420492 0.0004350040427343345
59492.02706482535 1.6978211728248018 0.0004288411499558744 0.18700015368239217 0.0001304011150679162 3.720249852187101e-05 2.5942477559692374e-08 0.10518758644634559 7.335062722570286e-05 1.5926335863784562 0.0004350690133873944
59492.02710030555 1.6971374856275012 0.0004287275802877801 0.18717025718244878 0.0001303821123351019 3.7236339537960065e-05 2.593869708611781e-08 0.10528326966512744 7.333993818849481e-05 1.5918542159623739 0.0004349552673929897
59492.027135785764 1.696543173627962 0.00042868946137637336 0.18670879077861277 0.0001303703650113953 3.7144533713908384e-05 2.5936360030322804e-08 0.10502369481296968 7.333333031890986e-05 1.5915194788149922 0.00043491658008269524
59492.027171265974 1.697406043545466 0.0004287586748643976 0.18696302075061216 0.0001303741680786441 3.719511115981566e-05 2.5937116626512247e-08 0.10516669917221934 7.33354695442373e-05 1.5922393443732468 0.00043498516338462396
59492.02720674618 1.697334233108532 0.0004287498204052669 0.1871174042690491 0.0001303796226240227 3.722582478492961e-05 2.59382017738364e-08 0.10525353990134012 7.333853772601276e-05 1.5920806932071918 0.0004349769529680146
59492.02724222639 1.6971050102602487 0.0004287262640433127 0.18713233850336775 0.00013038332003138112 3.722879585644598e-05 2.5938937349658547e-08 0.10526194040814434 7.334061751765187e-05 1.5918430698521044 0.0004349540845404337
59492.0272777066 1.6978122214266047 0.00042877126310767523 0.18699596981606048 0.00013043157251478208 3.7201666168111104e-05 2.59485368762207e-08 0.10518523302153401 7.336775953956491e-05 1.5926269884050708 0.00043500301631920515
59492.02731318681 1.6967268508245545 0.00042867963645337455 0.1869550623543802 0.00013037879124486637 3.7193527887191406e-05 2.593803637620851e-08 0.10516222257433885 7.333807007523733e-05 1.5915646282502156 0.000434907695071216
59492.02734866701 1.6975719793750939 0.00042875260161222045 0.18684314675608965 0.0001303760937916386 3.7171262986345124e-05 2.5937499734939813e-08 0.10509927005030043 7.33365527577967e-05 1.5924727093247935 0.00043497935969381867
59492.02738414722 1.696941825164159 0.00042871544161347775 0.18722604816369948 0.00013039538266880805 3.724743880101756e-05 2.5941337135125074e-08 0.10531465209208096 7.334740275120451e-05 1.5916271730720781 0.00043494456125831325
59492.02741962743 1.6975046470754869 0.00042876952326183237 0.18723222132062262 0.00013038343376232117 3.724866691156606e-05 2.5938959975710164e-08 0.10531812449285022 7.334068149130566e-05 1.5921865225826366 0.0004349967352058957
59492.027455107636 1.6974626189477906 0.00042873876917209935 0.18746808103385848 0.000130389342692823 3.7295589710613215e-05 2.5940135520082355e-08 0.1054507955815454 7.334400526471294e-05 1.5920118233662452 0.0004349669818497456
59492.02749058785 1.697481351309432 0.0004287650029203766 0.18704483719301307 0.0001303801613480165 3.721138802385853e-05 2.5938308949569623e-08 0.10521272092106984 7.333884075825929e-05 1.5922686303883622 0.0004349919692282559
59492.02752606806 1.6969246743325495 0.0004287054923073921 0.1869171979191378 0.0001303781048006616 3.718599499714614e-05 2.5937899812473078e-08 0.10514092382951501 7.333768395037215e-05 1.5917837505030343 0.0004349331155726454
59492.02756154826 1.697063953493593 0.0004287448217282573 0.1866791984543169 0.00013037355270527327 3.71386465080468e-05 2.5936994201869978e-08 0.10500704913055324 7.33351233967162e-05 1.5920569043630397 0.00043497145019231635
59492.02759702847 1.6973611452806336 0.0004287604790756281 0.18696296726143039 0.00013037289295419587 3.7195100518481057e-05 2.593686294856351e-08 0.10516666908455459 7.333475228673518e-05 1.5921944761960791 0.00043498682084646995
59492.02763250868 1.6975712142429864 0.0004287604735617985 0.18701362512923034 0.00013038104681875243 3.720517858106463e-05 2.5938485108375357e-08 0.10519516413519206 7.333933883554824e-05 1.5923760501077944 0.0004349875886847498
59492.02766798889 1.6977859603355565 0.00042876016663282476 0.1870212074108858 0.00013037927160467486 3.720668702807135e-05 2.593813194075599e-08 0.10519942916862325 7.333834027762961e-05 1.5925865311669332 0.00043498711779279745
59492.027703469095 1.6975565605235174 0.000428750312867906 0.18754958323155024 0.0001303953614257969 3.731180405765758e-05 2.5941332908962286e-08 0.105496640567747 7.334739080201075e-05 1.5920599199557703 0.0004349789311240145
59492.027738949306 1.6971637392131596 0.00042872269598590403 0.18683659600727462 0.00013037778619234857 3.716995975627654e-05 2.593783642736317e-08 0.10509558525409196 7.333750473319607e-05 1.5920681539590675 0.0004349500427105548
59492.027774429516 1.6973739551293767 0.0004287537801930009 0.18691469400423089 0.0001303730788470117 3.7185496859103e-05 2.5936899930764163e-08 0.10513951537737987 7.333485685144407e-05 1.592234439751997 0.0004349802354811192
59492.02780990972 1.697350633365233 0.00042873432318055665 0.18696643394484472 0.00013037943483395394 3.719579019323296e-05 2.593816441418927e-08 0.10516861909397515 7.333843209409909e-05 1.592182014271258 0.0004349616597990112
59492.02784538993 1.6974805294619615 0.00042874772937465566 0.18697022256329177 0.00013037746982157521 3.719654391492463e-05 2.593777348739763e-08 0.1051707501918516 7.333732677463606e-05 1.59230977927011 0.0004349746877030579
59492.02788087014 1.6981882818465013 0.0004289184128768065 0.18694662263636286 0.00013038202865078635 3.719184885864045e-05 2.593868043765221e-08 0.1051574752329541 7.333989111606731e-05 1.5930308066135472 0.0004351433608980783
59492.027916350344 1.6974873501055754 0.0004287411043957682 0.1869535050899956 0.00013038617486001026 3.7193218079285764e-05 2.5939505299768557e-08 0.10516134661312251 7.334222335875576e-05 1.592326003492453 0.00043496898317662674
59492.027951830554 1.697318491370782 0.0004287423465738143 0.18681736691741052 0.0001303735498933404 3.7166134250397755e-05 2.593699364245371e-08 0.10508476889104341 7.333512181500397e-05 1.5922337224797385 0.00043496901020330424
59492.027987310765 1.6976189262029564 0.00042875842925241183 0.1868896034314223 0.00013038297972132635 3.7180505248243627e-05 2.5938869647124297e-08 0.10512540193017503 7.334042609324607e-05 1.5924935242727813 0.00043498575695594257
59492.028022790975 1.6983100030966058 0.0004288273873155478 0.18759547770205248 0.00013039551273825154 3.7320934472458854e-05 2.5941363011618672e-08 0.10552245620740451 7.334747591526649e-05 1.5927875468892014 0.00043505491645885286
59492.02805827118 1.6972715644606433 0.0004287307103815527 0.18739963075211408 0.00013038816651154736 3.7281971959743644e-05 2.5939901526252366e-08 0.10541229229806416 7.334334366274539e-05 1.591859272162579 0.0004349589268929911
59492.02809375139 1.697558179283663 0.0004287602512860308 0.18693409797425026 0.00013037847101141786 3.718935715628323e-05 2.5937972667788167e-08 0.10515043011051577 7.333788994392254e-05 1.5924077491731472 0.00043498712530865463
59492.0281292316 1.6976328870674982 0.0004287814100151554 0.1869345048625386 0.00013037595081287002 3.71894381041362e-05 2.5937471290217592e-08 0.10515065898517795 7.333647233223938e-05 1.59248222808232 0.00043500774217101253
59492.0281647118 1.697195806013687 0.00042872620321708984 0.18697270649514341 0.00013037849632685587 3.719703807746525e-05 2.5937977704134538e-08 0.10517214740351817 7.333790418385641e-05 1.5920236586101688 0.000434953567079317
59492.02820019201 1.6976733561485347 0.0004287740190731073 0.18714185210604029 0.00013038143114777788 3.723068852756092e-05 2.5938561568205574e-08 0.10526729180964767 7.333955502062505e-05 1.592406064338887 0.00043500097673767203
59492.028235672224 1.6973858191600657 0.00042874185124306725 0.18663378478971604 0.000130377120070797 3.712961174654037e-05 2.5937703906691124e-08 0.10498150394421527 7.33371300398233e-05 1.5924043152158505 0.00043496886055189096
59492.028271152434 1.697779950411877 0.0004287844997202365 0.18744133663493773 0.00013038864302019048 3.7290269081502885e-05 2.5939996324634838e-08 0.10543575185715245 7.334361169885714e-05 1.5923441985547244 0.00043501199130295965
59492.02830663264 1.6973253281254923 0.0004287225835865766 0.18695124076273387 0.00013037583291549673 3.7192767605690164e-05 2.593744783528042e-08 0.1051600729290378 7.33364060149669e-05 1.5921652551964545 0.0004349497466654524
59492.02834211285 1.6972665776335312 0.00042873279199476033 0.18688906491027593 0.0001303842339442551 3.7180398112865624e-05 2.593911916684786e-08 0.10512509901203021 7.33411315936435e-05 1.592141478621501 0.0004349606057047679
59492.02837759306 1.6983275626690761 0.00042880776527670866 0.18725645178869915 0.00013038416538062962 3.7253487410025817e-05 2.5939105526547972e-08 0.10533175413114326 7.334109302660416e-05 1.5929958085379328 0.00043503449919281333
59492.02841307326 1.6977309611246387 0.0004287806148772764 0.1868940904544509 0.00013038403680858633 3.718139791311209e-05 2.593907994795268e-08 0.10512792588062862 7.33410207048298e-05 1.5926030352440101 0.000435007725233198
59492.02844855347 1.69775243489279 0.00042876571494046073 0.18733170377968056 0.00013038925132612136 3.7268458317953565e-05 2.5940117343254603e-08 0.10537408337607031 7.334395387094326e-05 1.5923783515167196 0.0004349935331448359
