Original_Data_Set_NRCA3_DataChallengeSimulation/Results/ROEBA_Results/303050_radii/DataChallengeSimulation_nrca3_level3_asn_phot.ecsv
# %ECSV 0.9
# ---
# datatype:
# - {name: MJD, datatype: float64}
# - {name: aperture_sum, unit: Jy, datatype: float64}
# - {name: aperture_sum_err, unit: Jy, datatype: float64}
# - {name: annulus_sum, unit: Jy, datatype: float64}
# - {name: annulus_sum_err, unit: Jy, datatype: float64}
# - {name: annulus_mean, unit: Jy, datatype: float64}
# - {name: annulus_mean_err, unit: Jy, datatype: float64}
# - {name: aperture_bkg, unit: Jy, datatype: float64}
# - {name: aperture_bkg_err, unit: Jy, datatype: float64}
# - {name: net_aperture_sum, unit: Jy, datatype: float64}
# - {name: net_aperture_sum_err, unit: Jy, datatype: float64}
# meta: !!omap
# - {instrument: NIRCAM}
# - {detector: NRCA3}
# - {channel: SHORT}
# - {subarray: SUBGRISM64}
# - {filter: WLP4}
# - {pupil: CLEAR}
# - {target_name: UNKNOWN}
# - {xcenter: 1054.0}
# - {ycenter: 22.0}
# - ra_icrs: !numpy.ndarray
#     buffer: !!binary |
#       RjByVEdwN3haVUE9
#     dtype: float64
#     order: C
#     shape: !!python/tuple []
# - dec_icrs: !numpy.ndarray
#     buffer: !!binary |
#       Wkg2dmxQdXpPa0E9
#     dtype: float64
#     order: C
#     shape: !!python/tuple []
# - {apertures: Photometry measured in a circular aperture of r=30.0 pixels.  Background calculated as the mean in a circular annulus
#     with r_inner=30.0 pixels and r_outer=50.0 pixels.}
# - {number_of_integrations: 2198}
# - __serialized_columns__:
#     annulus_mean:
#       __class__: astropy.units.quantity.Quantity
#       unit: &id001 !astropy.units.Unit {unit: Jy}
#       value: !astropy.table.SerializedColumn {name: annulus_mean}
#     annulus_mean_err:
#       __class__: astropy.units.quantity.Quantity
#       unit: *id001
#       value: !astropy.table.SerializedColumn {name: annulus_mean_err}
#     annulus_sum:
#       __class__: astropy.units.quantity.Quantity
#       unit: *id001
#       value: !astropy.table.SerializedColumn {name: annulus_sum}
#     annulus_sum_err:
#       __class__: astropy.units.quantity.Quantity
#       unit: *id001
#       value: !astropy.table.SerializedColumn {name: annulus_sum_err}
#     aperture_bkg:
#       __class__: astropy.units.quantity.Quantity
#       unit: *id001
#       value: !astropy.table.SerializedColumn {name: aperture_bkg}
#     aperture_bkg_err:
#       __class__: astropy.units.quantity.Quantity
#       unit: *id001
#       value: !astropy.table.SerializedColumn {name: aperture_bkg_err}
#     aperture_sum:
#       __class__: astropy.units.quantity.Quantity
#       unit: *id001
#       value: !astropy.table.SerializedColumn {name: aperture_sum}
#     aperture_sum_err:
#       __class__: astropy.units.quantity.Quantity
#       unit: *id001
#       value: !astropy.table.SerializedColumn {name: aperture_sum_err}
#     net_aperture_sum:
#       __class__: astropy.units.quantity.Quantity
#       unit: *id001
#       value: !astropy.table.SerializedColumn {name: net_aperture_sum}
#     net_aperture_sum_err:
#       __class__: astropy.units.quantity.Quantity
#       unit: *id001
#       value: !astropy.table.SerializedColumn {name: net_aperture_sum_err}
# schema: astropy-2.0
MJD aperture_sum aperture_sum_err annulus_sum annulus_sum_err annulus_mean annulus_mean_err aperture_bkg aperture_bkg_err net_aperture_sum net_aperture_sum_err
[from data line 1395]
59492.00378980868 1.6859372025228736 0.000427067135553568 0.18584300997573602 0.00013007463174909695 3.6972292095893504e-05 2.587752576715846e-08 0.10453669311135151 7.316698035886704e-05 1.581400509411522 0.0004332894474652763
59492.00382528889 1.6871050908870395 0.00042718778468612927 0.1857657747542759 0.00013008294387965852 3.695692663679828e-05 2.5879179412991583e-08 0.10449324829928018 7.317165593230792e-05 1.5826118425877593 0.0004334091538222501
59492.003860769095 1.6870747187812243 0.0004271611761164153 0.1861861467251718 0.00013008955295338307 3.7040556983179994e-05 2.5880494246432235e-08 0.10472970753290914 7.317537353627798e-05 1.582345011248315 0.0004333835549179652
59492.003896249305 1.6870999516266414 0.00042719751924307116 0.18565734033000397 0.0001300778303442229 3.693535429351803e-05 2.587816210744002e-08 0.10443225393562722 7.31687795686254e-05 1.5826676976910141 0.0004334182630565955
59492.003931729516 1.687206200618562 0.00042721109321571996 0.18590206533647136 0.00013008363594926842 3.6984040786614886e-05 2.5879317095865807e-08 0.10456991175176514 7.317204522146348e-05 1.5826362888667969 0.00043343219350719956
59492.00396720972 1.6867035760424227 0.0004271453679940376 0.18608570924128687 0.00013008579745200813 3.702057558063999e-05 2.587974711317272e-08 0.10467321144822385 7.317326106675457e-05 1.5820303645941989 0.00043336761708035506
59492.00400268993 1.6869405828243158 0.00042716420344972994 0.18603021200847103 0.00013009349989413763 3.700953475697679e-05 2.5881279465346208e-08 0.10464199425476495 7.317759369045241e-05 1.5822985885695509 0.000433386913654724
59492.00403817014 1.6879736907223166 0.00042727119068591146 0.18638786470730462 0.00013010044132410198 3.708068750063869e-05 2.5882660418959898e-08 0.10484317389785884 7.318149824480735e-05 1.5831305168244578 0.00043349302425242235
59492.00407365035 1.6869507461093471 0.0004271783907927617 0.18574413926463393 0.00013007638309610382 3.6952622392894867e-05 2.5877874186574976e-08 0.10448107833635657 7.316796549155839e-05 1.5824696677729906 0.0004333992717281229
59492.004109130554 1.6869209928396094 0.00042714809243311593 0.1859945220398751 0.00013008809321455304 3.7002434463325744e-05 2.5880203840619206e-08 0.10462191864742974 7.317455243318608e-05 1.5822990741921796 0.0004333705204476267
59492.004144610764 1.6871186621429195 0.000427177599108337 0.18614221411306325 0.00013009214967247822 3.703181686770497e-05 2.5881010847282e-08 0.10470499543859807 7.317683419076898e-05 1.5824136667043214 0.0004333999887426699
59492.004180090975 1.6878342463945937 0.00042722335703979737 0.1864342328005941 0.00013009404599947875 3.708991213969965e-05 2.588138810955182e-08 0.10486925595033418 7.31779008747068e-05 1.5829649904442595 0.00043344526987473586
59492.00421557118 1.6874609699472352 0.00042719834559816266 0.18588033686104424 0.00013008648846380086 3.697971804377729e-05 2.5879884585600907e-08 0.10455768948433738 7.317364976088798e-05 1.5829032804628977 0.00043341989975211834
59492.00425105139 1.6876568263459328 0.00042721887184382987 0.18606602391529847 0.00013008824060310633 3.7016659309468206e-05 2.588023316264022e-08 0.10466213845235538 7.31746353392473e-05 1.5829946878935774 0.00043344029775338905
59492.0042865316 1.687080663277713 0.00042719889535608083 0.185579059903076 0.00013008043057457654 3.691978089740187e-05 2.5878679406832462e-08 0.10438822119548023 7.31702421981993e-05 1.5826924420822328 0.0004334198663384027
59492.0043220118 1.6880792809481753 0.0004272442856895528 0.18617447647532387 0.0001300922827340545 3.703823526074197e-05 2.5881037319041505e-08 0.10472314301736967 7.317690903790566e-05 1.5833561379308057 0.00043346573067627633
59492.00435749201 1.6873551703382264 0.0004271872744395064 0.1861124980565778 0.00013008792747256804 3.70259050461064e-05 2.5880170867298967e-08 0.104688280156825 7.317445920331952e-05 1.5826668901814014 0.0004334091241803205
59492.00439297222 1.6873470932252967 0.00042720184140074036 0.18598622312689833 0.00013008214369645483 3.7000783447047564e-05 2.5879020221601275e-08 0.10461725050888031 7.317120582925584e-05 1.5827298427164165 0.00043342293277893204
59492.004428452434 1.6875418376837656 0.00042720862041210444 0.1859288075722637 0.00013009092889156563 3.698936098538449e-05 2.5880767980636163e-08 0.10458495425939834 7.317614750150566e-05 1.5829568834243672 0.0004334304487660917
59492.00446393264 1.687887565180929 0.00042724964095836016 0.1860563878545522 0.00013009422690469372 3.701474227609358e-05 2.588142409950081e-08 0.10465671816818561 7.317800263389021e-05 1.5832308470127434 0.00043347119370095783
59492.00449941285 1.6877654159789448 0.00042724605173196755 0.18599530536901437 0.00013008875410617412 3.700259030170647e-05 2.5880335320829636e-08 0.10462235927007058 7.317492418472295e-05 1.5831430567088742 0.00043346713629754567
59492.00453489306 1.6872396255111293 0.0004272169635054083 0.18547221252168278 0.0001300661443598025 3.689852428627042e-05 2.5875837254708264e-08 0.10432811954344655 7.31622062023889e-05 1.5829115059676828 0.0004334363186480596
59492.00457037326 1.6874696875017072 0.0004271918143825797 0.18589457106829496 0.00013008181769701211 3.698254984933347e-05 2.5878955366072832e-08 0.1045656962259159 7.317102245456931e-05 1.5829039912757914 0.0004334130187275499
59492.00460585347 1.6873250212249988 0.00042720449446816534 0.18614547574254678 0.00013008787307956424 3.703246574827352e-05 2.588016004615469e-08 0.10470683010518256 7.317442860725489e-05 1.5826181911198163 0.00043342609184934746
59492.00464133368 1.6878060118777172 0.00042726277869051623 0.18590897692228778 0.0001300842445464318 3.698541580292399e-05 2.587943817242444e-08 0.10457379951878687 7.31723875573679e-05 1.5832322123589302 0.0004334831950089723
59492.004676813885 1.6875669697246471 0.0004272378542135557 0.18635592503544013 0.0001301023957427899 3.707433330481623e-05 2.5883049238203717e-08 0.10482520783243507 7.318259760531932e-05 1.5827417618922122 0.00043346035189537876
59492.004712294096 1.6882676173445383 0.0004272787345072731 0.1862774630233558 0.00013008812803063846 3.7058723783481035e-05 2.5880210767059324e-08 0.10478107295063763 7.317457201723413e-05 1.5834865443939008 0.0004334992906015443
59492.00474777431 1.6874866739409236 0.00042720815979092023 0.18559346940636284 0.00013007926404952645 3.692264757699637e-05 2.5878447334047512e-08 0.1043963265410791 7.316958602785862e-05 1.5830903473998446 0.00043342888702927113
59492.00478325452 1.6873356306876128 0.00042720305501859094 0.18606031866268044 0.00013008970656104216 3.701552428552352e-05 2.5880524805705034e-08 0.10465892924775774 7.31754599405862e-05 1.582676701439855 0.00043342484718199254
59492.00481873472 1.6875443515301285 0.00042726017331550143 0.18605638559268906 0.0001301623303813628 3.70147418261102e-05 2.5894972855692846e-08 0.10465671689588758 7.321631083951657e-05 1.5828876346342409 0.00043348804351970433
59492.00485421493 1.6881525377928064 0.00042728516618414035 0.18601208965444585 0.00013008551677392218 3.700592942919733e-05 2.5879691274041726e-08 0.1046318004306258 7.317310318533122e-05 1.5835207373621807 0.0004335053820551477
59492.00488969514 1.6878070225531847 0.0004272439439734244 0.18624060178357765 0.000130135937968639 3.7051390472832055e-05 2.5889722252011452e-08 0.10476033850326243 7.320146510735944e-05 1.5830466840499222 0.00043346954005538905
59492.004925175344 1.6882430517271365 0.00042728762810867135 0.18598894704392605 0.0001300922192497589 3.700132535312198e-05 2.5881024689242183e-08 0.1046187827122084 7.317687332798937e-05 1.583624269014928 0.0004335084450443784
59492.004960655555 1.6876372750987592 0.00042724728799235843 0.186272629085388 0.0001300995920146928 3.705776210207832e-05 2.588249145422154e-08 0.10477835386053073 7.31810205082647e-05 1.5828589212382285 0.0004334693839932139
59492.004996135765 1.6871504540770443 0.00042724823503794497 0.18560693291163333 0.00013007116341685461 3.69253260562653e-05 2.5876835764382643e-08 0.10440389976279374 7.316502942198072e-05 1.5827465543142507 0.0004334676180216446
59492.00503161597 1.6885303879930735 0.000427296520603993 0.18622270756640918 0.00013009736530579765 3.704783053143815e-05 2.588204846456218e-08 0.10475027300610516 7.317976798451118e-05 1.5837801149869684 0.000433517698557447
59492.00506709618 1.6881827204874746 0.00042730389271292184 0.18615464092260295 0.000130093559332431 3.7034289102911354e-05 2.5881291290218957e-08 0.10471198551896416 7.317762712449244e-05 1.5834707349685104 0.0004335246034992564
59492.00510257639 1.6879776655027092 0.0004272693702871419 0.18611197200416058 0.00013008193501071205 3.702580039130324e-05 2.5878978704891878e-08 0.10468798425234031 7.317108844352551e-05 1.583289681250369 0.0004334894727321311
59492.0051380566 1.6879693853855882 0.00042727596865046704 0.18614970383618518 0.00013009195503462342 3.703330690077653e-05 2.5880972125311123e-08 0.10470920840785417 7.317672470697567e-05 1.583260176977734 0.00043349692781499086
59492.0051735368 1.6887709909980906 0.0004273111363083416 0.18590135066170665 0.0001300837458199242 3.6983898606588e-05 2.5879338953938267e-08 0.10456950974720998 7.317210702370736e-05 1.5842014812508807 0.0004335308114303007
59492.005209017014 1.6882651353613354 0.0004272651935481578 0.1858826358250552 0.0001300814947737455 3.698017540813521e-05 2.5878891122530183e-08 0.10455898265159355 7.317084081023184e-05 1.5837061527097418 0.00043348531412565875
59492.005244497224 1.6884881675386714 0.00042728695164620945 0.18624494856776663 0.00013009699101245519 3.705225523806984e-05 2.5881974001267656e-08 0.10476278356936872 7.317955744450604e-05 1.5837253839693026 0.00043350823138077076
59492.00527997743 1.6891491815341442 0.0004273781857418565 0.18615927425969778 0.00013009966492551827 3.703521087603842e-05 2.588250595936939e-08 0.10471459177107999 7.318106152060403e-05 1.5844345897630643 0.00043359841029838104
59492.00531545764 1.6890422091043429 0.0004273384865076546 0.1862025421639295 0.00013009435358493567 3.7043818752083056e-05 2.5881449301734182e-08 0.10473892996721035 7.31780738915263e-05 1.5843032791371325 0.00043355877634886666
59492.00535093785 1.688370442451298 0.0004273071225454476 0.18598763727958895 0.00013008857496418248 3.7001064783786314e-05 2.588029968166278e-08 0.10461804596976879 7.317482341735264e-05 1.5837523964815292 0.0004335273137418575
59492.00538641806 1.6886649235091362 0.0004273224354800973 0.18601855332487915 0.0001301365860118289 3.70072153355723e-05 2.5889851176107713e-08 0.1046354362452445 7.320182963165375e-05 1.5840294872638918 0.0004335469659979915
59492.00542189826 1.6886070936092452 0.00042732201002702587 0.18593129837422626 0.00013009047876353465 3.698985651469024e-05 2.588067843050972e-08 0.10458635533550227 7.317589430448823e-05 1.584020738273743 0.00043354216837673267
59492.00545737847 1.6887452269704628 0.00042729673831093796 0.18624104280890622 0.0001300955428548656 3.705147821203339e-05 2.5881685899469205e-08 0.10476058658000974 7.317874285586189e-05 1.5839846403904532 0.000433517740095063
59492.00549285868 1.688474146477377 0.0004272946659302276 0.18627111120147233 0.00013010099882394366 3.7057460128668045e-05 2.588277133002937e-08 0.10477750005082817 7.318181183846831e-05 1.5836966464265487 0.0004335162155172351
59492.00552833889 1.6889311433667684 0.00042733348917478825 0.1860036211131947 0.00013009102368109873 3.700424466644621e-05 2.5880786838414595e-08 0.10462703687617202 7.317620082061803e-05 1.5843041064905965 0.00043355353456849856
59492.0055638191 1.6886402541708754 0.00042731643158139927 0.1859293427186125 0.00013008404085668724 3.698946744936784e-05 2.5879397649637306e-08 0.10458525527921951 7.317227298188656e-05 1.584054998891656 0.00043353605874574773
59492.00559929931 1.689697310782508 0.0004274052516729663 0.18597759424587418 0.0001300923001892553 3.6999066785712136e-05 2.5881040791643363e-08 0.10461239676330422 7.31769188564561e-05 1.5850849140192038 0.0004336243888562497
59492.00563477951 1.689457270976543 0.00042738464644710537 0.1864727277618153 0.0001301111701100056 3.7097570468902755e-05 2.5884794843097315e-08 0.10489090936602109 7.318753318687814e-05 1.584566361610522 0.0004336058706160442
59492.00567025972 1.6891902512003936 0.00042736219254357904 0.1859957419764051 0.00013009279282965582 3.7002677161987e-05 2.5881138799337e-08 0.10462260486172786 7.31771959666814e-05 1.5845676463386658 0.0004335819941201447
59492.00570573993 1.68870083775835 0.0004273066792769046 0.18589423043353415 0.00013008822642897463 3.698248208220101e-05 2.5880230342786314e-08 0.10456550461886295 7.317462736629822e-05 1.584135333139487 0.0004335268437419441
59492.00574122014 1.68871853582207 0.0004272979325014573 0.18630151783630516 0.00013010080011899704 3.706350933646359e-05 2.588273179893628e-08 0.10479460378292164 7.318170006693583e-05 1.5839239320391483 0.00043351941634107565
59492.005776700345 1.6892529274007932 0.0004273461463356372 0.18613207511928398 0.00013009217050341293 3.702979977898254e-05 2.5881014991464787e-08 0.10469929225459723 7.317684590816977e-05 1.584553635146196 0.00043356611902337094
59492.005812180556 1.6891300692176094 0.0004273513764879061 0.18602440212095323 0.0001300898990021258 3.70083789165802e-05 2.588056309064218e-08 0.10463872619303617 7.317556818869575e-05 1.5844913430245733 0.000433571058496582
59492.00584766077 1.6888676565484069 0.0004273199464307559 0.18608630365028228 0.00013014639779146146 3.7020693834552286e-05 2.5891803167644028e-08 0.10467354580328377 7.320734875769707e-05 1.5841941107451232 0.0004335454445957369
59492.00588314097 1.6888843131171767 0.0004273342712298755 0.18605751487957828 0.0001300893116944317 3.701496649059844e-05 2.5880446249488887e-08 0.10465735211976278 7.317523782811783e-05 1.584226960997414 0.00043355414286888133
59492.00591862118 1.689424585982806 0.0004274020883998935 0.1862030577430507 0.0001300970546188074 3.704392132329017e-05 2.5881986655349367e-08 0.10473921998046602 7.317959322307916e-05 1.5846853660023401 0.00043362172227978354
59492.00595410139 1.689963809812709 0.00042744676416543503 0.1860834529523536 0.00013008777003855652 3.7020126706219025e-05 2.588013954679754e-08 0.1046719422856989 7.317437064668804e-05 1.58529186752701 0.00043366487604490166
59492.005989581594 1.6893238819994354 0.0004273844686556254 0.18630927043668252 0.00013009753493301937 3.706505166730343e-05 2.5882082210825706e-08 0.10479896462063391 7.31798633998234e-05 1.5845249173788014 0.0004336044008716563
59492.006025061804 1.6891417959790687 0.00042739011007147866 0.18623885861995196 0.00013009314201855413 3.705104368144749e-05 2.588120826826105e-08 0.10475935797372296 7.317739238543669e-05 1.5843824380053457 0.000433609544340577
59492.006060542015 1.6892088191534214 0.00042734305820439053 0.18604828421663 0.0001300906820152948 3.701313010855315e-05 2.588071886616262e-08 0.10465215987185437 7.317600863360332e-05 1.584556659281567 0.0004335629338804533
59492.006096022225 1.690574037936671 0.00042744629746820605 0.18659998762882807 0.00013010613791145678 3.712288801501813e-05 2.5883793719005236e-08 0.10496249304121577 7.318470257519443e-05 1.585611544895455 0.00043366615951708496
59492.00613150243 1.6899787257039696 0.00042745658613085495 0.18633898612426875 0.00013010263921901018 3.707096341551183e-05 2.5883097676258696e-08 0.10481567969490116 7.318273456069323e-05 1.5851630460090684 0.00043367596851154425
59492.00616698264 1.6900022337259684 0.00042743753935611887 0.18626386130127315 0.00013010182579677637 3.705601780685102e-05 2.588293585104703e-08 0.10477342198196614 7.31822770106867e-05 1.5852288117440023 0.00043365711768548495
