WASP80b/WASP80b_WLP8/Results/506090_radii/WASP80b_WLP8_nrca3_level3_asn_phot.ecsv
# %ECSV 0.9
# ---
# datatype:
# - {name: MJD, datatype: float64}
# - {name: aperture_sum, unit: Jy, datatype: float64}
# - {name: aperture_sum_err, unit: Jy, datatype: float64}
# - {name: annulus_sum, unit: Jy, datatype: float64}
# - {name: annulus_sum_err, unit: Jy, datatype: float64}
# - {name: annulus_mean, unit: Jy, datatype: float64}
# - {name: annulus_mean_err, unit: Jy, datatype: float64}
# - {name: aperture_bkg, unit: Jy, datatype: float64}
# - {name: aperture_bkg_err, unit: Jy, datatype: float64}
# - {name: net_aperture_sum, unit: Jy, datatype: float64}
# - {name: net_aperture_sum_err, unit: Jy, datatype: float64}
# meta: !!omap
# - {instrument: NIRCAM}
# - {detector: NRCA3}
# - {channel: SHORT}
# - {subarray: SUBGRISM256}
# - {filter: F210M}
# - {pupil: WLP8}
# - {target_name: UNKNOWN}
# - {xcenter: 1055.0}
# - {ycenter: 166.0}
# - ra_icrs: !numpy.ndarray
#     buffer: !!binary |
#       aE5BSnpLcnlja0E9
#     dtype: float64
#     order: C
#     shape: !!python/tuple []
# - dec_icrs: !numpy.ndarray
#     buffer: !!binary |
#       aHllR0pMQW5BY0E9
#     dtype: float64
#     order: C
#     shape: !!python/tuple []
# - {apertures: Photometry measured in a circular aperture of r=50.0 pixels.  Background calculated as the mean in a circular annulus
#     with r_inner=60.0 pixels and r_outer=90.0 pixels.}
# - {number_of_integrations: 1227}
# - __serialized_columns__:
#     annulus_mean:
#       __class__: astropy.units.quantity.Quantity
#       unit: &id001 !astropy.units.Unit {unit: Jy}
#       value: !astropy.table.SerializedColumn {name: annulus_mean}
#     annulus_mean_err:
#       __class__: astropy.units.quantity.Quantity
#       unit: *id001
#       value: !astropy.table.SerializedColumn {name: annulus_mean_err}
#     annulus_sum:
#       __class__: astropy.units.quantity.Quantity
#       unit: *id001
#       value: !astropy.table.SerializedColumn {name: annulus_sum}
#     annulus_sum_err:
#       __class__: astropy.units.quantity.Quantity
#       unit: *id001
#       value: !astropy.table.SerializedColumn {name: annulus_sum_err}
#     aperture_bkg:
#       __class__: astropy.units.quantity.Quantity
#       unit: *id001
#       value: !astropy.table.SerializedColumn {name: aperture_bkg}
#     aperture_bkg_err:
#       __class__: astropy.units.quantity.Quantity
#       unit: *id001
#       value: !astropy.table.SerializedColumn {name: aperture_bkg_err}
#     aperture_sum:
#       __class__: astropy.units.quantity.Quantity
#       unit: *id001
#       value: !astropy.table.SerializedColumn {name: aperture_sum}
#     aperture_sum_err:
#       __class__: astropy.units.quantity.Quantity
#       unit: *id001
#       value: !astropy.table.SerializedColumn {name: aperture_sum_err}
#     net_aperture_sum:
#       __class__: astropy.units.quantity.Quantity
#       unit: *id001
#       value: !astropy.table.SerializedColumn {name: net_aperture_sum}
#     net_aperture_sum_err:
#       __class__: astropy.units.quantity.Quantity
#       unit: *id001
#       value: !astropy.table.SerializedColumn {name: net_aperture_sum_err}
# schema: astropy-2.0
MJD aperture_sum aperture_sum_err annulus_sum annulus_sum_err annulus_mean annulus_mean_err aperture_bkg aperture_bkg_err net_aperture_sum net_aperture_sum_err
[from data line 893]
59852.37894048217 0.2194449972331794 3.556256383153389e-05 0.02640104042948914 1.0810372246164082e-05 1.8674915942765208e-06 7.64677413173533e-10 0.014667244683049521 6.005762358980046e-06 0.20477775255012987 3.606612160718787e-05
59852.379143109145 0.21932737196926086 3.555506987956936e-05 0.0261112652922356 1.0808042285695579e-05 1.8469941962858393e-06 7.645126021843014e-10 0.014506258495686443 6.004467936497543e-06 0.20482111347357443 3.605851673795648e-05
59852.37934573611 0.21948971221851854 3.556524892381974e-05 0.02662415380908129 1.1099124675265524e-05 1.883273637490756e-06 7.851024693607714e-10 0.014791196560600716 6.166180375147513e-06 0.20469851565791783 3.609582678693086e-05
59852.37954836308 0.2194715459268003 3.556424056807117e-05 0.02629825859266595 1.0810138605280697e-05 1.8602212665474207e-06 7.646608864617556e-10 0.014610143662592194 6.005632558489275e-06 0.2048614022642081 3.606775332081589e-05
59852.37975099005 0.2199057274142244 3.559212121465962e-05 0.026505776694084646 1.0814526636576318e-05 1.8749001694904566e-06 7.649712761822623e-10 0.014725431496713692 6.008070353653509e-06 0.20518029591751072 3.609565073431249e-05
59852.37995361701 0.21960426119394993 3.557491117586232e-05 0.025976962992651204 1.0807118428793277e-05 1.8374942519091882e-06 7.644472526764299e-10 0.014431646107028446 6.003954682662931e-06 0.2051726150869215 3.607799574535653e-05
59852.380156243984 0.2196863079264817 3.558160614113186e-05 0.026145646015232997 1.0808218722641577e-05 1.849426134957888e-06 7.645250825452346e-10 0.014525358897351666 6.004565957023098e-06 0.20516094902913004 3.6084699083058364e-05
59852.38035887095 0.2199272540631996 3.559477320280136e-05 0.026404498116255358 1.0812404390198869e-05 1.867736175583413e-06 7.648211579594045e-10 0.014669165620141866 6.00689132788826e-06 0.20525808844305773 3.6098069516027096e-05
59852.380561497914 0.21972621420318236 3.5584030001674366e-05 0.025999987174627773 1.0808236240230834e-05 1.839122879630174e-06 7.645263216611996e-10 0.014444437319237651 6.00457568901713e-06 0.20528177688394472 3.60870907717039e-05
59852.380764124886 0.21983773756490022 3.55899739856412e-05 0.02625018926551325 1.0811716946244282e-05 1.8568210572018859e-06 7.647725312467507e-10 0.014583438480840694 6.006509414580157e-06 0.2052542990840595 3.6093273662083596e-05
59852.38096675185 0.2200697116082699 3.560177577529094e-05 0.026558826722713806 1.0815256625741168e-05 1.8786526913960111e-06 7.650229123529242e-10 0.014754903734841004 6.008475903189537e-06 0.2053148078734289 3.6105238138437776e-05
59852.38116937882 0.22017319617279807 3.5609539411255426e-05 0.02663971897056043 1.0816576919658128e-05 1.8843746474416133e-06 7.651163040432435e-10 0.014799843872533571 6.009209399810071e-06 0.2053733523002645 3.611301558569319e-05
59852.38137200579 0.22025478543308802 3.5614958618478164e-05 0.026738995457522764 1.0830919283725216e-05 1.8913970223895481e-06 7.661308187707549e-10 0.014854997476401535 6.017177379847342e-06 0.20539978795668648 3.611968578236055e-05
59852.38157463275 0.2201518983917738 3.5609767138472176e-05 0.026451188490136026 1.08155611220669e-05 1.8710388439380428e-06 7.650444510619881e-10 0.014695104716742237 6.0086450678149444e-06 0.20545679367503156 3.611314623800022e-05
59852.381777259725 0.22002255802839027 3.5603529046512664e-05 0.026326291309778368 1.0813463949605025e-05 1.8622041756570821e-06 7.648961064558442e-10 0.014625717394321315 6.007479972002791e-06 0.20539684063406896 3.610680124547016e-05
59852.38197988669 0.22025480600294373 3.561663476450598e-05 0.026519751976829656 1.0815212034822054e-05 1.8758887185260012e-06 7.650197581906158e-10 0.01473319554268314 6.008451130456696e-06 0.20552161046026057 3.6119885893165586e-05
59852.382182513655 0.22019196294320859 3.561278600314584e-05 0.02646517841539138 1.0815735047083817e-05 1.8720284287193207e-06 7.650567537402857e-10 0.014702876897439654 6.008741692824342e-06 0.20548908604576893 3.6116139102026756e-05
59852.38238514063 0.22000950410752673 3.560113346658129e-05 0.02607114460589691 1.0809493589978363e-05 1.844156238263154e-06 7.646152609623172e-10 0.014483969225498283 6.005274216654646e-06 0.20552553488202846 3.610407210443929e-05
59852.38258776759 0.21992331533129578 3.5596398267460944e-05 0.026292388837980706 1.0823013050803686e-05 1.859806066337246e-06 7.655715671926672e-10 0.014606882687767058 6.01278502822427e-06 0.20531643264352872 3.610065308843227e-05
59852.38279039456 0.22026165716166607 3.561471686428858e-05 0.02683248579449396 1.0823460420286266e-05 1.8980101109496782e-06 7.65603212110241e-10 0.014906936552496643 6.013033566825703e-06 0.20535472060916943 3.611875731526784e-05
59852.38299302153 0.2202243355325995 3.561430896534937e-05 0.02642545105883714 1.081329436336682e-05 1.8692182930875068e-06 7.648841106833595e-10 0.01468080614379841 6.007385757426011e-06 0.2055435293888011 3.611741528290597e-05
59852.383195648494 0.22017167562268786 3.561660902029601e-05 0.02622676136577247 1.0812167138164998e-05 1.8551638722907719e-06 7.648043758109827e-10 0.014570422980984706 6.006759521202776e-06 0.20560125264170315 3.6119579151066966e-05
59852.383398275466 0.21998397307731815 3.560089108508417e-05 0.02612753642996153 1.0814660148053782e-05 1.8481451438408664e-06 7.649807201874169e-10 0.014515298016645294 6.008144526696545e-06 0.20546867506067285 3.610431063883784e-05
59852.38360090243 0.22017737217527633 3.5611299283357166e-05 0.026332803751820455 1.0813110271386513e-05 1.8626648366982367e-06 7.648710888395153e-10 0.01462933541767803 6.007283484103618e-06 0.2055480367575983 3.611443051616928e-05
59852.383803529396 0.22005294100916664 3.560532644735832e-05 0.026082971061978717 1.0809902161874271e-05 1.8449927889052336e-06 7.646441615120248e-10 0.014490539478877065 6.0055012010412615e-06 0.20556240153028957 3.610824443390542e-05
59852.38400615637 0.22018843499536842 3.561110897368359e-05 0.026470574529180658 1.08160073091683e-05 1.8724101256895651e-06 7.650760123432021e-10 0.014705874738433699 6.008892949537944e-06 0.2054825602569347 3.611451061297349e-05
59852.38420878333 0.21992158567196204 3.559694432164111e-05 0.026078087651720348 1.0809585036164727e-05 1.8446473582911156e-06 7.646217294568003e-10 0.01448782647317797 6.005325020091515e-06 0.20543375919878407 3.609994977330238e-05
59852.3844114103 0.22007809966668607 3.5604992626592406e-05 0.026397600888726135 1.0814572975315723e-05 1.8672482965367882e-06 7.649745539775658e-10 0.014665333827070075 6.008096097397623e-06 0.20541276583961599 3.610834693883485e-05
59852.38461403727 0.22038188471772402 3.5622915512694035e-05 0.02665783090112054 1.0816986978978974e-05 1.8856558044538703e-06 7.651453098067429e-10 0.014809906056178077 6.0094372105438744e-06 0.20557197866154595 3.612624316493492e-05
59852.384816664235 0.22009658859890444 3.5605304385469265e-05 0.026341937954670935 1.0814602218936912e-05 1.8633109493803957e-06 7.649766225406174e-10 0.014634409974817186 6.00811234385384e-06 0.20546217862408725 3.610865705503717e-05
59852.38501929121 0.2202162111033158 3.5627413536922455e-05 0.02623701931983566 1.0812889212801367e-05 1.8558894741108455e-06 7.648554521432758e-10 0.014576121844353142 6.0071606737785374e-06 0.20564008925896266 3.613029995296852e-05
59852.38522191817 0.22027977198806795 3.561547626457383e-05 0.026558489536531532 1.0816802927192288e-05 1.8786288403526106e-06 7.651322908060157e-10 0.014754716409184184 6.009334959551271e-06 0.20552505557888376 3.6118890572780704e-05
59852.38542454514 0.22008829505687494 3.560676867906336e-05 0.02627135496494424 1.0813258251332525e-05 1.8583182241745255e-06 7.648815562794647e-10 0.0145951972027468 6.007365695184735e-06 0.20549309785412814 3.610997671503001e-05
59852.38562717211 0.22018519064346642 3.561219253240824e-05 0.026451400940703328 1.0815095138067672e-05 1.8710538717415755e-06 7.650114894367086e-10 0.014695222744835182 6.008386187815373e-06 0.20548996789863125 3.6115494757060213e-05
59852.385829799074 0.21995328819426407 3.5597141988989385e-05 0.02609227987145464 1.0813492323457777e-05 1.8456512524796309e-06 7.648981134953643e-10 0.014495711039697023 6.007495735254321e-06 0.20545757715456706 3.610050585231972e-05
59852.38603242604 0.2200382809000866 3.5604562006930224e-05 0.026246898144692866 1.0812250902604202e-05 1.8565882580254962e-06 7.64810300933007e-10 0.014581610080384926 6.006806057002334e-06 0.20545667081970168 3.6107707691181107e-05
59852.38623505301 0.219992566827378 3.560230607704553e-05 0.02635440340215702 1.0972588217792621e-05 1.8641926994182905e-06 7.76151845943816e-10 0.014641335223420567 6.095882343218123e-06 0.20535123160395743 3.612040945983297e-05
59852.386437679976 0.22028350372747607 3.5616754591237266e-05 0.026691956055757176 1.0820204240216812e-05 1.888069665362402e-06 7.653728844863962e-10 0.014828864475420653 6.011224577898229e-06 0.20545463925205543 3.61204655083285e-05
59852.38664030695 0.2202878576198213 3.561653146671914e-05 0.026572711388694527 1.081633321711108e-05 1.8796348306066828e-06 7.650990656143516e-10 0.014762617438163626 6.009074009506155e-06 0.2055252401816577 3.611988765446976e-05
59852.38684293391 0.22030742052206637 3.561749770820199e-05 0.02664299616689242 1.0816223704160222e-05 1.8846064616619327e-06 7.65091319157702e-10 0.014801664537162454 6.009013168977901e-06 0.20550575598490392 3.6120830309652684e-05
59852.38704556088 0.22002856472631624 3.5601873308413595e-05 0.026177254251817942 1.0810458066380152e-05 1.8516619603334043e-06 7.64683483712024e-10 0.014542919028787744 6.005810036877862e-06 0.2054856456975285 3.610489076658999e-05
59852.38724818785 0.2199062686102759 3.5595340830984604e-05 0.026195136580249963 1.081102226424466e-05 1.8529268763173817e-06 7.647233925471432e-10 0.014552853655694425 6.006123480135921e-06 0.20535341495458148 3.609850146657891e-05
59852.387450814815 0.22033337001477432 3.561963181965851e-05 0.026688717371828992 1.0818010263184226e-05 1.8878405753373875e-06 7.652176923576112e-10 0.014827065206571663 6.010005701769014e-06 0.20550630480820264 3.612309980474163e-05
59852.38765344178 0.2200367451658512 3.560220599973677e-05 0.02646164348608157 1.0823092875590017e-05 1.871778383620149e-06 7.655772136412564e-10 0.014700913047823096 6.012829375327787e-06 0.2053358321180281 3.610638709625345e-05
59852.38785606875 0.22011334481753103 3.560711475013865e-05 0.02643573217076496 1.0817352820998056e-05 1.869945532991415e-06 7.651711878359551e-10 0.014686517872647199 6.009640456110031e-06 0.20542682694488384 3.611069646574621e-05
59852.38805869572 0.22030988019019526 3.56171407236998e-05 0.026720020371056655 1.0830249635272885e-05 1.8900548095865805e-06 7.660834508323894e-10 0.014844455761698142 6.01680535292938e-06 0.20546542442849713 3.61217754268374e-05
59852.38826132269 0.22020269947182394 3.5611951111121415e-05 0.02656887510782152 1.0815624118157323e-05 1.8793634692448928e-06 7.650489071238486e-10 0.014760486171011956 6.008680065642957e-06 0.205442213300812 3.611530559294988e-05
59852.388463949654 0.22022395371004871 3.561301177434393e-05 0.026585371142294548 1.0816227127941617e-05 1.8805303249905802e-06 7.650915613406945e-10 0.014769650634608082 6.0090150710786755e-06 0.20545430307544063 3.611640721007573e-05
59852.38866657662 0.22005493081846925 3.56037753058305e-05 0.026418845632246286 1.0814954959480882e-05 1.868751054734989e-06 7.650015738300404e-10 0.014677136462359047 6.008308310822712e-06 0.2053777943561102 3.6107181900363904e-05
59852.38886920359 0.22004627768568394 3.560367204016058e-05 0.026276462912122947 1.0811815335830403e-05 1.8586795375267671e-06 7.647794908862974e-10 0.014598034951179414 6.006564075461335e-06 0.20544824273450452 3.610678987027142e-05
59852.389071830556 0.22031736625520554 3.561844968026533e-05 0.02666064156442472 1.0815519543484595e-05 1.8858546182130825e-06 7.650415099789211e-10 0.01481146753579151 6.0086219686025526e-06 0.20550589871941402 3.612170394080499e-05
59852.38927445752 0.22011889141278368 3.560622456124419e-05 0.026333639111244082 1.0814023047339204e-05 1.8627239262900272e-06 7.649356545305403e-10 0.014629799506246712 6.0077905818551136e-06 0.20548909190653697 3.61095108687611e-05
59852.38947708449 0.2201331726509237 3.5607795347480624e-05 0.02649068295529511 1.0822713867988637e-05 1.8738325058735265e-06 7.655504043375991e-10 0.01471704608627506 6.012618815549242e-06 0.20541612656464864 3.611186334889352e-05
59852.38967971146 0.22008685076032447 3.560635893894779e-05 0.02637592328122449 1.081321661824782e-05 1.8657149194753248e-06 7.648786113411417e-10 0.014653290711791382 6.007342565693234e-06 0.20543356004853308 3.6109568836954797e-05
59852.38988233842 0.22018658007716643 3.56118111283751e-05 0.02659884852586692 1.0817723474098897e-05 1.8814836548641306e-06 7.651974061795868e-10 0.014777138069926067 6.009846374499387e-06 0.20540944200724037 3.6115361624773247e-05
59852.390084965395 0.2199596928720963 3.559785408909975e-05 0.02604706079047357 1.0811107704373952e-05 1.8424526568084264e-06 7.647294361999945e-10 0.014470589328040871 6.006170946874418e-06 0.20548910354405542 3.6100987593027346e-05
59852.39028759236 0.22003993185856296 3.5602483651577774e-05 0.026322723798265685 1.0812646702946053e-05 1.861951825838513e-06 7.648382980800661e-10 0.014623735443480937 6.007025946081141e-06 0.20541619641508202 3.610569488152464e-05
59852.39049021933 0.22008277340592391 3.560624320549857e-05 0.026406013233668826 1.0813620569116906e-05 1.8678433482170654e-06 7.649071850200666e-10 0.014670007352038236 6.0075669828427255e-06 0.20541276605388567 3.6109492052124675e-05
59852.3906928463 0.22012670321806466 3.560968658431126e-05 0.026382896676565216 1.0813670447953466e-05 1.8662081862924852e-06 7.649107132260196e-10 0.01465716482031401 6.007594693307481e-06 0.20546953839775065 3.611289205577329e-05
59852.39089547326 0.22010007643463936 3.5607789677622554e-05 0.0263782413659377 1.0813687670533403e-05 1.8658788904267086e-06 7.64911931474344e-10 0.014654578536632056 6.007604261407446e-06 0.2054454978980073 3.6111023174198265e-05
59852.391098100234 0.22005092440790364 3.560484692027307e-05 0.02612221470880217 1.0814482307520452e-05 1.847768709072747e-06 7.649681405429896e-10 0.014512341504890095 6.008045726400251e-06 0.20553858290301355 3.610819488241686e-05
59852.3913007272 0.22036247808012316 3.562229621509168e-05 0.026570725425319713 1.0817988759329254e-05 1.8794943524342825e-06 7.652161712710271e-10 0.014761514125177618 6.009993755182919e-06 0.20560096395494554 3.612572508023988e-05
59852.39150335416 0.2203701439748549 3.5623021703705796e-05 0.0268183742666255 1.0885448358252464e-05 1.8970119245430807e-06 7.699879617721939e-10 0.014899096814791945 6.047471310140257e-06 0.20547104716006295 3.613269412249332e-05
59852.391705981136 0.2200917969028744 3.5605470847048344e-05 0.026250989204962716 1.0811837476082412e-05 1.8568776413430221e-06 7.647810569887633e-10 0.014583882891645953 6.00657637560134e-06 0.20550791401122845 3.610856565963181e-05
59852.3919086081 0.2199354828161757 3.5597821360228744e-05 0.02618658191931379 1.0810892998621988e-05 1.8523217578398407e-06 7.647142488747788e-10 0.014548101066285438 6.0060516659011044e-06 0.20538738174989027 3.6100935475527936e-05
59852.39211123507 0.22001231467528531 3.560218724259847e-05 0.026025495729440202 1.0809240621706873e-05 1.8409272407810757e-06 7.645973671174936e-10 0.01445860873857789 6.00513367872604e-06 0.20555370593670744 3.610508782646029e-05
59852.39231386204 0.21988956831652284 3.559287336949528e-05 0.0260415299246563 1.0809968985817031e-05 1.842061428082028e-06 7.646488883390502e-10 0.014467516624809055 6.005538325453906e-06 0.2054220516917138 3.6095971039375325e-05
59852.392516489 0.21999618230615808 3.560055281186735e-05 0.02635438524792238 1.08165103436593e-05 1.8641914152688766e-06 7.651115947546635e-10 0.014641325137734655 6.009172413144055e-06 0.20535485716842342 3.610414814950559e-05
