WASP80b/WASP80b_WLP8/Results/506090_radii/WASP80b_WLP8_nrca3_level3_asn_phot.ecsv
# %ECSV 0.9
# ---
# datatype:
# - {name: MJD, datatype: float64}
# - {name: aperture_sum, unit: Jy, datatype: float64}
# - {name: aperture_sum_err, unit: Jy, datatype: float64}
# - {name: annulus_sum, unit: Jy, datatype: float64}
# - {name: annulus_sum_err, unit: Jy, datatype: float64}
# - {name: annulus_mean, unit: Jy, datatype: float64}
# - {name: annulus_mean_err, unit: Jy, datatype: float64}
# - {name: aperture_bkg, unit: Jy, datatype: float64}
# - {name: aperture_bkg_err, unit: Jy, datatype: float64}
# - {name: net_aperture_sum, unit: Jy, datatype: float64}
# - {name: net_aperture_sum_err, unit: Jy, datatype: float64}
# meta: !!omap
# - {instrument: NIRCAM}
# - {detector: NRCA3}
# - {channel: SHORT}
# - {subarray: SUBGRISM256}
# - {filter: F210M}
# - {pupil: WLP8}
# - {target_name: UNKNOWN}
# - {xcenter: 1055.0}
# - {ycenter: 166.0}
# - ra_icrs: !numpy.ndarray
#     buffer: !!binary |
#       aE5BSnpLcnlja0E9
#     dtype: float64
#     order: C
#     shape: !!python/tuple []
# - dec_icrs: !numpy.ndarray
#     buffer: !!binary |
#       aHllR0pMQW5BY0E9
#     dtype: float64
#     order: C
#     shape: !!python/tuple []
# - {apertures: Photometry measured in a circular aperture of r=50.0 pixels.  Background calculated as the mean in a circular annulus
#     with r_inner=60.0 pixels and r_outer=90.0 pixels.}
# - {number_of_integrations: 1227}
# - __serialized_columns__:
#     annulus_mean:
#       __class__: astropy.units.quantity.Quantity
#       unit: &id001 !astropy.units.Unit {unit: Jy}
#       value: !astropy.table.SerializedColumn {name: annulus_mean}
#     annulus_mean_err:
#       __class__: astropy.units.quantity.Quantity
#       unit: *id001
#       value: !astropy.table.SerializedColumn {name: annulus_mean_err}
#     annulus_sum:
#       __class__: astropy.units.quantity.Quantity
#       unit: *id001
#       value: !astropy.table.SerializedColumn {name: annulus_sum}
#     annulus_sum_err:
#       __class__: astropy.units.quantity.Quantity
#       unit: *id001
#       value: !astropy.table.SerializedColumn {name: annulus_sum_err}
#     aperture_bkg:
#       __class__: astropy.units.quantity.Quantity
#       unit: *id001
#       value: !astropy.table.SerializedColumn {name: aperture_bkg}
#     aperture_bkg_err:
#       __class__: astropy.units.quantity.Quantity
#       unit: *id001
#       value: !astropy.table.SerializedColumn {name: aperture_bkg_err}
#     aperture_sum:
#       __class__: astropy.units.quantity.Quantity
#       unit: *id001
#       value: !astropy.table.SerializedColumn {name: aperture_sum}
#     aperture_sum_err:
#       __class__: astropy.units.quantity.Quantity
#       unit: *id001
#       value: !astropy.table.SerializedColumn {name: aperture_sum_err}
#     net_aperture_sum:
#       __class__: astropy.units.quantity.Quantity
#       unit: *id001
#       value: !astropy.table.SerializedColumn {name: net_aperture_sum}
#     net_aperture_sum_err:
#       __class__: astropy.units.quantity.Quantity
#       unit: *id001
#       value: !astropy.table.SerializedColumn {name: net_aperture_sum_err}
# schema: astropy-2.0
MJD aperture_sum aperture_sum_err annulus_sum annulus_sum_err annulus_mean annulus_mean_err aperture_bkg aperture_bkg_err net_aperture_sum net_aperture_sum_err
[from data line 344]
59852.26769827697 0.21996933162380303 3.5633271838471786e-05 0.026040999429701745 1.0822488147898052e-05 1.8420239032401155e-06 7.655344379073005e-10 0.014467221905389857 6.012493415498918e-06 0.20550210971841318 3.6136963610489525e-05
59852.267900903935 0.2200935425676807 3.564038523862129e-05 0.026365177953136164 1.0826171753597253e-05 1.8649548429951464e-06 7.657949997097136e-10 0.014647321085075646 6.014539863109585e-06 0.20544622148260505 3.614431836018309e-05
59852.2681035309 0.22008427688425025 3.564056374428975e-05 0.026245274923951598 1.0824844337844247e-05 1.8564734386456286e-06 7.657011042525451e-10 0.01458070829108422 6.0138024099134705e-06 0.20550356859316604 3.614437167023743e-05
59852.26830615787 0.22013796177708536 3.564305070552739e-05 0.02643796649067945 1.0827360478117554e-05 1.8701035787953438e-06 7.658790847689937e-10 0.014687759161488583 6.0152002656208625e-06 0.20545020261559677 3.614705655834679e-05
59852.26850878484 0.22008562565751766 3.563861123367072e-05 0.026220706250980684 1.0824862308202448e-05 1.8547355605351711e-06 7.657023753953615e-10 0.014567059028322601 6.013812393445804e-06 0.20551856662919504 3.614244803784441e-05
59852.26871141181 0.22004105952270958 3.563783584264721e-05 0.026227347377091103 1.0824201461030807e-05 1.8552053241121354e-06 7.656556300202527e-10 0.01457074854282839 6.013445256128226e-06 0.2054703109798812 3.614162236806645e-05
59852.268914038774 0.22006023015111242 3.5638935340728535e-05 0.02619258491816044 1.0823655557855028e-05 1.852746383146427e-06 7.656170152696416e-10 0.014551436065644689 6.013141976586126e-06 0.20550879408546774 3.614265608185446e-05
59852.26911666574 0.22028029685973322 3.565025652647986e-05 0.026650651405357037 1.0829101268788171e-05 1.8851479590140175e-06 7.660022205201568e-10 0.014805917447420575 6.016167371548984e-06 0.20547437941231264 3.615432284314436e-05
59852.26931929271 0.21987614776863806 3.56286804567738e-05 0.02622081944842127 1.082394980453145e-05 1.8547435676161554e-06 7.656378289643265e-10 0.014567121915789594 6.013305446961916e-06 0.20530902585284846 3.613257136558865e-05
59852.269521919676 0.22020763659464876 3.5644700041366536e-05 0.026568038267977434 1.0827995257970027e-05 1.879304274934776e-06 7.659239862584588e-10 0.014760021259987464 6.01555292109446e-06 0.2054476153346613 3.614874158232183e-05
59852.26972454664 0.2201050888774992 3.564162742937801e-05 0.02629199267498656 1.0827692965644412e-05 1.8597780435377844e-06 7.659026034505119e-10 0.014606662597214755 6.015384980913562e-06 0.20549842628028445 3.614568386796951e-05
59852.26992717361 0.220063334112166 3.563935906965045e-05 0.026387034905404352 1.0826004761711988e-05 1.8665009061037714e-06 7.657831874501597e-10 0.014659463836335752 6.014447089839993e-06 0.20540387027583024 3.614329106060986e-05
59852.27012980058 0.22016051634136358 3.5643148123755534e-05 0.02657594014921402 1.0830386155455442e-05 1.8798632186941217e-06 7.660931076598942e-10 0.014764411194007789 6.016881197475246e-06 0.2053961051473558 3.61474323779229e-05
59852.27033242755 0.22003028664537905 3.563840602603387e-05 0.02623921336478771 1.0824764835390569e-05 1.85604467104395e-06 7.656954806043271e-10 0.014577340758215394 6.01375824188365e-06 0.20545294588716365 3.614223668048604e-05
59852.270535054515 0.22006179396133818 3.5637850218863606e-05 0.02627258275867836 1.082482713887201e-05 1.858405072815362e-06 7.656998876741239e-10 0.014595879310376866 6.013792854928894e-06 0.2054659146509613 3.6141694380924516e-05
59852.27073768148 0.2203058571492152 3.5652517421268134e-05 0.02660870687063118 1.0831073054622305e-05 1.8821809901085467e-06 7.661416958366995e-10 0.014782614928128433 6.017262808123502e-06 0.20552324222108675 3.615673450653217e-05
59852.27094030845 0.22048274743761506 3.570468429632163e-05 0.026465532603753283 1.0828703411082106e-05 1.872053482420913e-06 7.659740778443491e-10 0.014703073668751824 6.0159463394900585e-06 0.20577967376886325 3.620795618451309e-05
59852.27114293542 0.219999909718271 3.5635475625479655e-05 0.026112977210894783 1.0822695034541142e-05 1.847115289759964e-06 7.655490721437038e-10 0.014507209561608213 6.012608352522856e-06 0.20549270015666277 3.6139155804403925e-05
59852.27134556238 0.21999445435348042 3.563451576751432e-05 0.026299367656886827 1.0837729456753735e-05 1.8602997167931803e-06 7.666125399711105e-10 0.01461075980938157 6.0209608093076306e-06 0.20538369454409885 3.6139599929335763e-05
59852.271548189354 0.22010123237142437 3.564133698778825e-05 0.0262422694270509 1.0824494510507692e-05 1.8562608432286536e-06 7.656763590303934e-10 0.014579038570583833 6.013608061393162e-06 0.20552219380084052 3.614510180084067e-05
59852.27175081632 0.2200821603263522 3.563957980546368e-05 0.026181999409648854 1.082417559153509e-05 1.8519976115887558e-06 7.656538001277555e-10 0.014545555227582696 6.0134308841861614e-06 0.2055366050987695 3.614333963137466e-05
59852.27195344328 0.22003273383649624 3.563737514489584e-05 0.026141964813622576 1.0823594149317117e-05 1.8491657432099695e-06 7.656126715041498e-10 0.014523313785345875 6.013107860731732e-06 0.20550942005115036 3.614111195526271e-05
59852.272156070256 0.2200751168619542 3.563804200968118e-05 0.026390763062490198 1.0826983328683642e-05 1.8667646192721427e-06 7.658524069037976e-10 0.014661535034716778 6.014990738157579e-06 0.2054135818272374 3.614208283793177e-05
59852.27235869722 0.22016753151126045 3.5644097156239325e-05 0.026612830465750633 1.0844589425113828e-05 1.8824726747959113e-06 7.670977834706495e-10 0.014784905814305907 6.024771902841016e-06 0.20538262569695453 3.614968241305435e-05
59852.27256132419 0.21992038032962824 3.563131195401035e-05 0.0262036492455803 1.0823251615528866e-05 1.8535290242134751e-06 7.655884421950048e-10 0.014557582914211279 6.012917564182703e-06 0.20536279741541696 3.613510162152111e-05
59852.27276395116 0.2199893720537735 3.563350327210942e-05 0.026293829717733634 1.0824869233815738e-05 1.8599079877306147e-06 7.6570286528229e-10 0.014607683176518685 6.013816241008743e-06 0.20538168887725483 3.613741193312069e-05
59852.27296657812 0.22015600351642603 3.5644771918777744e-05 0.026206388847668943 1.0825536593717312e-05 1.853722811419925e-06 7.657500713388041e-10 0.014559104915371636 6.014186996509617e-06 0.2055968986010544 3.614858517799378e-05
59852.273169205095 0.22035856683109883 3.565448163752468e-05 0.026539588259830164 1.0827616121530839e-05 1.8772918485224902e-06 7.658971678413907e-10 0.014744215699905645 6.015342289739355e-06 0.2056143511311932 3.6158351783554945e-05
59852.27337183206 0.22054283779560366 3.568884308255791e-05 0.02655326740548212 1.0829002485288038e-05 1.878259450143727e-06 7.659952330168937e-10 0.014751815225267844 6.016112491826688e-06 0.20579102257033582 3.619236286961318e-05
59852.273574459025 0.2202422737947854 3.5647064586889215e-05 0.02657207255735139 1.0828513206454566e-05 1.8795896425328774e-06 7.659606236191616e-10 0.014762262531861883 6.0158406702525365e-06 0.2054800112629235 3.6151121042530836e-05
59852.273777086 0.22006358820066757 3.563790920909913e-05 0.026279264163830543 1.082571538225219e-05 1.8588776855517043e-06 7.657627180406236e-10 0.01459959120212808 6.014286323473439e-06 0.20546399699853948 3.614183466257229e-05
59852.27397971296 0.22004698519940535 3.5638577495621256e-05 0.02647474215193915 1.0868210581783378e-05 1.8727049246953236e-06 7.68768638513097e-10 0.01470819008441064 6.037894767657433e-06 0.20533879511499473 3.614642968726935e-05
59852.274182339934 0.22018550029423173 3.56469872049849e-05 0.026512662468805855 1.0827257018942152e-05 1.8753872384166334e-06 7.658717665293611e-10 0.014729256927114364 6.015142788301195e-06 0.20545624336711737 3.6150928612637446e-05
59852.2743849669 0.2203091572652638 3.565181855543094e-05 0.026545408411161327 1.0829158282046025e-05 1.8777035400131114e-06 7.660062533831831e-10 0.014747449117311847 6.016199045581125e-06 0.20556170814795194 3.615586836552845e-05
59852.27458759386 0.22029794044721307 3.5651001902860744e-05 0.026647373216185058 1.082921771320939e-05 1.884916074564635e-06 7.660104572780379e-10 0.01480409623121392 6.016232062894105e-06 0.20549384421599914 3.615506859227867e-05
59852.274790220836 0.2200510252825384 3.563811964550184e-05 0.02630148591054296 1.0829508869683888e-05 1.8604495525887785e-06 7.66031052385651e-10 0.01461193661696831 6.016393816491048e-06 0.2054390886655701 3.6142392926066975e-05
59852.2749928478 0.22032572549215906 3.565363589400247e-05 0.0266579974314095 1.0828906659480212e-05 1.885667584062165e-06 7.659884547275642e-10 0.014809998573005278 6.016059255266784e-06 0.2055157269191538 3.6157637110643484e-05
59852.275195474765 0.22039527272327875 3.565754768287174e-05 0.026694622402174042 1.0830237531449403e-05 1.888258270790064e-06 7.660825946620172e-10 0.01483034577898558 6.016798628583001e-06 0.20556492694429318 3.61616173932139e-05
59852.27539810174 0.22018871023326736 3.564567854247629e-05 0.02652540390215303 1.0835836810139217e-05 1.8762885104607573e-06 7.664786626092319e-10 0.014736335501196128 6.019909338966232e-06 0.20545237473207123 3.615043163231841e-05
59852.2756007287 0.22038825800721784 3.579933996735948e-05 0.026306578717731698 1.0824677303251953e-05 1.8608097950058014e-06 7.65689288972087e-10 0.014614765954295388 6.013709612917752e-06 0.20577349205292245 3.6300928988210226e-05
59852.275803355675 0.22005686560720886 3.563761632387014e-05 0.02625264967887161 1.0823758925472094e-05 1.8569950958454558e-06 7.656243270328468e-10 0.014584805377150895 6.013199403040053e-06 0.20547206023005796 3.6141365003387695e-05
59852.27600598264 0.22007664887521416 3.5640110829731214e-05 0.02636709690377595 1.0836892922182414e-05 1.8650905809862003e-06 7.665533672546247e-10 0.014648387168764416 6.020496067879119e-06 0.20542826170644976 3.614503939489999e-05
59852.276208609605 0.22000487200258034 3.563440177579536e-05 0.02602947980472049 1.0821746918056175e-05 1.8412090564586347e-06 7.654820066213885e-10 0.014460822113733604 6.012081621142319e-06 0.20554404988884672 3.6138009288532825e-05
59852.27641123658 0.22032221951332798 3.565285602085571e-05 0.02657448211909066 1.0830227464961205e-05 1.8797600841602064e-06 7.660818826036367e-10 0.014763601177272588 6.016793036089559e-06 0.20555861833605538 3.615699020774549e-05
59852.27661386354 0.22007123190586808 3.5640203179125384e-05 0.026360729854969463 1.0825008069721475e-05 1.8646402044126626e-06 7.657126859137018e-10 0.014644849919427478 6.013893372067486e-06 0.20542638198644061 3.614403126575585e-05
59852.27681649051 0.22026817873532212 3.564922934156547e-05 0.026729807634808707 1.0835217415287072e-05 1.8907471168779062e-06 7.664348493859231e-10 0.014849893130449281 6.019565230715039e-06 0.20541828560487282 3.615387556285447e-05
59852.27701911748 0.22003205120556366 3.563674142125808e-05 0.026122414785035627 1.0822869063088682e-05 1.8477828615712135e-06 7.65561382145295e-10 0.014512452658353126 6.0127050350492675e-06 0.20551959854721052 3.614042004410184e-05
59852.27722174444 0.2199769344036148 3.563379269762629e-05 0.02603423239951828 1.0820863797243657e-05 1.841545233771782e-06 7.654195386024287e-10 0.014463462444176822 6.011590998468698e-06 0.20551347195943798 3.613732707810962e-05
59852.27742437141 0.22000039133884458 3.563654971730911e-05 0.026292273315580338 1.0825762216785347e-05 1.8597978947989987e-06 7.657660309061611e-10 0.014606818508655743 6.014312342658525e-06 0.20539357283018883 3.614049845684615e-05
59852.27762699838 0.2201016603138897 3.564221139567485e-05 0.026201580764084968 1.0823724702492296e-05 1.8533827090780634e-06 7.656219062522236e-10 0.014556433757824982 6.013180390273498e-06 0.20554522655606472 3.61458928729108e-05
59852.277829625345 0.2200822847208198 3.56394128654654e-05 0.02640267880163975 1.082489716045732e-05 1.8676074853993625e-06 7.657048406880907e-10 0.014668154889799861 6.013831755809622e-06 0.20541412983101995 3.614324171656833e-05
59852.27803225232 0.21998446130640198 3.563525015607463e-05 0.026075148711675752 1.0821571121251905e-05 1.84443947080865e-06 7.6546957154122e-10 0.014486193728708751 6.011983956251058e-06 0.20549826757769324 3.613882959887103e-05
59852.27823487928 0.2201731846554078 3.564469239493665e-05 0.026530666370251837 1.0827555751576386e-05 1.8766607539322188e-06 7.658928975406505e-10 0.014739259094584354 6.01530875087577e-06 0.20543392556082346 3.614869341066171e-05
59852.27843750625 0.22013197431890347 3.5643761340199195e-05 0.026358808513623277 1.0826664083737952e-05 1.864504297313724e-06 7.658298249432804e-10 0.014643782507568487 6.014813379854417e-06 0.20548819181133499 3.614769290662344e-05
59852.27864013322 0.22014821284274436 3.5643100762189246e-05 0.026434180384870994 1.0826178135632643e-05 1.8698357665933506e-06 7.65795451146371e-10 0.014685655769372774 6.014543408684801e-06 0.20546255707337158 3.614699661601956e-05
59852.278842760184 0.22012380496469688 3.564167958050699e-05 0.026444850810579977 1.0825558365577226e-05 1.8705905448140081e-06 7.6575161138286e-10 0.014691583783655543 6.0141990919873475e-06 0.20543222118104135 3.6145537954740555e-05
59852.27904538715 0.2200269422194399 3.5636727268404274e-05 0.026211962235650747 1.0826416320845332e-05 1.8541170479741797e-06 7.658122993036914e-10 0.014562201242028193 6.014675733802962e-06 0.20546474097741171 3.6140734007286385e-05
59852.27924801412 0.2200524862650004 3.563819530729292e-05 0.026323825511123278 1.083541959653547e-05 1.8620297560816924e-06 7.664491507837379e-10 0.014624347506179598 6.019677553630817e-06 0.2054281387588208 3.614301429889934e-05
59852.27945064109 0.2200441973204751 3.56369669128416e-05 0.026453803605654285 1.0841502730273121e-05 1.871223825520926e-06 7.668794444743317e-10 0.014696557558696826 6.023057072373956e-06 0.20534763976177825 3.614236609913691e-05
59852.27965326806 0.22021525451664203 3.564986076661688e-05 0.026487067735544705 1.0833174941511992e-05 1.8735767813874643e-06 7.662903739203945e-10 0.01471503763085817 6.018430523062218e-06 0.20550021688578388 3.615430926791572e-05
59852.27985589502 0.22019429701009968 3.566113807155691e-05 0.02628586429069564 1.0824894908367839e-05 1.8593445490253105e-06 7.657046813853471e-10 0.014603257939275357 6.0138305046488e-06 0.20559103907082432 3.616466405066263e-05
59852.28005852199 0.22007947297278585 3.563956806894706e-05 0.026414039401699337 1.0828165502013051e-05 1.8684110834686841e-06 7.659360285611162e-10 0.01467446633427741 6.015647501118362e-06 0.20540500663850844 3.614369691936372e-05
59852.28026114896 0.2201954283867662 3.564578429554231e-05 0.026559818532340525 1.0829415078231436e-05 1.878722847575877e-06 7.660244179975277e-10 0.01475545474018918 6.016341710128575e-06 0.205439973646577 3.614994198636235e-05
59852.280463775925 0.22024117071117538 3.565979063470524e-05 0.026525826159501612 1.0827672654827578e-05 1.8763183790582168e-06 7.659011667541131e-10 0.014736570088612008 6.015373697126432e-06 0.20550460062256337 3.616359203435262e-05
59852.28066640289 0.22036525176517385 3.566374094033339e-05 0.026563369253173784 1.0829758894848356e-05 1.8789740096968337e-06 7.660487380482388e-10 0.014757427362874324 6.016532719360198e-06 0.20560782440229952 3.616768010008858e-05
59852.28086902986 0.2201275605289717 3.564300393245556e-05 0.026262578335666163 1.082439736942014e-05 1.8576974046486184e-06 7.656694877040551e-10 0.014590321297592312 6.0135540941223e-06 0.2055372392313794 3.614673653557092e-05
59852.28107165683 0.21999818190599235 3.563501477540794e-05 0.02605641696317708 1.0823820623743096e-05 1.8431144706458418e-06 7.656286912927625e-10 0.014475787201765043 6.0132336798572754e-06 0.2055223947042273 3.613880542204062e-05
