WASP80b/WASP80b_WLP8/Results/506090_radii/WASP80b_WLP8_nrca3_level3_asn_phot.ecsv
# %ECSV 0.9
# ---
# datatype:
# - {name: MJD, datatype: float64}
# - {name: aperture_sum, unit: Jy, datatype: float64}
# - {name: aperture_sum_err, unit: Jy, datatype: float64}
# - {name: annulus_sum, unit: Jy, datatype: float64}
# - {name: annulus_sum_err, unit: Jy, datatype: float64}
# - {name: annulus_mean, unit: Jy, datatype: float64}
# - {name: annulus_mean_err, unit: Jy, datatype: float64}
# - {name: aperture_bkg, unit: Jy, datatype: float64}
# - {name: aperture_bkg_err, unit: Jy, datatype: float64}
# - {name: net_aperture_sum, unit: Jy, datatype: float64}
# - {name: net_aperture_sum_err, unit: Jy, datatype: float64}
# meta: !!omap
# - {instrument: NIRCAM}
# - {detector: NRCA3}
# - {channel: SHORT}
# - {subarray: SUBGRISM256}
# - {filter: F210M}
# - {pupil: WLP8}
# - {target_name: UNKNOWN}
# - {xcenter: 1055.0}
# - {ycenter: 166.0}
# - ra_icrs: !numpy.ndarray
#     buffer: !!binary |
#       aE5BSnpLcnlja0E9
#     dtype: float64
#     order: C
#     shape: !!python/tuple []
# - dec_icrs: !numpy.ndarray
#     buffer: !!binary |
#       aHllR0pMQW5BY0E9
#     dtype: float64
#     order: C
#     shape: !!python/tuple []
# - {apertures: Photometry measured in a circular aperture of r=50.0 pixels.  Background calculated as the mean in a circular annulus
#     with r_inner=60.0 pixels and r_outer=90.0 pixels.}
# - {number_of_integrations: 1227}
# - __serialized_columns__:
#     annulus_mean:
#       __class__: astropy.units.quantity.Quantity
#       unit: &id001 !astropy.units.Unit {unit: Jy}
#       value: !astropy.table.SerializedColumn {name: annulus_mean}
#     annulus_mean_err:
#       __class__: astropy.units.quantity.Quantity
#       unit: *id001
#       value: !astropy.table.SerializedColumn {name: annulus_mean_err}
#     annulus_sum:
#       __class__: astropy.units.quantity.Quantity
#       unit: *id001
#       value: !astropy.table.SerializedColumn {name: annulus_sum}
#     annulus_sum_err:
#       __class__: astropy.units.quantity.Quantity
#       unit: *id001
#       value: !astropy.table.SerializedColumn {name: annulus_sum_err}
#     aperture_bkg:
#       __class__: astropy.units.quantity.Quantity
#       unit: *id001
#       value: !astropy.table.SerializedColumn {name: aperture_bkg}
#     aperture_bkg_err:
#       __class__: astropy.units.quantity.Quantity
#       unit: *id001
#       value: !astropy.table.SerializedColumn {name: aperture_bkg_err}
#     aperture_sum:
#       __class__: astropy.units.quantity.Quantity
#       unit: *id001
#       value: !astropy.table.SerializedColumn {name: aperture_sum}
#     aperture_sum_err:
#       __class__: astropy.units.quantity.Quantity
#       unit: *id001
#       value: !astropy.table.SerializedColumn {name: aperture_sum_err}
#     net_aperture_sum:
#       __class__: astropy.units.quantity.Quantity
#       unit: *id001
#       value: !astropy.table.SerializedColumn {name: net_aperture_sum}
#     net_aperture_sum_err:
#       __class__: astropy.units.quantity.Quantity
#       unit: *id001
#       value: !astropy.table.SerializedColumn {name: net_aperture_sum_err}
# schema: astropy-2.0
MJD aperture_sum aperture_sum_err annulus_sum annulus_sum_err annulus_mean annulus_mean_err aperture_bkg aperture_bkg_err net_aperture_sum net_aperture_sum_err
[from data line 618]
59852.323218066085 0.21315615246706016 3.4987932921258016e-05 0.025568999853439613 1.0783770550910854e-05 1.8086367629292719e-06 7.627957281538994e-10 0.014204999918577562 5.9909836393949185e-06 0.19895115254848258 3.5497145449598454e-05
59852.32342069306 0.21344708387541794 3.500432939609717e-05 0.02584062030149671 1.0716198723463934e-05 1.827849979352882e-06 7.580159991085973e-10 0.014355900167498173 5.9534437352577415e-06 0.19909118370791978 3.550699323766168e-05
59852.32362332002 0.2131287478974705 3.498455825667984e-05 0.025357025350180175 1.0712514397358903e-05 1.7936426340389658e-06 7.577553863478959e-10 0.014087236305655651 5.951396887421613e-06 0.19904151159181485 3.548715882296915e-05
59852.32382594699 0.21316525787092985 3.498801249581377e-05 0.02535326785480311 1.0712178375828729e-05 1.793376845611008e-06 7.577316176867792e-10 0.01408514880822395 5.951210208793738e-06 0.1990801090627059 3.549053284125882e-05
59852.32402857396 0.21326940781178486 3.4992709158795644e-05 0.02569596810723279 1.0715223799063211e-05 1.8176179296879077e-06 7.579470373141458e-10 0.01427553783735155 5.952902110590673e-06 0.1989938699744333 3.5495446719408045e-05
59852.324231200924 0.21340306864520117 3.500048956769394e-05 0.025970619611494467 1.0719585228579473e-05 1.8370455494794057e-06 7.582555453436835e-10 0.014428122006385815 5.955325126988596e-06 0.19897494663881535 3.55035233089111e-05
59852.3244338279 0.21314148546081174 3.498602471321897e-05 0.02547871235540667 1.071640043075125e-05 1.8022502288797862e-06 7.580302669805235e-10 0.014154840197448148 5.953555794861806e-06 0.1989866452633636 3.548896662114158e-05
59852.32463645486 0.21330564262004248 3.4995282249003994e-05 0.025612484540974787 1.0714802013965952e-05 1.811712675360396e-06 7.57917202121634e-10 0.014229158078319325 5.9526677855366395e-06 0.19907648454172316 3.549794407359981e-05
59852.324839081826 0.21318470608873427 3.4987459567766826e-05 0.025422377512380395 1.0713199152259176e-05 1.798265353886036e-06 7.57803822848867e-10 0.014123543062433552 5.951777306810654e-06 0.19906116302630072 3.549008284177405e-05
59852.3250417088 0.21337772953781525 3.49984461844724e-05 0.0258191683754503 1.0716926496606196e-05 1.8263325659888248e-06 7.580674785277264e-10 0.014343982430805721 5.953848053670109e-06 0.19903374710700952 3.5501261132157006e-05
59852.32524433576 0.21313258114998715 3.498644930477791e-05 0.025378756916679457 1.0712693845736839e-05 1.7951798279187395e-06 7.57768079724064e-10 0.014099309398155253 5.951496580964911e-06 0.1990332717518319 3.5489039808214476e-05
59852.32544696273 0.21316031405514077 3.498759007988636e-05 0.02563163939863311 1.0736216277908909e-05 1.813067604373971e-06 7.594319514368323e-10 0.014239799665907283 5.964564598838282e-06 0.1989205143892335 3.5492358197954064e-05
59852.3256495897 0.21317936306207746 3.4988802580568625e-05 0.02571937683250963 1.1034081349427126e-05 1.8192737582831472e-06 7.805015952175192e-10 0.014288542684727571 6.130045194126182e-06 0.1988908203773499 3.552173644550665e-05
59852.325852216665 0.21316042112262193 3.498812821760489e-05 0.02535180025869168 1.0711583287371827e-05 1.793273034421854e-06 7.576895237892268e-10 0.014084333477050933 5.95087960409546e-06 0.199076087645571 3.549059148892843e-05
59852.32605484364 0.21303365506922117 3.498050308224861e-05 0.02520864624653347 1.0709851772950119e-05 1.7831469594625578e-06 7.575670441984491e-10 0.014004803470296371 5.949917651638955e-06 0.1990288515989248 3.5482913013850616e-05
59852.3262574706 0.21313742754270484 3.498670373731434e-05 0.025422891681286593 1.0711863304144073e-05 1.7983017238962608e-06 7.577093309240942e-10 0.014123828711825884 5.951035168968929e-06 0.19901359883087896 3.54892132624113e-05
59852.32646009757 0.21302470534545453 3.498047630504837e-05 0.025204733357236147 1.0710762503655903e-05 1.782870179163251e-06 7.576314652178496e-10 0.01400262964290897 5.950423613142168e-06 0.19902207570254557 3.548297146102466e-05
59852.32666272454 0.21317693136036253 3.498775208294338e-05 0.02554522178508331 1.0714591349331955e-05 1.8069548086554574e-06 7.579023006470406e-10 0.014191789880601838 5.952550749628864e-06 0.1989851414797607 3.5490500929747614e-05
59852.326865351504 0.21317638941382736 3.4861162690148514e-05 0.025423446158824005 1.0666344643475572e-05 1.7983409451588888e-06 7.544895443248432e-10 0.014124136754902225 5.925747024153095e-06 0.19905225265892512 3.536120956504828e-05
59852.32706797847 0.21308092421249306 3.4853554994090344e-05 0.02545061230040284 1.0670276819174861e-05 1.800262556588669e-06 7.5476768885802e-10 0.014139229055779353 5.927931566208256e-06 0.1989416951567137 3.535407569686596e-05
59852.32727060544 0.21307633168209275 3.4853347356579426e-05 0.025456788680674643 1.0667755249352759e-05 1.8006994461223013e-06 7.545893242795582e-10 0.014142660378152578 5.926530694084866e-06 0.19893367130394018 3.5353636135853295e-05
59852.327473232406 0.21317487422776057 3.485906125660949e-05 0.025493624124875235 1.0667307647431644e-05 1.8033050208003057e-06 7.545576629203214e-10 0.014163124513819575 5.926282026350913e-06 0.199011749713941 3.535922751344976e-05
59852.32767585938 0.21314312464283577 3.485833956363362e-05 0.02541923947418209 1.0665742025264059e-05 1.7980433830900933e-06 7.544469178061057e-10 0.014121799707878939 5.9254122362578105e-06 0.19902132493495683 3.535837025801923e-05
59852.32787848634 0.21329366711125203 3.486449029445705e-05 0.0257724011645813 1.0671978248017551e-05 1.8230244625290817e-06 7.548880403294125e-10 0.01431800064698961 5.9288768044541946e-06 0.19897566646426243 3.5365014684779716e-05
59852.32808111331 0.2132301855813546 3.486188986346763e-05 0.025698379853200188 1.0669577419157977e-05 1.8177885258177713e-06 7.547182164269596e-10 0.014276877696222327 5.92754301064332e-06 0.19895330788513227 3.536222746088789e-05
59852.32828374028 0.21323460195536162 3.4863765928302114e-05 0.025648246033151585 1.0668603245247082e-05 1.8142422834725204e-06 7.546493077188041e-10 0.014249025573973104 5.927001802915045e-06 0.19898557638138853 3.5363986272409927e-05
59852.328486367245 0.21317272278222404 3.485946440009676e-05 0.025522853045794776 1.0668096805893727e-05 1.8053725440205666e-06 7.546134844625985e-10 0.014179362803219318 5.926720447718738e-06 0.19899335997900472 3.535969843659616e-05
59852.32868899421 0.21334504510732605 3.486742702301296e-05 0.026082324292845502 1.0687481189183628e-05 1.8449470393476377e-06 7.559846490934321e-10 0.014490180162691945 5.93748954954646e-06 0.1988548649446341 3.5369354664117187e-05
59852.32889162118 0.21334658676181179 3.4868105155834e-05 0.025848426810046815 1.0673185344209724e-05 1.8284021768746767e-06 7.549734249186445e-10 0.014360237116692674 5.929547413449847e-06 0.1989863496451191 3.536869081103579e-05
59852.32909424815 0.2132373288665878 3.486294882672912e-05 0.025887101832670383 1.0720933587494522e-05 1.8311378751078908e-06 7.583509222265244e-10 0.014381723240372435 5.956074215274734e-06 0.19885560562621538 3.5368064987400624e-05
59852.32929687512 0.21305808395539527 3.4852482877453136e-05 0.025356965980501096 1.0664994716178902e-05 1.7936384344932346e-06 7.543940565016968e-10 0.014087203322500609 5.9249970645438345e-06 0.19897088063289467 3.5352526825363095e-05
59852.329499502084 0.21292519765485185 3.484467104039853e-05 0.025360199696597648 1.0665059101163605e-05 1.7938671731160445e-06 7.543986108077306e-10 0.014088999831443138 5.92503283397978e-06 0.19883619782340872 3.5344831503309314e-05
59852.32970212905 0.21337984240711205 3.487041792733303e-05 0.0258140625802828 1.0679030964609205e-05 1.8259714048602373e-06 7.553869179773184e-10 0.01434114587793489 5.9327949803384474e-06 0.19903869652917716 3.537151541432171e-05
59852.32990475602 0.21310368352553294 3.485562734000356e-05 0.025347634540029237 1.0664949192681604e-05 1.7929783701033394e-06 7.543908363729759e-10 0.01408201918890513 5.924971773712002e-06 0.1990216643366278 3.535562257667778e-05
59852.330107382986 0.21311440096056658 3.485690823325895e-05 0.025379576894350244 1.0666047454085328e-05 1.7952378294740866e-06 7.544685224757358e-10 0.01409976494130569 5.925581918936293e-06 0.1990146360192609 3.535698760725892e-05
59852.33031000995 0.2131188661881253 3.485521756631403e-05 0.025561005854765596 1.066734474963705e-05 1.808071303194143e-06 7.545602873644947e-10 0.014200558808203109 5.9263026386872494e-06 0.1989183073799222 3.535544165415555e-05
59852.33051263692 0.21297827322539 3.484755068463513e-05 0.025387086204036444 1.0666330632471853e-05 1.7957690044766494e-06 7.544885532490657e-10 0.014103936780020246 5.9257392402621405e-06 0.19887433644536975 3.534778881714946e-05
59852.33071526389 0.2132861393011897 3.4865055818923145e-05 0.025738911806755103 1.067014805951348e-05 1.8206555750450762e-06 7.547585809750957e-10 0.014299395448197279 5.9278600330630444e-06 0.19898674385299242 3.536540176257316e-05
59852.33091789085 0.21323904525982704 3.486298857993437e-05 0.025693657281299104 1.06694782133759e-05 1.8174544721901428e-06 7.547111990533594e-10 0.01427425404516617 5.927487896319944e-06 0.19896479121466087 3.536330139403918e-05
59852.331120517825 0.21310083439556882 3.485392374863102e-05 0.025813296244760708 1.0979308450528209e-05 1.8259171977107227e-06 7.766272051698589e-10 0.014340720135978171 6.0996158058490045e-06 0.19876011425959064 3.5383630588936865e-05
59852.33132314479 0.2131259953518556 3.485565743856821e-05 0.02561727980920841 1.0668572585208018e-05 1.812051871201655e-06 7.54647138964683e-10 0.014231822116226894 5.92698476956001e-06 0.19889417323562872 3.535598964720705e-05
59852.33152577176 0.21318721495188825 3.486055103283377e-05 0.02556319432734549 1.067127128630563e-05 1.808226105962548e-06 7.548380330178441e-10 0.01420177462630305 5.928484047947572e-06 0.1989854403255852 3.536106533207924e-05
59852.33172839873 0.2130515835300125 3.485249481228697e-05 0.025357451325511572 1.0665898046262036e-05 1.7936727656299112e-06 7.544579540341297e-10 0.01408747295861754 5.92549891459002e-06 0.19896411057139496 3.5352622703659446e-05
59852.33193102569 0.21333921025146127 3.4867870398228525e-05 0.02583625669875239 1.0670039748466315e-05 1.8275413175989052e-06 7.547509195357411e-10 0.014353475943751328 5.9277998602590635e-06 0.19898573430770994 3.536816643948267e-05
59852.332133652664 0.2131357244517518 3.485785972083973e-05 0.025535269913351772 1.0666674327170731e-05 1.806250857731417e-06 7.545128646758393e-10 0.014186261062973207 5.925930181761517e-06 0.19894946338877859 3.535798400413763e-05
59852.33233627963 0.21323654942952006 3.4861957130151256e-05 0.025681223218572594 1.0668544629281043e-05 1.8165749421698587e-06 7.546451614873644e-10 0.01426734623254033 5.926969238489468e-06 0.19896920319697972 3.536219760278629e-05
59852.332538906594 0.21318184796311285 3.4860411417111935e-05 0.025503745135736396 1.066775396846731e-05 1.8040209358703683e-06 7.545892336754468e-10 0.014168747297631332 5.9265299824818386e-06 0.1990131006654815 3.536060013353229e-05
59852.332741533566 0.21315182895503337 3.485632800858556e-05 0.025670692346607554 1.0684379284622149e-05 1.8158300353572792e-06 7.557652342294504e-10 0.014261495748115307 5.935766269234527e-06 0.19889033320691807 3.535812386772082e-05
59852.33294416053 0.21313583152154653 3.485730214653796e-05 0.02555437162391433 1.0668826619347926e-05 1.807602027356991e-06 7.546651082042743e-10 0.01419687312439685 5.927125899637737e-06 0.19893895839714967 3.535763473940524e-05
59852.3331467875 0.21320202604467323 3.485967875054479e-05 0.025778583945217648 1.0677561727564592e-05 1.8234618047958939e-06 7.552829907158855e-10 0.014321435525120914 5.931978737535885e-06 0.1988805905195523 3.536079148341793e-05
59852.33334941447 0.21316523732671355 3.485833293033674e-05 0.025507444530331595 1.0667988510064507e-05 1.804282614508712e-06 7.546058240996933e-10 0.014170802516850886 5.92666028336917e-06 0.19899443480986267 3.535857288970617e-05
59852.33355204143 0.21310718285597863 3.485570944628288e-05 0.02524406992176028 1.0663773308767618e-05 1.7856526719135929e-06 7.543076596007923e-10 0.01402448328986682 5.9243185048708985e-06 0.1990826995661118 3.5355594051731745e-05
59852.333754668405 0.21310906441817073 3.485607478279702e-05 0.025591117147703867 1.0676680785768104e-05 1.810201241467038e-06 7.552206768307799e-10 0.014217287304279926 5.931489325426724e-06 0.1988917771138908 3.535715648750037e-05
59852.33395729537 0.213055482834777 3.48533550037975e-05 0.0254348679002202 1.0665745021482448e-05 1.799148868093076e-06 7.544471297452022e-10 0.014130482166788999 5.925413900823581e-06 0.198925000667988 3.535345647764599e-05
59852.334159922335 0.2130699526737854 3.4852484606616504e-05 0.025935977784902486 1.1052610266933369e-05 1.8345951415061408e-06 7.818122480225237e-10 0.014408876547168048 6.140339037185205e-06 0.19866107612661735 3.5389256092012176e-05
59852.33436254931 0.21304875427549813 3.485209971559736e-05 0.025215012399050482 1.0666372437399129e-05 1.7835972726365842e-06 7.544915103427642e-10 0.01400834022169471 5.925762465221739e-06 0.19904041405380343 3.535227737190594e-05
59852.33456517627 0.2130320879354539 3.48516368154205e-05 0.025250246677164856 1.0663533674979797e-05 1.7860895879824409e-06 7.542907089777418e-10 0.014027914820647141 5.924185374988776e-06 0.19900417311480675 3.53515566994044e-05
59852.334767803244 0.2129800118756125 3.4848869711295226e-05 0.025249240584763254 1.06645127735793e-05 1.7860184215029198e-06 7.543599660363574e-10 0.014027355880424029 5.9247293186551665e-06 0.19895265599518847 3.534891989374162e-05
59852.33497043021 0.21335617424485107 3.48689714681918e-05 0.025829924609485154 1.0671242702785976e-05 1.827093413906914e-06 7.548360111474246e-10 0.01434995811638064 5.9284681682144304e-06 0.19900621612847041 3.536936394778828e-05
59852.335173057174 0.21345413946342046 3.4877605702264364e-05 0.026024809101563157 1.0741964898515903e-05 1.8408786717940996e-06 7.598385831637492e-10 0.014458227278646199 5.967758276953279e-06 0.19899591218477425 3.538448132126241e-05
59852.335375684146 0.21323614410140182 3.486342227663142e-05 0.025719312339633954 1.0670142690801708e-05 1.8192691963453882e-06 7.547582012164217e-10 0.014288506855352196 5.927857050445393e-06 0.19894763724604964 3.536379083256255e-05
59852.33557831111 0.2131460887122354 3.48560370975552e-05 0.02560215877053039 1.0667892802049143e-05 1.810982276512637e-06 7.545990541424761e-10 0.01422342153918355 5.926607112249524e-06 0.19892266717305185 3.535630062674983e-05
59852.335780938076 0.2131022229085279 3.4854781035025854e-05 0.025511755037665354 1.0667862282580834e-05 1.8045875205306681e-06 7.545968953317019e-10 0.014173197243147417 5.926590156989352e-06 0.19892902566538048 3.535505949490852e-05
59852.33598356505 0.21335732540385136 3.487876322886311e-05 0.025643727221289325 1.0669200858444925e-05 1.8139226429192843e-06 7.546915802052458e-10 0.014246515122938513 5.927333810247181e-06 0.19911081028091285 3.537882714948579e-05
59852.33618619201 0.21319821239724052 3.486056919284674e-05 0.025607026764733035 1.0668651981564943e-05 1.8113266166638787e-06 7.54652755108091e-10 0.014226125980407242 5.92702887864719e-06 0.19897208641683328 3.536083929684889e-05
59852.33638881898 0.21337780412090485 3.4869757852079765e-05 0.02584428558912607 1.0671366411234385e-05 1.8281092454169112e-06 7.548447617301209e-10 0.01435793643840337 5.928536895130214e-06 0.19901986768250146 3.537015072599491e-05
59852.33659144595 0.2129834078263581 3.484849538208065e-05 0.025210505980400925 1.0663300712196806e-05 1.7832785087238205e-06 7.542742302317555e-10 0.01400583665577829 5.9240559512204485e-06 0.19897757117057982 3.5348438003794266e-05
59852.336794072915 0.21300100387424836 3.485019644422456e-05 0.025252072110373718 1.0665102695087648e-05 1.7862187109684295e-06 7.544016944470641e-10 0.01402892895020762 5.925057052826471e-06 0.19897207492404073 3.5350282789254895e-05
