WASP80b/WASP80b_WLP8/Results/506090_radii/WASP80b_WLP8_nrca3_level3_asn_phot.ecsv
# %ECSV 0.9
# ---
# datatype:
# - {name: MJD, datatype: float64}
# - {name: aperture_sum, unit: Jy, datatype: float64}
# - {name: aperture_sum_err, unit: Jy, datatype: float64}
# - {name: annulus_sum, unit: Jy, datatype: float64}
# - {name: annulus_sum_err, unit: Jy, datatype: float64}
# - {name: annulus_mean, unit: Jy, datatype: float64}
# - {name: annulus_mean_err, unit: Jy, datatype: float64}
# - {name: aperture_bkg, unit: Jy, datatype: float64}
# - {name: aperture_bkg_err, unit: Jy, datatype: float64}
# - {name: net_aperture_sum, unit: Jy, datatype: float64}
# - {name: net_aperture_sum_err, unit: Jy, datatype: float64}
# meta: !!omap
# - {instrument: NIRCAM}
# - {detector: NRCA3}
# - {channel: SHORT}
# - {subarray: SUBGRISM256}
# - {filter: F210M}
# - {pupil: WLP8}
# - {target_name: UNKNOWN}
# - {xcenter: 1055.0}
# - {ycenter: 166.0}
# - ra_icrs: !numpy.ndarray
#     buffer: !!binary |
#       aE5BSnpLcnlja0E9
#     dtype: float64
#     order: C
#     shape: !!python/tuple []
# - dec_icrs: !numpy.ndarray
#     buffer: !!binary |
#       aHllR0pMQW5BY0E9
#     dtype: float64
#     order: C
#     shape: !!python/tuple []
# - {apertures: Photometry measured in a circular aperture of r=50.0 pixels.  Background calculated as the mean in a circular annulus
#     with r_inner=60.0 pixels and r_outer=90.0 pixels.}
# - {number_of_integrations: 1227}
# - __serialized_columns__:
#     annulus_mean:
#       __class__: astropy.units.quantity.Quantity
#       unit: &id001 !astropy.units.Unit {unit: Jy}
#       value: !astropy.table.SerializedColumn {name: annulus_mean}
#     annulus_mean_err:
#       __class__: astropy.units.quantity.Quantity
#       unit: *id001
#       value: !astropy.table.SerializedColumn {name: annulus_mean_err}
#     annulus_sum:
#       __class__: astropy.units.quantity.Quantity
#       unit: *id001
#       value: !astropy.table.SerializedColumn {name: annulus_sum}
#     annulus_sum_err:
#       __class__: astropy.units.quantity.Quantity
#       unit: *id001
#       value: !astropy.table.SerializedColumn {name: annulus_sum_err}
#     aperture_bkg:
#       __class__: astropy.units.quantity.Quantity
#       unit: *id001
#       value: !astropy.table.SerializedColumn {name: aperture_bkg}
#     aperture_bkg_err:
#       __class__: astropy.units.quantity.Quantity
#       unit: *id001
#       value: !astropy.table.SerializedColumn {name: aperture_bkg_err}
#     aperture_sum:
#       __class__: astropy.units.quantity.Quantity
#       unit: *id001
#       value: !astropy.table.SerializedColumn {name: aperture_sum}
#     aperture_sum_err:
#       __class__: astropy.units.quantity.Quantity
#       unit: *id001
#       value: !astropy.table.SerializedColumn {name: aperture_sum_err}
#     net_aperture_sum:
#       __class__: astropy.units.quantity.Quantity
#       unit: *id001
#       value: !astropy.table.SerializedColumn {name: net_aperture_sum}
#     net_aperture_sum_err:
#       __class__: astropy.units.quantity.Quantity
#       unit: *id001
#       value: !astropy.table.SerializedColumn {name: net_aperture_sum_err}
# schema: astropy-2.0
MJD aperture_sum aperture_sum_err annulus_sum annulus_sum_err annulus_mean annulus_mean_err aperture_bkg aperture_bkg_err net_aperture_sum net_aperture_sum_err
[from data line 206]
59852.23973575544 0.22015437315140307 3.5642776500925986e-05 0.026500192746186597 1.0827578064245792e-05 1.874505185974927e-06 7.658944758391525e-10 0.014722329303436999 6.015321146803217e-06 0.20543204384796607 3.61468062931449e-05
59852.23993838241 0.22005318381688987 3.563745908306537e-05 0.026170393909539118 1.0822225304174608e-05 1.8511766903845255e-06 7.655158455171465e-10 0.014539107727521731 6.012347391208116e-06 0.20551407608936814 3.614106820570921e-05
59852.24014100937 0.22039376650346965 3.5659925325376305e-05 0.026762941374897185 1.0829374030771342e-05 1.8930908495526632e-06 7.66021514483672e-10 0.014868300763831768 6.016318905984078e-06 0.20552546573963787 3.6163882084061656e-05
59852.240343636346 0.22013315567518382 3.564416907233089e-05 0.02639955091205807 1.0824511549504264e-05 1.867386232471198e-06 7.65677564292851e-10 0.014666417173365594 6.0136175275023685e-06 0.20546673850181824 3.614789599166172e-05
59852.24054626331 0.22006471535956973 3.563708737812953e-05 0.02642023609415153 1.0825770800970581e-05 1.868849409795167e-06 7.657666381130555e-10 0.014677908941195294 6.014317111650322e-06 0.20538680641837442 3.6141029414170384e-05
59852.240748890275 0.2200006815766738 3.563439841807382e-05 0.026151129134273435 1.0821567055622763e-05 1.8498139862907087e-06 7.654692839567868e-10 0.014528405074596351 6.011981697568202e-06 0.20547227650207744 3.6137989354001376e-05
59852.24095151725 0.2199727921433188 3.5633015746817345e-05 0.026279196750687232 1.0824917180331768e-05 1.8588729170472655e-06 7.657062568045256e-10 0.014599553750381796 6.013842877962093e-06 0.205373238392937 3.613693563895185e-05
59852.24115414421 0.22008346862512174 3.563883891642256e-05 0.026412218996991685 1.0830977096080047e-05 1.8682823161763948e-06 7.661349081583297e-10 0.014673454998328712 6.0172094978222486e-06 0.20541001362679304 3.6143237949184874e-05
59852.24135677118 0.22027670272596994 3.5691536561891287e-05 0.026305568669184043 1.082838046211488e-05 1.8607383486861916e-06 7.659512338779045e-10 0.014614204816213356 6.015766923397156e-06 0.20566249790975658 3.619496144251934e-05
59852.24155939815 0.22011257814252927 3.5640174028860805e-05 0.02636630654543579 1.0826895962476402e-05 1.8650346745699114e-06 7.658462270088013e-10 0.014647948080797661 6.014942201375778e-06 0.2054646300617316 3.614417704822418e-05
59852.241762025114 0.22009360258735244 3.5641571826148674e-05 0.02609075583097731 1.0821935252000631e-05 1.8455434486683247e-06 7.654953285228162e-10 0.01449486435054295 6.012186251111461e-06 0.2055987382368095 3.614509684253964e-05
59852.24196465209 0.22010222375203614 3.56409957000801e-05 0.026363349198012465 1.0826531556600046e-05 1.8648254850317503e-06 7.658204505659064e-10 0.014646305110006924 6.014739753666693e-06 0.20545591864202922 3.6144953573043456e-05
59852.24216727905 0.22015060048645851 3.56434485105422e-05 0.026530854330500557 1.0912219690463258e-05 1.8766740494000805e-06 7.718816461519731e-10 0.014739363516944754 6.0623442724795876e-06 0.20541123696951377 3.6155323809941726e-05
59852.24236990602 0.2201253038399813 3.5641139416013984e-05 0.026393333113121854 1.0826328377640478e-05 1.8669464131663757e-06 7.658060785944631e-10 0.014662962840623251 6.0146268764669325e-06 0.20546234099935806 3.614507650199213e-05
59852.24257253299 0.2201410160407267 3.5642626852837204e-05 0.026465216310494137 1.0828779771686586e-05 1.8720311092495087e-06 7.659794792521983e-10 0.01470289795027452 6.015988762048104e-06 0.20543811809045218 3.614676983847493e-05
59852.24277515995 0.22001048862721856 3.563605083738575e-05 0.026312109504771943 1.0825362070146936e-05 1.8612010181598653e-06 7.657377263215101e-10 0.014617838613762191 6.0140900389705196e-06 0.20539265001345636 3.6139969539024044e-05
59852.24297778692 0.21994646164056408 3.563117485774615e-05 0.0260648178184531 1.0823412592622863e-05 1.8437087095984546e-06 7.655998289951089e-10 0.014480454343585056 6.01300699590159e-06 0.20546600729697903 3.6134981318329795e-05
59852.24318041389 0.22003667222792223 3.563725043231112e-05 0.026196601246958613 1.0823074936217987e-05 1.8530304802936766e-06 7.655759446902633e-10 0.014553667359421452 6.012819409009993e-06 0.20548300486850077 3.6140940989695136e-05
59852.243383040855 0.2199763911073117 3.5632959699618996e-05 0.02619168142560948 1.0823482792070605e-05 1.8526824741217462e-06 7.656047945902692e-10 0.0145509341253386 6.0130459955947806e-06 0.20542545698197312 3.613674776594886e-05
59852.24358566783 0.22016390081451376 3.564390143810286e-05 0.026460931514127504 1.0826098243325771e-05 1.8717280219064457e-06 7.657897999216805e-10 0.014700517507848614 6.014499024069873e-06 0.20546338330666514 3.614777874558447e-05
59852.24378829479 0.22007784370712236 3.564197561350617e-05 0.026231715739395613 1.0823277133503118e-05 1.8555143225361263e-06 7.655902472224448e-10 0.014573175410775342 6.012931740835065e-06 0.205504668296347 3.6145619011903924e-05
59852.24399092176 0.2203009458126716 3.56518037558232e-05 0.026556928710700686 1.0829017505530661e-05 1.8785184345098173e-06 7.659962954817203e-10 0.014753849283722602 6.016120836405922e-06 0.20554709652894898 3.615584075861003e-05
59852.24419354873 0.22010964762383328 3.5641460522461094e-05 0.026375062226919484 1.0825597958952476e-05 1.865654012342475e-06 7.657544120412532e-10 0.014652812348288602 6.014221088306931e-06 0.20545683527554467 3.614532561028035e-05
59852.244396175694 0.22017308145183576 3.564481256578582e-05 0.026331890431480418 1.0825693684336336e-05 1.862600232499684e-06 7.657611832270401e-10 0.01462882801748912 6.014274269075742e-06 0.20554425343434662 3.614863977847119e-05
59852.24459880266 0.2200556782462029 3.563727201218301e-05 0.026251579847043904 1.0826272746688852e-05 1.8569194207238306e-06 7.658021435096008e-10 0.014584211026135501 6.014595970382696e-06 0.2054714672200674 3.614125788011904e-05
59852.24480142963 0.22008325126951606 3.5639455123938566e-05 0.026241087231675033 1.0824449906426438e-05 1.8561772200118672e-06 7.65673203937054e-10 0.014578381795375019 6.0135832813480206e-06 0.20550486947414104 3.614324204347113e-05
59852.2450040566 0.22004474400102184 3.5638275551185303e-05 0.026065924543145727 1.0823227905884345e-05 1.8437869943564428e-06 7.655867650807272e-10 0.014481069190636514 6.012904392157969e-06 0.20556367481038532 3.6141965960520805e-05
59852.24520668356 0.2202043744008345 3.5646895526794055e-05 0.026459249380971914 1.082753977673442e-05 1.871609035325712e-06 7.658917675517332e-10 0.014699582989428842 6.015299875963566e-06 0.20550479141140568 3.61508643506063e-05
59852.24540931053 0.22017598860910575 3.564469768372166e-05 0.02647599170122611 1.0827114850159397e-05 1.8727933122267266e-06 7.658617101451261e-10 0.01470888427845895 6.015063805644109e-06 0.2054671043306468 3.6148657866508434e-05
59852.2456119375 0.2201958020169749 3.564542027479752e-05 0.0264777186620082 1.0827353871993567e-05 1.872915469713391e-06 7.658786174813105e-10 0.014709843701115666 6.015196595551981e-06 0.20548595831585922 3.6149392479681956e-05
59852.24581456447 0.22018226128663865 3.564456573041142e-05 0.026417381260923894 1.0829143621767762e-05 1.8686474716529975e-06 7.660052163806265e-10 0.014676322922735496 6.01619090098209e-06 0.20550593836390316 3.614871531696085e-05
59852.246017191435 0.22033692045022274 3.565492203840816e-05 0.026729647296504642 1.0834244492170341e-05 1.8907357752629468e-06 7.66366029153356e-10 0.01484980405361369 6.019024717872412e-06 0.20548711639660905 3.615939883514828e-05
59852.2462198184 0.21996060195132028 3.5631894496221896e-05 0.026029809683992898 1.0821203302810617e-05 1.8412323906438914e-06 7.654435537087349e-10 0.014461005379996053 6.011779612672564e-06 0.20549959657132422 3.613548670630069e-05
59852.24642244537 0.21999686931779475 3.563504649938442e-05 0.026189501776520192 1.0823175708073394e-05 1.852528295487628e-06 7.655830728408911e-10 0.014549723209177886 6.012875393374108e-06 0.20544714610861686 3.613877708929196e-05
59852.24662507234 0.220064679842896 3.563859693863146e-05 0.026380667626852546 1.0825438032886974e-05 1.8660505132790766e-06 7.65743099586207e-10 0.014655926459362525 6.014132240492763e-06 0.20540875338353345 3.614248716345302e-05
59852.2468276993 0.2201776997695353 3.564518657525233e-05 0.026428474580138153 1.082840795389466e-05 1.8694321634699956e-06 7.65953178523525e-10 0.014682485877854529 6.015782196608144e-06 0.20549521389168077 3.614925948648985e-05
59852.247030326274 0.22002264008999856 3.563712996975719e-05 0.026189438462933815 1.0823806945599223e-05 1.8525238169675228e-06 7.656277237620026e-10 0.01454968803496323 6.013226080888457e-06 0.20547295205503532 3.614088986703625e-05
59852.24723295324 0.22018053211028765 3.5644880580854524e-05 0.026440477287432707 1.0826690868177045e-05 1.8702811813350682e-06 7.658317195547824e-10 0.014689154048573724 6.0148282600983575e-06 0.20549137806171391 3.614879902046343e-05
59852.24743558021 0.22020776838619982 3.565132062593781e-05 0.026440551497295135 1.0830060967273449e-05 1.8702864306090379e-06 7.660701053014057e-10 0.014689195276275074 6.016700537374138e-06 0.20551857310992475 3.6155460828619746e-05
59852.247638207176 0.21997859569370126 3.563268365051412e-05 0.026109743011541196 1.082292773852937e-05 1.8468865169537115e-06 7.655655325837055e-10 0.014505412784189552 6.012737632516317e-06 0.20547318290951172 3.6136424255522214e-05
59852.24784083414 0.2203078032275645 3.5652451690531444e-05 0.02681976013613401 1.0833859283191308e-05 1.8971099547576406e-06 7.66338781191962e-10 0.014899866742296672 6.018810712884059e-06 0.2054079364852678 3.615692732994891e-05
59852.24804346111 0.22008139816080619 3.5639869660962705e-05 0.026253276752344318 1.082394029300206e-05 1.8570394522200616e-06 7.656371561612515e-10 0.014585153751302399 6.013300162778922e-06 0.2054962444095038 3.6143603698276776e-05
59852.24824608808 0.2200632086341715 3.563831434582281e-05 0.026208443860100003 1.0824539993153838e-05 1.8538681738139332e-06 7.656795762694863e-10 0.014560246588944446 6.01363332952991e-06 0.20550296204522706 3.6142125494133755e-05
59852.24844871504 0.2214549106702911 3.7426891630939915e-05 0.026314522424572113 1.0829070017267989e-05 1.8613716973214126e-06 7.660000099273052e-10 0.014619179124762285 6.016150009593327e-06 0.2068357315455288 3.7907338050726404e-05
59852.248651342015 0.2201551447295474 3.564439562469109e-05 0.026462985669297556 1.0827310069791645e-05 1.871873323661642e-06 7.658755191093309e-10 0.01470165870516531 6.015172260995359e-06 0.20545348602438207 3.614837806567461e-05
59852.24885396898 0.22005796674210848 3.563857253611515e-05 0.026357843394298492 1.0834582482626155e-05 1.864436029086518e-06 7.663899370874719e-10 0.014643246330165827 6.019212490347863e-06 0.20541472041194264 3.614330880558531e-05
59852.24905659595 0.22051062575295552 3.575858658930429e-05 0.02641903637046124 1.0827397038363128e-05 1.8687645467037653e-06 7.658816708773509e-10 0.014677242428034023 6.015220576868404e-06 0.2058333833249215 3.6260989967913914e-05
59852.24925922292 0.22003307052132276 3.563597301895639e-05 0.02628748437422533 1.0825568065306597e-05 1.8594591464928535e-06 7.657522974983604e-10 0.01460415798568074 6.014204480725887e-06 0.20542891253564202 3.613991185024904e-05
59852.24946184988 0.2199458461909599 3.5632905429083455e-05 0.026199354593566784 1.0823456684733281e-05 1.8532252397260037e-06 7.656029478739198e-10 0.014555196996425991 6.01303149151849e-06 0.2053906491945339 3.613669183857314e-05
59852.249664476854 0.2203277815881106 3.565335105670952e-05 0.026550733906688773 1.0829603859152973e-05 1.878080241763159e-06 7.660377715161163e-10 0.014750407725938207 6.016446588418319e-06 0.20557737386217237 3.615742069235941e-05
59852.24986710382 0.220267306342176 3.564895647786995e-05 0.02655346728564901 1.082751045969693e-05 1.8782735887733212e-06 7.658896937955407e-10 0.014751926269805005 6.015283588720517e-06 0.205515380072371 3.615289386223178e-05
59852.250069730784 0.2200390902715928 3.563610495972535e-05 0.02625134927205138 1.0824261036848106e-05 1.8569031108794692e-06 7.656598441472801e-10 0.014584082928917434 6.013478353804503e-06 0.20545500734267536 3.613992112072517e-05
59852.250272357756 0.2202827524737962 3.5651214455746863e-05 0.026653254161550545 1.0843055426514433e-05 1.885332066353511e-06 7.669892752662984e-10 0.014807363423083636 6.023919681396907e-06 0.20547538905071255 3.6156558194850006e-05
59852.25047498472 0.2203397474498297 3.565457941765099e-05 0.026560813383293042 1.0830239401356276e-05 1.878793218885536e-06 7.660827269308714e-10 0.0147560074351628 6.016799667420153e-06 0.2055837400146669 3.615869067993819e-05
59852.25067761169 0.22004297889427668 3.5637976695804614e-05 0.026198302570608234 1.0824312376705239e-05 1.8531508243241816e-06 7.656634756992981e-10 0.014554612539226795 6.013506875947355e-06 0.20548836635504988 3.6141771510508154e-05
59852.25088023866 0.21996160737458786 3.563254506431225e-05 0.026056076549880923 1.0822462432742375e-05 1.8430903913308296e-06 7.655326189321279e-10 0.014475598083267179 6.012479129301319e-06 0.2054860092913207 3.613624458961566e-05
59852.25108286562 0.22022035119885197 3.564750113485394e-05 0.026443426029876038 1.0827068438063247e-05 1.8704897621954065e-06 7.658584271608944e-10 0.01469079223882002 6.0150380211462485e-06 0.20552955896003194 3.6151417946676007e-05
59852.251285492595 0.22013246323592886 3.5643016852031385e-05 0.02635578230745088 1.0827810154969613e-05 1.864290237015434e-06 7.659108928995712e-10 0.014642101281917154 6.01545008609423e-06 0.2054903619540117 3.614706475016311e-05
59852.25148811956 0.22024950569634932 3.5647626620826075e-05 0.02660330910050154 1.0829946270068476e-05 1.8817991759761883e-06 7.660619921337922e-10 0.014779616166945298 6.016636816704709e-06 0.20546988952940404 3.615180773186805e-05
59852.251690746525 0.22019237314773027 3.564544355047583e-05 0.02643535819244705 1.0826092036831767e-05 1.869919079436791e-06 7.657893609020361e-10 0.014686310106915028 6.014495576017649e-06 0.20550606304081523 3.6149298789106476e-05
59852.2518933735 0.22022342260679642 3.564729091286556e-05 0.02653262321706709 1.0827348992838702e-05 1.8767991725293394e-06 7.658782723517039e-10 0.014740346231703939 6.01519388491039e-06 0.20548307637509247 3.615123658880192e-05
59852.25209600046 0.22000985560385833 3.563716783473051e-05 0.02606836268951051 1.0822402093297623e-05 1.8439594579324145e-06 7.655283507895076e-10 0.014482423716394728 6.012445607387569e-06 0.2055274318874636 3.6140797355101964e-05
59852.25229862743 0.22003356240694283 3.563575054539812e-05 0.02624916155936067 1.082602382623328e-05 1.8567483618622284e-06 7.657845359891824e-10 0.014582867532978149 6.0144576812407105e-06 0.20545069487396467 3.613973461625414e-05
59852.2525012544 0.22016658183382487 3.5643688339518886e-05 0.02639782820169955 1.0826156803062607e-05 1.8672643756404985e-06 7.657939421757177e-10 0.014665460112055306 6.014531557257004e-06 0.20550112172176957 3.614757403060398e-05
59852.252703881364 0.2200452619811578 3.563716047666511e-05 0.02624156380838829 1.0823024005079779e-05 1.8562109309183903e-06 7.655723420491953e-10 0.014578646560215715 6.012791113933211e-06 0.2054666154209421 3.614084758025711e-05
59852.252906508336 0.22011801217014593 3.564122680844204e-05 0.026311439773649983 1.0837788166815462e-05 1.8611536443738198e-06 7.666166928584584e-10 0.014617466540916658 6.020993426008589e-06 0.20550054562922926 3.6146222627639064e-05
59852.2531091353 0.22019771366729884 3.564639590513535e-05 0.02645614733973791 1.0825932357837237e-05 1.8713896107941268e-06 7.657780659236861e-10 0.014697859633187729 6.014406865465131e-06 0.2054998540341111 3.615022311091599e-05
59852.253311762266 0.21994317145465683 3.563322471043974e-05 0.026211783873487993 1.082376965848916e-05 1.8541044314320184e-06 7.656250862385002e-10 0.014562102151937774 6.01320536582731e-06 0.20538106930271907 3.6137035601115754e-05
