GJ3470b/Results/ROEBA_Results/506090_radii/GJ3470b_nrca3_level3_asn_phot.ecsv
# %ECSV 0.9
# ---
# datatype:
# - {name: MJD, datatype: float64}
# - {name: aperture_sum, unit: Jy, datatype: float64}
# - {name: aperture_sum_err, unit: Jy, datatype: float64}
# - {name: annulus_sum, unit: Jy, datatype: float64}
# - {name: annulus_sum_err, unit: Jy, datatype: float64}
# - {name: annulus_mean, unit: Jy, datatype: float64}
# - {name: annulus_mean_err, unit: Jy, datatype: float64}
# - {name: aperture_bkg, unit: Jy, datatype: float64}
# - {name: aperture_bkg_err, unit: Jy, datatype: float64}
# - {name: net_aperture_sum, unit: Jy, datatype: float64}
# - {name: net_aperture_sum_err, unit: Jy, datatype: float64}
# meta: !!omap
# - {instrument: NIRCAM}
# - {detector: NRCA3}
# - {channel: SHORT}
# - {subarray: SUBGRISM256}
# - {filter: F210M}
# - {pupil: WLP8}
# - {target_name: UNKNOWN}
# - {xcenter: 1055}
# - {ycenter: 166}
# - ra_icrs: !numpy.ndarray
#     buffer: !!binary |
#       WFgwQkNJUHhYVUE9
#     dtype: float64
#     order: C
#     shape: !!python/tuple []
# - dec_icrs: !numpy.ndarray
#     buffer: !!binary |
#       S2Yva3ZVM0lMa0E9
#     dtype: float64
#     order: C
#     shape: !!python/tuple []
# - {apertures: Photometry measured in a circular aperture of r=50.0 pixels.  Background calculated as the mean in a circular annulus
#     with r_inner=60.0 pixels and r_outer=90.0 pixels.}
# - {number_of_integrations: 1681}
# - __serialized_columns__:
#     annulus_mean:
#       __class__: astropy.units.quantity.Quantity
#       unit: &id001 !astropy.units.Unit {unit: Jy}
#       value: !astropy.table.SerializedColumn {name: annulus_mean}
#     annulus_mean_err:
#       __class__: astropy.units.quantity.Quantity
#       unit: *id001
#       value: !astropy.table.SerializedColumn {name: annulus_mean_err}
#     annulus_sum:
#       __class__: astropy.units.quantity.Quantity
#       unit: *id001
#       value: !astropy.table.SerializedColumn {name: annulus_sum}
#     annulus_sum_err:
#       __class__: astropy.units.quantity.Quantity
#       unit: *id001
#       value: !astropy.table.SerializedColumn {name: annulus_sum_err}
#     aperture_bkg:
#       __class__: astropy.units.quantity.Quantity
#       unit: *id001
#       value: !astropy.table.SerializedColumn {name: aperture_bkg}
#     aperture_bkg_err:
#       __class__: astropy.units.quantity.Quantity
#       unit: *id001
#       value: !astropy.table.SerializedColumn {name: aperture_bkg_err}
#     aperture_sum:
#       __class__: astropy.units.quantity.Quantity
#       unit: *id001
#       value: !astropy.table.SerializedColumn {name: aperture_sum}
#     aperture_sum_err:
#       __class__: astropy.units.quantity.Quantity
#       unit: *id001
#       value: !astropy.table.SerializedColumn {name: aperture_sum_err}
#     net_aperture_sum:
#       __class__: astropy.units.quantity.Quantity
#       unit: *id001
#       value: !astropy.table.SerializedColumn {name: net_aperture_sum}
#     net_aperture_sum_err:
#       __class__: astropy.units.quantity.Quantity
#       unit: *id001
#       value: !astropy.table.SerializedColumn {name: net_aperture_sum_err}
# schema: astropy-2.0
MJD aperture_sum aperture_sum_err annulus_sum annulus_sum_err annulus_mean annulus_mean_err aperture_bkg aperture_bkg_err net_aperture_sum net_aperture_sum_err
[from data line 276]
59906.97487520868 0.30701735126768265 5.258816772780804e-05 0.03620062862895873 1.6815570738719788e-05 2.560670661925673e-06 1.189458312879417e-09 0.020111460349421517 9.341983743733215e-06 0.28690589091826113 5.341149731318386e-05
59906.97501548889 0.3069549668433424 5.2581656720708796e-05 0.0362133057977835 1.6815426854465383e-05 2.5615673881847273e-06 1.189448135150385e-09 0.020118503220990833 9.341903808036324e-06 0.28683646362235155 5.340507270150528e-05
59906.9751557691 0.30686321843618825 5.257719184221106e-05 0.036292873752097304 1.6833501830155457e-05 2.5671956696250616e-06 1.1907266781403145e-09 0.020162707640054057 9.351945461197475e-06 0.2867005107961342 5.340243426962742e-05
59906.975296049306 0.3069089359664728 5.2578628590172e-05 0.03622671967073285 1.6823920546392814e-05 2.562516225600681e-06 1.190048940952763e-09 0.020125955372629362 9.346622525773786e-06 0.28678298059384344 5.3402916934026694e-05
59906.975436329514 0.30690268205597626 5.257927474163237e-05 0.036250784996007465 1.6814522974173968e-05 2.564218499144934e-06 1.1893841986986776e-09 0.020139324997781923 9.341401652318871e-06 0.28676335705819433 5.340263960878718e-05
59906.97557660972 0.30685993605151163 5.258074110295975e-05 0.036259860978780756 1.6818397217216127e-05 2.564860493599061e-06 1.1896582453346328e-09 0.020144367210433754 9.343554009564515e-06 0.28671556884107785 5.340445989302888e-05
59906.97571688993 0.3067704409872585 5.257301041772244e-05 0.03625231189576636 1.6814853783079045e-05 2.564326505209038e-06 1.189407598641994e-09 0.020140173275425756 9.341585435043914e-06 0.2866302677118327 5.3396504031838797e-05
59906.97585717014 0.3068211497229151 5.257451859413125e-05 0.0361751647953745 1.6813809266179185e-05 2.558869464154562e-06 1.1893337141852136e-09 0.020097313775208056 9.341005147877326e-06 0.286723835947707 5.339788743552804e-05
59906.97599745035 0.306874726492012 5.257492352009417e-05 0.036215741968375875 1.6813670170124683e-05 2.5617397120033903e-06 1.189323875152041e-09 0.020119856649097708 9.340927872291491e-06 0.28675486984291426 5.339827259995498e-05
59906.976137730555 0.306994124487209 5.258377861022533e-05 0.036285865699203626 1.6817929103018332e-05 2.5666999512875154e-06 1.189625133028628e-09 0.020158814277335346 9.343293946121294e-06 0.28683531020987363 5.340740505485001e-05
59906.97627801076 0.3068776589528981 5.2577227220309234e-05 0.03616073905252716 1.6819014255935384e-05 2.5578490515848166e-06 1.1897018918956321e-09 0.0200892994736262 9.343896808852991e-06 0.2867883594792719 5.3401060193132114e-05
59906.97641829097 0.3068627012501782 5.2588356468871245e-05 0.03619949134587487 1.681464533041613e-05 2.560590215603677e-06 1.189392853632348e-09 0.02011082852548604 9.341469628008962e-06 0.28675187272469216 5.3411593225704156e-05
59906.97655857118 0.3068761195028261 5.257823756591792e-05 0.03616171955434146 1.6812232105581084e-05 2.557918407900575e-06 1.1892221528939969e-09 0.020089844196856364 9.340128947545045e-06 0.28678627530596973 5.3401395808488665e-05
59906.97669885139 0.3069321005567872 5.258036368270911e-05 0.03613890879872344 1.6816543814938054e-05 2.556304877006233e-06 1.1895271439417024e-09 0.020077171554846354 9.342524341632252e-06 0.2868549290019409 5.340390815361687e-05
59906.976839131596 0.3068282606839615 5.257416616902376e-05 0.0361920098353629 1.6816735360297245e-05 2.5600610069904437e-06 1.1895406930042542e-09 0.020106672130757165 9.342630755720691e-06 0.28672158855320434 5.3397824841521966e-05
59906.976979411804 0.30691331695086366 5.257973079339212e-05 0.036228527415621506 1.6817823795902986e-05 2.56264409739396e-06 1.1896176840739835e-09 0.02012695967534528 9.343235442168325e-06 0.2867863572755184 5.3403409430797375e-05
59906.97711969201 0.3068491600425383 5.258485440295977e-05 0.036198693636537396 1.6822210130799905e-05 2.5605337892106947e-06 1.1899279537988284e-09 0.020110385353631886 9.345672294888836e-06 0.2867387746889064 5.3408880377929006e-05
59906.97725997222 0.3068603274830418 5.258295280443845e-05 0.03618381412280191 1.681430681353102e-05 2.5594812789165585e-06 1.1893689084609768e-09 0.020102118957112173 9.34128156307279e-06 0.28675820852592965 5.340623996195955e-05
59906.97740025243 0.3068355841248018 5.257339687477036e-05 0.0361860485857905 1.681816995047143e-05 2.5596393348409095e-06 1.1896421695009355e-09 0.020103360325439166 9.343427750261906e-06 0.2867322237993626 5.339720686586966e-05
59906.977540532636 0.3067844319022466 5.2571894007213476e-05 0.036232849388309424 1.6816268572638456e-05 2.562949814423823e-06 1.1895076745316895e-09 0.020129360771283012 9.342371429243586e-06 0.28665507113096356 5.339554235540299e-05
59906.977680812844 0.30681065870158936 5.257975256459287e-05 0.03622954192740918 1.6817051793772537e-05 2.5627158594232197e-06 1.1895630760939219e-09 0.0201275232930051 9.342806552095853e-06 0.28668313540858426 5.340335583110575e-05
59906.97782109305 0.3068366310494947 5.257878870917438e-05 0.03621271040941951 1.6817544281184787e-05 2.561525273073088e-06 1.1895979124521754e-09 0.020118172449677504 9.34308015621377e-06 0.2867184585998172 5.3402454708837486e-05
59906.97796137326 0.30698289154194147 5.258413925043139e-05 0.03649009835367645 1.6912894098225124e-05 2.5811464563986837e-06 1.1963425323210098e-09 0.02027227686315358 9.396052276791736e-06 0.2867106146787879 5.341701507101424e-05
59906.97810165347 0.30700837221468275 5.2586282696153495e-05 0.036219159186626874 1.6814608572225483e-05 2.5619814307483993e-06 1.189390253522241e-09 0.020121755103681596 9.341449206791934e-06 0.28688661711100116 5.340954784570682e-05
59906.97824193368 0.30678211539350153 5.257972359120072e-05 0.036258756026196035 1.6820854657168606e-05 2.5647823341920652e-06 1.1898320736527609e-09 0.020143753347886685 9.344919253982558e-06 0.2866383620456148 5.340369695808075e-05
59906.97838221389 0.3069647814811292 5.258379851899796e-05 0.03625984148692078 1.681854541464347e-05 2.56485911483201e-06 1.1896687281582394e-09 0.020144356381622656 9.343636341468593e-06 0.28682042509950656 5.340748455758036e-05
59906.9785224941 0.3068965661910022 5.258302438675448e-05 0.03621987702769153 1.6814418030615808e-05 2.562032207616752e-06 1.1893767754604434e-09 0.02012215390427307 9.341343350342115e-06 0.2867744122867291 5.3406321248022666e-05
59906.97866277431 0.3069185050628222 5.2580473234372e-05 0.036216847945450464 1.6820269513323813e-05 2.56181794387822e-06 1.1897906831926194e-09 0.020120471080805814 9.344594174068785e-06 0.28679803398201636 5.340437815225031e-05
59906.97880305452 0.3069544259469069 5.2582197969070864e-05 0.03623562924945063 1.682275312953494e-05 2.563146449375704e-06 1.1899663631022833e-09 0.020130905138583684 9.345973960852743e-06 0.28682352080832324 5.3406317721178804e-05
59906.978943334725 0.3068361328196291 5.257464654356191e-05 0.03615985155549703 1.6815731654090684e-05 2.5577862740117834e-06 1.1894696953135048e-09 0.02008880641972057 9.34207314116149e-06 0.2867473263999086 5.339820024827875e-05
59906.97908361493 0.3069221265206228 5.258141422054557e-05 0.03647170249621865 1.6934965554593945e-05 2.579845215666763e-06 1.1979037684909366e-09 0.020262056942343693 9.408314196996637e-06 0.2866600695782791 5.34164908755901e-05
59906.97922389514 0.3069532857441448 5.2582259374188e-05 0.036228925064147245 1.6814984921241518e-05 2.5626722252732867e-06 1.1894168747694543e-09 0.020127180591192912 9.341658289578622e-06 0.2868261051529519 5.340562311679955e-05
59906.97936417535 0.3068538443582756 5.2582883621429037e-05 0.03622146412893554 1.681404798238953e-05 2.5621444720648285e-06 1.189350599902935e-09 0.02012303562718641 9.341137767994184e-06 0.2867308087310892 5.340614669441522e-05
59906.97950445556 0.30694596803789487 5.258238954763332e-05 0.03621493869074388 1.681509535487021e-05 2.5616828917341428e-06 1.1894246863507387e-09 0.0201194103837466 9.341719641594561e-06 0.2868265576541483 5.3405762014984974e-05
59906.979644735766 0.3069251878751449 5.257990738724828e-05 0.036213923977146 1.6816747077508573e-05 2.561611115429731e-06 1.1895415218274107e-09 0.02011884665397 9.34263726528254e-06 0.2868063412211749 5.3403478650011665e-05
59906.979785015974 0.3069231932098341 5.258036287566258e-05 0.03623268261519455 1.6814289854984157e-05 2.5629380176391086e-06 1.1893677088891718e-09 0.02012926811955253 9.341272141657865e-06 0.28679392509028157 5.3403688312333525e-05
59906.97992529618 0.306815907443163 5.2573051288833674e-05 0.03624165661499222 1.681635354634808e-05 2.5635727982733775e-06 1.1895136851920984e-09 0.02013425367499568 9.342418636860046e-06 0.28668165376816734 5.339669004540156e-05
59906.98006557639 0.30692688898356724 5.2589778891365346e-05 0.03621535789696155 1.681780314085688e-05 2.561712544508239e-06 1.1896162230283446e-09 0.020119643276089748 9.34322396714271e-06 0.2868072457074775 5.341330057151389e-05
59906.9802058566 0.3069860561356632 5.2586775082068664e-05 0.03620448329134032 1.681657064140015e-05 2.56094332351322e-06 1.1895290415257239e-09 0.020113601828522402 9.342539245222305e-06 0.2868724543071408 5.3410223301167696e-05
59906.98034613681 0.3069501387067021 5.2582405729630325e-05 0.03620939704814262 1.681824844746581e-05 2.561290900706214e-06 1.189647722027457e-09 0.020116331693412568 9.343471359703227e-06 0.28683380701328953 5.340608438525572e-05
59906.980486417015 0.30682575104344045 5.258328869164417e-05 0.03613579899115561 1.6814474876999033e-05 2.556084903118907e-06 1.1893807965195045e-09 0.02007544388397534 9.34137493166613e-06 0.2867503071594651 5.340658700237972e-05
59906.98062669722 0.306823547237446 5.257496729799221e-05 0.03620425036457979 1.681433533323942e-05 2.5609268473153012e-06 1.1893709258176733e-09 0.020113472424766552 9.341297407355234e-06 0.2867100748126794 5.339838034657617e-05
59906.98076697743 0.30688527512850894 5.258297301751999e-05 0.03616837883989249 1.6816379889965046e-05 2.5583894559952e-06 1.1895155486218134e-09 0.02009354379994027 9.342433272202804e-06 0.28679173132856867 5.340646132076902e-05
59906.98090725764 0.3068707586857733 5.25775841366883e-05 0.03618663031638507 1.6812413396497397e-05 2.5596804838629867e-06 1.1892349766030942e-09 0.020103683509102816 9.340229664720776e-06 0.2867670751766705 5.3400770067858266e-05
59906.98104753785 0.30688687830855893 5.257810776924358e-05 0.03622122142481281 1.6819333953292428e-05 2.56212730426001e-06 1.1897245058577063e-09 0.02012290079156267 9.344074418495792e-06 0.2867639775169963 5.340195823499902e-05
59906.981187818055 0.30688728425699796 5.2580555359147566e-05 0.03634758998532373 1.686200125831035e-05 2.5710660513963306e-06 1.192742600303045e-09 0.020193105547402074 9.367778476839083e-06 0.2866941787095959 5.340852062609029e-05
59906.98132809826 0.30689060950234737 5.25786381451075e-05 0.03615640931196221 1.681626534430729e-05 2.5575427850900533e-06 1.1895074461739726e-09 0.020086894062201228 9.342369635726271e-06 0.28680371544014616 5.340218216145005e-05
59906.98146837847 0.30689487699497997 5.257823079130204e-05 0.036229536298434124 1.6814259448577438e-05 2.5627154612546843e-06 1.1893655580758692e-09 0.020127520165796737 9.341255249209689e-06 0.28676735682918325 5.340158614474208e-05
59906.98160865868 0.3069419756396503 5.2579114887421624e-05 0.03620655172930878 1.6813728110921202e-05 2.561089635569735e-06 1.1893279736250065e-09 0.0201147509607271 9.340960061622888e-06 0.2868272246789232 5.3402404975970105e-05
59906.98174893889 0.3068712594540453 5.257675964135367e-05 0.036247165341849144 1.6819093029070835e-05 2.563962460988676e-06 1.1897074639551387e-09 0.020137314078805077 9.34394057170602e-06 0.2867339453752402 5.340060748523607e-05
59906.981889219096 0.3068060642935231 5.257566786394508e-05 0.03621887524379367 1.681656441293403e-05 2.561961345901528e-06 1.1895286009518701e-09 0.02012159735766315 9.34253578496335e-06 0.2866844669358599 5.339928675771979e-05
59906.982029499304 0.3068737408653838 5.258193299319449e-05 0.03621911533249858 1.6813679994021614e-05 2.5619783287033803e-06 1.1893245700505995e-09 0.02012173074027699 9.340933330012008e-06 0.2867520101251068 5.340517496251206e-05
59906.98216977951 0.30696410917509603 5.258322598069397e-05 0.0361942399668932 1.681528888333923e-05 2.560218756526796e-06 1.1894383756896158e-09 0.020107911092718443 9.341827157410683e-06 0.2868561980823776 5.340660435915829e-05
59906.98231005972 0.3068621171449611 5.258187351886806e-05 0.036236942084677704 1.682056334242354e-05 2.5632393134716386e-06 1.1898114673497952e-09 0.020131634491487613 9.344757412457521e-06 0.28673048265347345 5.34057853968268e-05
59906.98245033993 0.30690412846505244 5.2578837172141835e-05 0.03622758923913494 1.6814984327699182e-05 2.562577734982703e-06 1.1894168327849223e-09 0.02012643846618608 9.341657959832879e-06 0.2867776899988664 5.3402253621107725e-05
59906.98259062014 0.3069145244656486 5.2584991445811425e-05 0.036328837447166466 1.682052374608765e-05 2.569739580665998e-06 1.1898086664819795e-09 0.02018268747064804 9.344735414493138e-06 0.28673183699500054 5.340885137618055e-05
59906.982730900345 0.3069128546482766 5.258089355897866e-05 0.03624022724398117 1.681364898679094e-05 2.5634716909569678e-06 1.1893223767376959e-09 0.020133459579989535 9.340916103772743e-06 0.2867793950682871 5.340414853846436e-05
59906.98287118055 0.30680526554771614 5.257165231679246e-05 0.03623281804908103 1.6822429657443114e-05 2.5629475976268842e-06 1.1899434821323427e-09 0.02012934336060057 9.345794254135063e-06 0.2866759221871156 5.339590337805265e-05
59906.98301146076 0.30692557499898243 5.2584273794509434e-05 0.03628783529190385 1.681858548423732e-05 2.566839271471568e-06 1.1896715625022077e-09 0.02015990849550214 9.343658602354065e-06 0.2867656665034803 5.340795639764994e-05
59906.98315174097 0.30696011807498547 5.258101520597682e-05 0.03611834159618195 1.6818498004200067e-05 2.554850045028433e-06 1.1896653745553853e-09 0.020065745331212193 9.343610002333371e-06 0.2868943727437733 5.3404739564638546e-05
59906.98329202118 0.3068486891148544 5.257671847825052e-05 0.03621304598259949 1.6815168625165596e-05 2.5615490100199155e-06 1.1894298691639352e-09 0.020118358879221934 9.34176034731422e-06 0.2867303302356325 5.340018550836562e-05
59906.983432301386 0.3069807376529679 5.2584280327694986e-05 0.03617342127709278 1.6811646997903528e-05 2.5587461354643806e-06 1.189180764992164e-09 0.02009634515394043 9.339803887724181e-06 0.2868843924990275 5.3407288587258927e-05
59906.983572581594 0.30678814600414067 5.257760509679179e-05 0.03642100118143583 1.687234879379078e-05 2.5762588312805658e-06 1.193474538712169e-09 0.02023388954524213 9.373527107661545e-06 0.28655425645889854 5.340662475903389e-05
59906.98371286181 0.30694409533635614 5.258150335394589e-05 0.03627056463286175 1.6814477860278015e-05 2.5656176222462323e-06 1.1893810075433251e-09 0.02015031368492319 9.341376589043342e-06 0.28679378165143293 5.340482947767318e-05
59906.98385314202 0.3068646814828299 5.257634686491241e-05 0.036205348656308305 1.6814182435120418e-05 2.561004535563101e-06 1.1893601104881495e-09 0.020114082586837945 9.341212463955787e-06 0.28675059889599197 5.339972378164842e-05
59906.983993422225 0.30683905982990667 5.257436323506569e-05 0.03624330525362966 1.681201696103724e-05 2.563689415601609e-06 1.189206934530605e-09 0.02013516958534981 9.340009422798467e-06 0.28670389024455684 5.3397560296240045e-05
59906.98413370243 0.3068511303570659 5.25788659631649e-05 0.03618395044390314 1.6818235491891704e-05 2.5594909216619404e-06 1.1896468056080527e-09 0.020102194691057302 9.343464162162058e-06 0.2867489356660086 5.340259795667311e-05
59906.98427398264 0.30694177964246333 5.257988840059844e-05 0.036281765003792266 1.681496918755512e-05 2.5664098864231457e-06 1.1894157618388038e-09 0.020156536113217924 9.341649548641734e-06 0.2867852435292454 5.340328716950882e-05
