GJ3470b/Results/ROEBA_Results/506090_radii/GJ3470b_nrca3_level3_asn_phot.ecsv
# %ECSV 0.9
# ---
# datatype:
# - {name: MJD, datatype: float64}
# - {name: aperture_sum, unit: Jy, datatype: float64}
# - {name: aperture_sum_err, unit: Jy, datatype: float64}
# - {name: annulus_sum, unit: Jy, datatype: float64}
# - {name: annulus_sum_err, unit: Jy, datatype: float64}
# - {name: annulus_mean, unit: Jy, datatype: float64}
# - {name: annulus_mean_err, unit: Jy, datatype: float64}
# - {name: aperture_bkg, unit: Jy, datatype: float64}
# - {name: aperture_bkg_err, unit: Jy, datatype: float64}
# - {name: net_aperture_sum, unit: Jy, datatype: float64}
# - {name: net_aperture_sum_err, unit: Jy, datatype: float64}
# meta: !!omap
# - {instrument: NIRCAM}
# - {detector: NRCA3}
# - {channel: SHORT}
# - {subarray: SUBGRISM256}
# - {filter: F210M}
# - {pupil: WLP8}
# - {target_name: UNKNOWN}
# - {xcenter: 1055}
# - {ycenter: 166}
# - ra_icrs: !numpy.ndarray
#     buffer: !!binary |
#       WFgwQkNJUHhYVUE9
#     dtype: float64
#     order: C
#     shape: !!python/tuple []
# - dec_icrs: !numpy.ndarray
#     buffer: !!binary |
#       S2Yva3ZVM0lMa0E9
#     dtype: float64
#     order: C
#     shape: !!python/tuple []
# - {apertures: Photometry measured in a circular aperture of r=50.0 pixels.  Background calculated as the mean in a circular annulus
#     with r_inner=60.0 pixels and r_outer=90.0 pixels.}
# - {number_of_integrations: 1681}
# - __serialized_columns__:
#     annulus_mean:
#       __class__: astropy.units.quantity.Quantity
#       unit: &id001 !astropy.units.Unit {unit: Jy}
#       value: !astropy.table.SerializedColumn {name: annulus_mean}
#     annulus_mean_err:
#       __class__: astropy.units.quantity.Quantity
#       unit: *id001
#       value: !astropy.table.SerializedColumn {name: annulus_mean_err}
#     annulus_sum:
#       __class__: astropy.units.quantity.Quantity
#       unit: *id001
#       value: !astropy.table.SerializedColumn {name: annulus_sum}
#     annulus_sum_err:
#       __class__: astropy.units.quantity.Quantity
#       unit: *id001
#       value: !astropy.table.SerializedColumn {name: annulus_sum_err}
#     aperture_bkg:
#       __class__: astropy.units.quantity.Quantity
#       unit: *id001
#       value: !astropy.table.SerializedColumn {name: aperture_bkg}
#     aperture_bkg_err:
#       __class__: astropy.units.quantity.Quantity
#       unit: *id001
#       value: !astropy.table.SerializedColumn {name: aperture_bkg_err}
#     aperture_sum:
#       __class__: astropy.units.quantity.Quantity
#       unit: *id001
#       value: !astropy.table.SerializedColumn {name: aperture_sum}
#     aperture_sum_err:
#       __class__: astropy.units.quantity.Quantity
#       unit: *id001
#       value: !astropy.table.SerializedColumn {name: aperture_sum_err}
#     net_aperture_sum:
#       __class__: astropy.units.quantity.Quantity
#       unit: *id001
#       value: !astropy.table.SerializedColumn {name: net_aperture_sum}
#     net_aperture_sum_err:
#       __class__: astropy.units.quantity.Quantity
#       unit: *id001
#       value: !astropy.table.SerializedColumn {name: net_aperture_sum_err}
# schema: astropy-2.0
MJD aperture_sum aperture_sum_err annulus_sum annulus_sum_err annulus_mean annulus_mean_err aperture_bkg aperture_bkg_err net_aperture_sum net_aperture_sum_err
[from data line 1517]
59907.14896294722 0.30687072882687205 5.257432193993643e-05 0.03624996445910694 1.6813538831083278e-05 2.5641604580321753e-06 1.189314584815303e-09 0.0201388691439483 9.340854906157377e-06 0.28673185968292375 5.339766753166252e-05
59907.14910322743 0.30685227205114496 5.256719177329175e-05 0.03613399807778403 1.6811002458696192e-05 2.55595751455661e-06 1.1891351731695579e-09 0.02007444337654668 9.339445810386774e-06 0.2867778286745983 5.33904008130224e-05
59907.149243507636 0.306929824342716 5.257923176456669e-05 0.036199353830933784 1.681287454519534e-05 2.5605804884113997e-06 1.1892675962007733e-09 0.020110752128296546 9.340485858441855e-06 0.28681907221441943 5.3402437107530694e-05
59907.149383787844 0.3068902734258801 5.257043272290936e-05 0.036223816932730024 1.6813806232057034e-05 2.562310898888836e-06 1.1893334995649743e-09 0.020124342740405567 9.341003462253907e-06 0.2867659306854745 5.339386427629843e-05
59907.14952406805 0.30688683896625035 5.2571825946886374e-05 0.03621940103649063 1.681389950845938e-05 2.5619985381267557e-06 1.1893400975207552e-09 0.020121889464717012 9.341055282477432e-06 0.28676494950153336 5.33952450802505e-05
59907.14966434826 0.3068216281352033 5.25653381611894e-05 0.036231338630020746 1.6812211701565652e-05 2.5628429501351738e-06 1.1892207096051458e-09 0.020128521461122637 9.340117611980917e-06 0.28669310667408066 5.338869330678389e-05
59907.14980462847 0.3069794704436284 5.257471091810938e-05 0.036420409035607365 1.6866418725593828e-05 2.576216945531396e-06 1.1930550721937615e-09 0.020233560575337425 9.370232625329905e-06 0.28674590986829096 5.3403197353487803e-05
59907.149944908684 0.306914730935424 5.25740696260794e-05 0.0362639324193211 1.6822382049091493e-05 2.565148489104617e-06 1.1899401145303458e-09 0.020146629121845054 9.345767805050829e-06 0.2867681018135789 5.339827874486002e-05
59907.15008518889 0.3068192897368298 5.2568419903754815e-05 0.036215633962137145 1.6812753758860728e-05 2.561732072124822e-06 1.189259052315346e-09 0.02011979664563175 9.340418754922626e-06 0.2866994930911981 5.3391780207207886e-05
59907.1502254691 0.3069219637187622 5.2571013088868783e-05 0.03622757340431483 1.6814436832035424e-05 2.562576614898306e-06 1.1893781053888297e-09 0.020126429669063795 9.341353795575235e-06 0.2867955340496984 5.339449698165646e-05
59907.15036574931 0.30686111294248325 5.2568029642523986e-05 0.03621507347625729 1.6811163194345565e-05 2.5616924258589053e-06 1.1891465428909483e-09 0.020119485264587383 9.339535107969758e-06 0.28674162767789585 5.339124138405362e-05
59907.15050602952 0.3068797975652692 5.256949021687329e-05 0.03622571178114728 1.6812473581195904e-05 2.562444931996399e-06 1.1892392337996568e-09 0.02012539543397071 9.34026310066439e-06 0.28675440213129844 5.3392806785667014e-05
59907.150646309725 0.3068217638535663 5.256322866914799e-05 0.036266908909977164 1.6813227090672198e-05 2.5653590327494968e-06 1.1892925336920206e-09 0.02014828272776509 9.340681717040109e-06 0.2866734811258012 5.338671504282866e-05
59907.15078658993 0.3069225901055326 5.257067655698668e-05 0.03624404190056994 1.681378976225762e-05 2.5637415227135462e-06 1.1893323345649793e-09 0.020135578833649966 9.340994312365344e-06 0.2867870112718826 5.339410274930136e-05
59907.15092687014 0.3068325659327902 5.257489324784401e-05 0.03625247790526587 1.681827261203135e-05 2.5643382479790143e-06 1.189649431320814e-09 0.020140265502925483 9.34348478446186e-06 0.2866923004298647 5.33986901331827e-05
59907.15106715035 0.3068321473928271 5.256565436913816e-05 0.036193582453426326 1.6813506223642625e-05 2.5601722469630616e-06 1.1893122783106978e-09 0.02010754580745907 9.34083679091257e-06 0.28672460158536806 5.3389130459393695e-05
59907.15120743056 0.30689767011185975 5.256976619913425e-05 0.036246203086300964 1.6812502676012097e-05 2.563894395332227e-06 1.189241291836908e-09 0.02013677949238942 9.340279264451164e-06 0.28676089061947035 5.3393081339903714e-05
59907.151347710766 0.30701939889823665 5.25782994363296e-05 0.03619285666880606 1.6814587230050392e-05 2.5601209082030904e-06 1.1893887438721689e-09 0.020107142593781147 9.341437350027995e-06 0.2869122563044555 5.340168558557712e-05
59907.151487990974 0.30691078685795803 5.257089218776827e-05 0.03628670644969664 1.6816783547126328e-05 2.566759422219458e-06 1.189544101525161e-09 0.02015928136094258 9.342657526181292e-06 0.28675150549701545 5.339460604845275e-05
59907.15162827118 0.3068784499134168 5.257117507649064e-05 0.03626281784460377 1.6818161480521833e-05 2.565069649070969e-06 1.1896415703745594e-09 0.02014600991366876 9.343423044734352e-06 0.286732439999748 5.339501852341568e-05
59907.15176855139 0.30684397604432134 5.2571173131281584e-05 0.03622618527446727 1.681447409793153e-05 2.5624784247974643e-06 1.1893807414117513e-09 0.020125658485815146 9.341374498850848e-06 0.2867183175585062 5.339465817782677e-05
59907.1519088316 0.30693178220449285 5.257006839392222e-05 0.03627843125317831 1.6813772975491187e-05 2.566174071805703e-06 1.1893311471441544e-09 0.020154684029543506 9.340984986383993e-06 0.28677709817494934 5.339350233368767e-05
59907.152049111806 0.3069051644845977 5.2570817422973486e-05 0.03618144449625484 1.681743410489864e-05 2.559313662126226e-06 1.1895901190741524e-09 0.020100802497919356 9.34301894716591e-06 0.28680436198667836 5.339459567752821e-05
59907.152189392014 0.30693735591243054 5.257338954638504e-05 0.036195465237564145 1.6820660408136826e-05 2.560305426697421e-06 1.1898183333444948e-09 0.020108591798646745 9.344811337853791e-06 0.2868287641137838 5.339744176771045e-05
59907.15232967222 0.3069332961063106 5.257259522050986e-05 0.03624183414604745 1.6819237425700363e-05 2.563585356026707e-06 1.1897176779272966e-09 0.020134352303359693 9.344020792055757e-06 0.2867989438029509 5.3396521354690764e-05
59907.15246995243 0.30666962754612964 5.2572410278813125e-05 0.03622549060000515 1.680927429944796e-05 2.562429286631026e-06 1.1890129309087551e-09 0.020125272555558415 9.338485721915533e-06 0.28654435499057124 5.3395370942641424e-05
59907.15261023264 0.30687846823398657 5.256752229732427e-05 0.03621807598742749 1.6813302955403616e-05 2.5619048100786503e-06 1.1892979000240258e-09 0.020121153326348604 9.340723864113119e-06 0.28675731490763795 5.339094982096963e-05
59907.15275051285 0.30687020152241457 5.257056304643702e-05 0.036198386449658566 1.6813538754492858e-05 2.5605120601839307e-06 1.1893145793976388e-09 0.02011021469425476 9.340854863607142e-06 0.2867599868281598 5.3393966593636615e-05
59907.152890793055 0.306883627721914 5.256946644754123e-05 0.036234187024168495 1.6813350352308234e-05 2.563044432805613e-06 1.1893012526692068e-09 0.020130103902315833 9.340750195726797e-06 0.2867535238195982 5.339286859495501e-05
59907.15303107326 0.30674594775206576 5.256771792185928e-05 0.036182135546206175 1.6811511453884265e-05 2.559362543910972e-06 1.1891711772140874e-09 0.020101186414558984 9.339728585491257e-06 0.28664476133750677 5.339096831452682e-05
59907.15317135347 0.3068156086707545 5.2564926863829075e-05 0.03621980018692442 1.6816034965255395e-05 2.5620267722443448e-06 1.1894911501895753e-09 0.020122111214958008 9.342241647364107e-06 0.28669349745579653 5.338865998690588e-05
59907.15331163368 0.306856160562612 5.256646937824012e-05 0.0362806297782834 1.681542781587655e-05 2.5663295856448076e-06 1.189448203156314e-09 0.020155905432379665 9.341904342153638e-06 0.28670025513023234 5.339011968174828e-05
59907.15345191389 0.30693381219076366 5.257444101444358e-05 0.036237989291054026 1.6812035757819294e-05 2.5633133881699626e-06 1.1892082641309507e-09 0.02013221627280779 9.340019865455162e-06 0.28680159591795584 5.3397638703114056e-05
59907.153592194096 0.3068943799406107 5.258552722344118e-05 0.036234754277754105 1.6816148465391354e-05 2.563084557788785e-06 1.1894991786818773e-09 0.020130419043196728 9.342304702995196e-06 0.28676396089741396 5.3408953655083716e-05
59907.153732474304 0.3068956997570901 5.257136653959567e-05 0.03622768122423568 1.682405159631915e-05 2.56258424159758e-06 1.1900582108387934e-09 0.020126489569019825 9.346695331288417e-06 0.2867692101880703 5.33957797345113e-05
59907.15387275451 0.3068578570808804 5.257366259283727e-05 0.03631559588010527 1.6824934869135857e-05 2.5688029313984104e-06 1.1901206896098501e-09 0.02017533104450293 9.34718603840881e-06 0.2866825260363775 5.339812623362473e-05
59907.15401303472 0.3068644919941437 5.2569123777807005e-05 0.03616545721413599 1.6809741860824183e-05 2.558182793248084e-06 1.1890460041106328e-09 0.020091920674519995 9.338745478235658e-06 0.2867725713196237 5.339218053117573e-05
59907.15415331493 0.306840597001939 5.256673783226392e-05 0.03626223993401968 1.6812704590788154e-05 2.5650287702593585e-06 1.1892555743856605e-09 0.020145688852233154 9.340391439326752e-06 0.28669490814970583 5.3390119297167856e-05
59907.15429359514 0.3068474662242934 5.2567600496500574e-05 0.036235961219411375 1.6815593805326867e-05 2.5631699314469083e-06 1.1894599445081e-09 0.020131089566339654 9.341996558514927e-06 0.28671637665795374 5.339124948583796e-05
59907.154433875345 0.30686577215383787 5.2569835159741505e-05 0.03620287091119345 1.6817516810905603e-05 2.5608292709485454e-06 1.189595969327411e-09 0.02011270606177414 9.343064894947558e-06 0.28675306609206375 5.339363660918402e-05
59907.15457415555 0.3069607627746078 5.257404063809488e-05 0.03623278837390886 1.681063848798533e-05 2.562945498537845e-06 1.1891094275083246e-09 0.02012932687439381 9.339243604436294e-06 0.286831435900214 5.339710872434065e-05
59907.15471443576 0.3068711891532923 5.2570682931995006e-05 0.03627277665285243 1.682314007540663e-05 2.5657740906532258e-06 1.1899937339237004e-09 0.020151542584918015 9.34618893078146e-06 0.2867196465683743 5.339501803975922e-05
59907.15485471597 0.30693362343791686 5.257448105603728e-05 0.036309936318302816 1.681695184607029e-05 2.568402599293257e-06 1.1895560062402048e-09 0.020172186843501562 9.342751025594604e-06 0.2867614365944153 5.3398155914206173e-05
59907.15499499618 0.3068734551726724 5.256869637079261e-05 0.03626273242357184 1.6814570413203676e-05 2.56506360676898e-06 1.189387554323599e-09 0.020145962457539912 9.341428007335375e-06 0.2867274927151325 5.339222897895174e-05
59907.155135276385 0.30697654290852827 5.2577403114062437e-05 0.036164245583578954 1.6811425736089244e-05 2.5580970879181492e-06 1.1891651139204038e-09 0.020091247546432753 9.339680964494025e-06 0.2868852953620955 5.3400495866023146e-05
59907.1552755566 0.3068494860170363 5.2567760790826686e-05 0.03620154029084996 1.6819362416199267e-05 2.5607351488129694e-06 1.1897265191965146e-09 0.020111966828249978 9.344090231221816e-06 0.2867375191887863 5.3391773681071795e-05
59907.15541583681 0.3068254863873487 5.2566500827974285e-05 0.03624041906223041 1.6813108665806926e-05 2.563485259322542e-06 1.1892841568463795e-09 0.02013356614568356 9.340615925448292e-06 0.2866919202416651 5.338992522156366e-05
59907.15555611702 0.30688255882653814 5.2579062996677495e-05 0.036261800635182806 1.6811990214684543e-05 2.5649976962231882e-06 1.1892050426131644e-09 0.020145444797323782 9.339994563713636e-06 0.28673711402921437 5.3402185012027184e-05
59907.155696397225 0.3069017860165456 5.2570015958033424e-05 0.036259519896955486 1.681914017049698e-05 2.5648363669952874e-06 1.1897107985289146e-09 0.020144177720530825 9.34396676138721e-06 0.28675760829601477 5.339397243758698e-05
59907.15583667743 0.30696359939944273 5.2573673989046905e-05 0.036199165815843135 1.6818324152608215e-05 2.5605671890642652e-06 1.1896530770708486e-09 0.020110647675468406 9.343513418115675e-06 0.28685295172397435 5.339749469498634e-05
59907.15597695764 0.30687856819885817 5.256883280484117e-05 0.036221519176413544 1.6814094101493235e-05 2.562148365877375e-06 1.1893538621621906e-09 0.020123066209118638 9.341163389718463e-06 0.28675550198973954 5.3392317012251505e-05
59907.15611723785 0.3069344773098388 5.2573720587828325e-05 0.03620867639125092 1.6812913784192903e-05 2.5612399246588423e-06 1.189270371792073e-09 0.020115931328472735 9.340507657884946e-06 0.2868185459813661 5.339701470825922e-05
59907.15625751806 0.3070014520066653 5.258227080564172e-05 0.0362234809514886 1.6818199709848228e-05 2.5622871330775656e-06 1.1896442745462335e-09 0.020124156084160332 9.343444283249015e-06 0.28687729592250494 5.340594680512667e-05
59907.156397798266 0.3069286727751914 5.2571873577384335e-05 0.03616275589994937 1.6816923711558634e-05 2.557991714356686e-06 1.1895540161306044e-09 0.020090419944416314 9.342735395310353e-06 0.28683825283077513 5.339558592340069e-05
59907.156538078474 0.30696604929140686 5.2577832793325106e-05 0.03625468753543318 1.6814045313384642e-05 2.5644945473405843e-06 1.1893504111094587e-09 0.020141493075240654 9.341136285213689e-06 0.2868245562161662 5.3401173473452704e-05
59907.15667835868 0.30693340149591886 5.257345090089645e-05 0.03646247610481641 1.68688885490881e-05 2.579192581978511e-06 1.193229776468285e-09 0.020256931169342452 9.371604749493388e-06 0.2866764703265764 5.340219766273385e-05
59907.15681863889 0.30699437910546246 5.2581115233996265e-05 0.036255381265051866 1.6816046560010844e-05 2.5645436186730213e-06 1.1894919703507503e-09 0.02014187848058437 9.342248088894913e-06 0.2868525006248781 5.3404599788831434e-05
59907.1569589191 0.3068581086752119 5.257046430708217e-05 0.03617231614362183 1.6814924047674415e-05 2.558667963262302e-06 1.1894125688454062e-09 0.020095731190901016 9.34162447093023e-06 0.2867623774843109 5.3394004019347366e-05
59907.15709919931 0.3068459612656599 5.256731796116937e-05 0.03619299257993265 1.6813291690630535e-05 2.5601305219486984e-06 1.1892971032043287e-09 0.020107218099962583 9.340717605905852e-06 0.2867387431656973 5.339074754134802e-05
59907.157239479515 0.3069061635618404 5.256976236367903e-05 0.03623062582819604 1.6816414464843518e-05 2.5627925297201306e-06 1.1895179942941758e-09 0.02012812546010891 9.34245248046862e-06 0.2867780381017315 5.3393457776430805e-05
59907.15737975972 0.30696416280728844 5.257432210630816e-05 0.036202993336109754 1.682351392189524e-05 2.5608379307399174e-06 1.1900201781533091e-09 0.02011277407561653 9.346396623275132e-06 0.28685138873167193 5.339863738689791e-05
59907.15752003993 0.30683896177320313 5.2576966607847264e-05 0.0362600984907373 1.681867088997707e-05 2.564877294133251e-06 1.1896776037224966e-09 0.020144499161520724 9.343706049987261e-06 0.2866944626116824 5.340077022320235e-05
59907.15766032014 0.3069282944078572 5.257183775346583e-05 0.036292070876418434 1.681607936365608e-05 2.5671388777881814e-06 1.1894942907339907e-09 0.020162261598010243 9.342266313142267e-06 0.2867660328098469 5.339546857779608e-05
59907.15780060035 0.3069114826527206 5.2571451176219156e-05 0.03625771337939512 1.681615236787043e-05 2.5647085820177256e-06 1.1894994547258041e-09 0.020143174099663957 9.342306871039128e-06 0.2867683085530567 5.339509505981106e-05
59907.157940880556 0.3068957613891353 5.2577403332908916e-05 0.036134512365658025 1.6811435615036375e-05 2.555993892982085e-06 1.1891658127129674e-09 0.02007472909203224 9.339686452797986e-06 0.2868210322971031 5.3400497041394287e-05
59907.158081160764 0.30687824531728525 5.2568751549740696e-05 0.03617392763438321 1.6815957763416723e-05 2.558781952915822e-06 1.1894856892765795e-09 0.020096626463546225 9.342198757453734e-06 0.28678161885373904 5.339241816140317e-05
59907.15822144097 0.30692272370233076 5.25712403884259e-05 0.03629490127206999 1.6817952091623014e-05 2.5673390873254483e-06 1.1896267591397702e-09 0.02016383404003888 9.343306717568341e-06 0.2867588896622919 5.3395062472069645e-05
59907.15836172118 0.3068331696402182 5.256466873799351e-05 0.036291319576161614 1.681391482135961e-05 2.5670857341661282e-06 1.1893411806868728e-09 0.020161844208978673 9.341063789644227e-06 0.2866713254312395 5.338819974729617e-05
