GJ3470b/Results/ROEBA_Results/506090_radii/GJ3470b_nrca3_level3_asn_phot.ecsv
# %ECSV 0.9
# ---
# datatype:
# - {name: MJD, datatype: float64}
# - {name: aperture_sum, unit: Jy, datatype: float64}
# - {name: aperture_sum_err, unit: Jy, datatype: float64}
# - {name: annulus_sum, unit: Jy, datatype: float64}
# - {name: annulus_sum_err, unit: Jy, datatype: float64}
# - {name: annulus_mean, unit: Jy, datatype: float64}
# - {name: annulus_mean_err, unit: Jy, datatype: float64}
# - {name: aperture_bkg, unit: Jy, datatype: float64}
# - {name: aperture_bkg_err, unit: Jy, datatype: float64}
# - {name: net_aperture_sum, unit: Jy, datatype: float64}
# - {name: net_aperture_sum_err, unit: Jy, datatype: float64}
# meta: !!omap
# - {instrument: NIRCAM}
# - {detector: NRCA3}
# - {channel: SHORT}
# - {subarray: SUBGRISM256}
# - {filter: F210M}
# - {pupil: WLP8}
# - {target_name: UNKNOWN}
# - {xcenter: 1055}
# - {ycenter: 166}
# - ra_icrs: !numpy.ndarray
#     buffer: !!binary |
#       WFgwQkNJUHhYVUE9
#     dtype: float64
#     order: C
#     shape: !!python/tuple []
# - dec_icrs: !numpy.ndarray
#     buffer: !!binary |
#       S2Yva3ZVM0lMa0E9
#     dtype: float64
#     order: C
#     shape: !!python/tuple []
# - {apertures: Photometry measured in a circular aperture of r=50.0 pixels.  Background calculated as the mean in a circular annulus
#     with r_inner=60.0 pixels and r_outer=90.0 pixels.}
# - {number_of_integrations: 1681}
# - __serialized_columns__:
#     annulus_mean:
#       __class__: astropy.units.quantity.Quantity
#       unit: &id001 !astropy.units.Unit {unit: Jy}
#       value: !astropy.table.SerializedColumn {name: annulus_mean}
#     annulus_mean_err:
#       __class__: astropy.units.quantity.Quantity
#       unit: *id001
#       value: !astropy.table.SerializedColumn {name: annulus_mean_err}
#     annulus_sum:
#       __class__: astropy.units.quantity.Quantity
#       unit: *id001
#       value: !astropy.table.SerializedColumn {name: annulus_sum}
#     annulus_sum_err:
#       __class__: astropy.units.quantity.Quantity
#       unit: *id001
#       value: !astropy.table.SerializedColumn {name: annulus_sum_err}
#     aperture_bkg:
#       __class__: astropy.units.quantity.Quantity
#       unit: *id001
#       value: !astropy.table.SerializedColumn {name: aperture_bkg}
#     aperture_bkg_err:
#       __class__: astropy.units.quantity.Quantity
#       unit: *id001
#       value: !astropy.table.SerializedColumn {name: aperture_bkg_err}
#     aperture_sum:
#       __class__: astropy.units.quantity.Quantity
#       unit: *id001
#       value: !astropy.table.SerializedColumn {name: aperture_sum}
#     aperture_sum_err:
#       __class__: astropy.units.quantity.Quantity
#       unit: *id001
#       value: !astropy.table.SerializedColumn {name: aperture_sum_err}
#     net_aperture_sum:
#       __class__: astropy.units.quantity.Quantity
#       unit: *id001
#       value: !astropy.table.SerializedColumn {name: net_aperture_sum}
#     net_aperture_sum_err:
#       __class__: astropy.units.quantity.Quantity
#       unit: *id001
#       value: !astropy.table.SerializedColumn {name: net_aperture_sum_err}
# schema: astropy-2.0
MJD aperture_sum aperture_sum_err annulus_sum annulus_sum_err annulus_mean annulus_mean_err aperture_bkg aperture_bkg_err net_aperture_sum net_aperture_sum_err
[from data line 552]
59907.01359254618 0.3068438961443763 5.257487942690234e-05 0.036289241516729964 1.6826813551667627e-05 2.5669387415303123e-06 1.1902535792149309e-09 0.020160689731516645 9.348229750926459e-06 0.28668320641285966 5.339950698489103e-05
59907.01373282639 0.30690060180106415 5.258642257242793e-05 0.03635614899959117 1.6867288891706872e-05 2.571671477809067e-06 1.1931166238551846e-09 0.020197860555328427 9.370716050948261e-06 0.28670274124573575 5.3414812161735224e-05
59907.013873106596 0.30692976556690355 5.258059638892743e-05 0.0362094672623725 1.6815495673432662e-05 2.5612958673469967e-06 1.1894530030965279e-09 0.020116370701318057 9.341942040795923e-06 0.2868133948655855 5.3404035406595244e-05
59907.014013386804 0.3068542774839307 5.257617694538233e-05 0.03612530401161835 1.6814827884484517e-05 2.5553425351762385e-06 1.189405766691177e-09 0.020069613339787972 9.341571046935843e-06 0.2867846641441427 5.339961921041294e-05
59907.01415366701 0.3069139767585307 5.257989250013959e-05 0.03621128706141802 1.681522741909756e-05 2.5614245917974537e-06 1.189434027983889e-09 0.02011738170078779 9.341793010609755e-06 0.2867965950577429 5.340331630132451e-05
59907.01429394722 0.306949939987595 5.2581830721563895e-05 0.036200284456367866 1.6817030646348826e-05 2.560646316694956e-06 1.1895615802196921e-09 0.020111269142426592 9.342794803527126e-06 0.2868386708451684 5.340539988401935e-05
59907.01443422743 0.306883657325655 5.2576278296587644e-05 0.03625654967476625 1.6815601828959082e-05 2.564626266753733e-06 1.1894605120639794e-09 0.020142527597092362 9.342001016088379e-06 0.28674112972856264 5.339979421781351e-05
59907.01457450764 0.3068476286616627 5.25770861168802e-05 0.03619384935097525 1.6813488372004705e-05 2.5601911261027106e-06 1.1893110155656234e-09 0.02010769408387514 9.340826873335946e-06 0.28673993457778757 5.340038418606623e-05
59907.014714787845 0.3069170539951346 5.25809061058754e-05 0.03619508368493279 1.681779725523548e-05 2.5602784373697188e-06 1.189615806705794e-09 0.02010837982496266 9.343220697353044e-06 0.2868086741701719 5.340456403636613e-05
59907.01485506805 0.3068801808857895 5.257658264823851e-05 0.03617554573325911 1.6813827414649945e-05 2.558896409997827e-06 1.1893349979269162e-09 0.020097525407366174 9.34101523036108e-06 0.2867826554784233 5.339992142785317e-05
59907.01499534826 0.30691389809465264 5.258132776692165e-05 0.036199221487174804 1.6814511568990296e-05 2.5605711270054313e-06 1.1893833919469628e-09 0.020110678603986 9.34139531610572e-06 0.2868032194906666 5.340465987331263e-05
59907.01513562847 0.3070713377167572 5.260759638172968e-05 0.036170481127173186 1.681636218518115e-05 2.5585381624007655e-06 1.1895142962645364e-09 0.020094711737318437 9.342423436211751e-06 0.2869766259794388 5.343070346462281e-05
59907.01527590868 0.30693131982508215 5.2580025091789975e-05 0.0361749659485244 1.6809787727442995e-05 2.558855398617179e-06 1.1890492485102358e-09 0.02009720330473578 9.338770959690553e-06 0.28683411652034635 5.3402918288149976e-05
59907.015416188886 0.30696733899090034 5.2584540874784065e-05 0.03623487525988338 1.6817301167402193e-05 2.563093115523851e-06 1.1895807156698493e-09 0.020130486255490763 9.342945093001219e-06 0.2868368527354096 5.340809453652762e-05
59907.015556469094 0.30691074557528575 5.257911816753701e-05 0.03619094590323879 1.681217512168418e-05 2.559985749187481e-06 1.189218122107833e-09 0.020106081057354883 9.340097289824545e-06 0.28680466451793085 5.3402257299286594e-05
59907.0156967493 0.3069338578233897 5.2578930407264955e-05 0.03624118791762411 1.6817083719033183e-05 2.563539644716511e-06 1.1895653343441625e-09 0.020133993287568947 9.342824288351767e-06 0.2867998645358208 5.340254945651029e-05
59907.01583702951 0.3068987930384389 5.25837548603728e-05 0.03613187549530982 1.6814963670302328e-05 2.55580737255977e-06 1.189415371573002e-09 0.02007326416406101 9.341646483501293e-06 0.2868255288743779 5.340709348240636e-05
59907.015977309726 0.3068777728873171 5.2582506717761405e-05 0.03623065158149068 1.681617373082266e-05 2.5627943513930828e-06 1.189500965845558e-09 0.02012813976749482 9.342318739345921e-06 0.28674963311982227 5.3405982175697856e-05
59907.016117589934 0.3068768876380998 5.2579935068284364e-05 0.03622040995416141 1.6822377558096843e-05 2.5620699044531907e-06 1.189939796857458e-09 0.020122449974534117 9.345765310053802e-06 0.2867544376635657 5.3404053226469665e-05
59907.01625787014 0.30688350245442264 5.2576625748105925e-05 0.03620871515963085 1.681221537579695e-05 2.561242666960754e-06 1.189220969503845e-09 0.020115952866461586 9.340119653220527e-06 0.2867675495879611 5.339980721119573e-05
59907.01639815035 0.3069102216415509 5.257938265403132e-05 0.03618146928132547 1.6824735073482335e-05 2.5593154153113396e-06 1.190106556958354e-09 0.020100816267403038 9.34707504082352e-06 0.2868094053741479 5.340373855918549e-05
59907.01653843056 0.30688356248466103 5.2579466880067606e-05 0.03616445243408259 1.6812775343090317e-05 2.558111719598209e-06 1.1892605790872713e-09 0.020091362463379215 9.340430746161288e-06 0.2867922000212818 5.3402658959231244e-05
59907.01667871077 0.30679036449694486 5.257238258682063e-05 0.036223768583316454 1.681441080473608e-05 2.5623074788674293e-06 1.1893762643340093e-09 0.020124315879620252 9.341339335964488e-06 0.2866660486173246 5.339584282923791e-05
59907.016818990975 0.30687784523613576 5.259002054032117e-05 0.03619650010595517 1.6813025532976154e-05 2.5603786286618123e-06 1.1892782764015125e-09 0.020109166725530647 9.340569740542309e-06 0.2867686785106051 5.3413074275025e-05
59907.01695927118 0.30694913059295587 5.257876657466109e-05 0.036209575785636286 1.6814441425325728e-05 2.5613035437976062e-06 1.1893784302976549e-09 0.020116430992020158 9.34135634740318e-06 0.2868326996009357 5.340213135186524e-05
59907.01709955139 0.30691582971027587 5.259548430514993e-05 0.036205849810013874 1.6812556564790458e-05 2.5610399849362076e-06 1.1892451036882208e-09 0.020114361005563262 9.340309202661366e-06 0.2868014687047126 5.341840829989783e-05
59907.0172398316 0.30694400949922335 5.258373590264232e-05 0.036191429917390966 1.68133344485503e-05 2.56001998618519e-06 1.1893001277084561e-09 0.020106349954106092 9.340741360305722e-06 0.28683765954511725 5.34069165056265e-05
59907.01738011181 0.3068759377759275 5.257617752425049e-05 0.03620505870966066 1.6813433493031547e-05 2.560984026033232e-06 1.1893071336723568e-09 0.020113921505367033 9.340796385017526e-06 0.2867620162705604 5.339948426874419e-05
59907.017520392015 0.3069456207445484 5.2583026970326344e-05 0.03622205117509625 1.6814155349578418e-05 2.562185997086295e-06 1.1893581945779735e-09 0.02012336176394236 9.341197416432454e-06 0.28682225898060604 5.340629826654186e-05
59907.01766067222 0.30690811332857176 5.2579675940355005e-05 0.03620724775513054 1.6823040810670793e-05 2.561138869325314e-06 1.1899867123799746e-09 0.020115137641739188 9.346133783705996e-06 0.2867929756868326 5.3403862582173566e-05
59907.01780095243 0.3069222962214206 5.257966277538206e-05 0.036212968827359596 1.6812378464037485e-05 2.5615435524031093e-06 1.189232505637019e-09 0.020118316015199773 9.340210257798602e-06 0.28680398020622083 5.3402813270770526e-05
59907.01794123264 0.306863942188341 5.257479033530942e-05 0.03622963290115981 1.6812408369729306e-05 2.5627222944997103e-06 1.1892346210319878e-09 0.02012757383397767 9.340226872071836e-06 0.28673636835436334 5.3398018847364715e-05
59907.01808151285 0.30688331851988077 5.25776871671846e-05 0.036231410972243736 1.681511702923342e-05 2.5628480673006775e-06 1.1894262194983133e-09 0.02012856165124652 9.341731682907455e-06 0.2867547568686342 5.340113424531135e-05
59907.018221793056 0.30687490785271204 5.258439066113996e-05 0.03621843064850821 1.682104481565585e-05 2.5619298972182587e-06 1.1898455246141901e-09 0.02012135036028234 9.345024897586582e-06 0.2867535574924297 5.340831051006853e-05
59907.018362073264 0.3068927004003734 5.2577454169336655e-05 0.03623797239789163 1.681668066006824e-05 2.563312193223163e-06 1.18953682375455e-09 0.020132206887717573 9.342600366704577e-06 0.28676049351265587 5.3401056811084224e-05
59907.01850235347 0.3068879403647505 5.258901210672331e-05 0.036209247457609305 1.6812827117743167e-05 2.5612803193405176e-06 1.1892642413947948e-09 0.020116248587560726 9.340459509857314e-06 0.28677169177718975 5.3412062104138756e-05
59907.01864263368 0.3069217648488174 5.2580596791256646e-05 0.03621112442604811 1.6815015035961924e-05 2.5614130876983235e-06 1.1894190049501709e-09 0.020117291347804503 9.341675019978846e-06 0.2868044735010129 5.340398909354624e-05
59907.01878291389 0.30689547441067344 5.2576630061635656e-05 0.036163464881750484 1.68150548324374e-05 2.558041864560335e-06 1.1894218199749663e-09 0.020090813823194713 9.341697129131888e-06 0.2868046605874787 5.3400087395907145e-05
59907.0189231941 0.3067894334116631 5.257532487188872e-05 0.036135369503984105 1.6818459846747185e-05 2.556054523116089e-06 1.1896626754677223e-09 0.020075205279991168 9.343588803748436e-06 0.2867142281316719 5.339913329931651e-05
59907.019063474305 0.30681489203597057 5.257491636617817e-05 0.03619203456238307 1.681165275357707e-05 2.5600627560693274e-06 1.1891811721227842e-09 0.020106685867990595 9.339807085320594e-06 0.28670820616798 5.339806950912771e-05
59907.01920375451 0.3069675921394079 5.258219167670382e-05 0.036212270298643594 1.68157531999818e-05 2.561494141603979e-06 1.1894712193735377e-09 0.020117927943690887 9.342085111100999e-06 0.286849664195717 5.340563112396178e-05
59907.01934403472 0.30688584473893904 5.25775560596899e-05 0.03625126416434425 1.681709997425781e-05 2.5642523933713216e-06 1.189566484166096e-09 0.02013959120241347 9.342833319032117e-06 0.28674625353652555 5.3401197885787644e-05
59907.01948431493 0.3068911070242213 5.2585992562963215e-05 0.03620370423922892 1.6812546878470844e-05 2.560888216849017e-06 1.1892444185212666e-09 0.020113169021793845 9.340303821372691e-06 0.28677793800242746 5.340906186507653e-05
59907.01962459514 0.3068806151761692 5.257686633937969e-05 0.03621183512977812 1.682309462117519e-05 2.5614633597035254e-06 1.189990518694537e-09 0.020117686183210064 9.346163678430662e-06 0.28676292899295913 5.340110157640022e-05
59907.019764875346 0.3069040764146196 5.257891137661212e-05 0.036221876256916516 0.0006432566643854942 2.562173624156099e-06 4.550110125055811e-08 0.02012326458717584 0.0003573648135474968 0.28678081182744375 0.00036121205943792455
59907.019905155554 0.3069342584351216 5.258045526483589e-05 0.03641777668472165 1.6870291445585265e-05 2.5760307447956567e-06 1.1933290110959163e-09 0.020232098158178696 9.372384136436259e-06 0.28670216027694295 5.340923010359099e-05
59907.02004543576 0.30679849098060386 5.257362997174191e-05 0.03614679241001245 1.681337811812638e-05 2.556862528431149e-06 1.1893032166990765e-09 0.020081551338895803 9.340765621181322e-06 0.2867169396417081 5.3396970614403604e-05
59907.02018571597 0.3069015739579611 5.258050318162828e-05 0.036244014674394406 1.6815214493884775e-05 2.5637395968555827e-06 1.189433113712109e-09 0.020135563707996892 9.341785829935987e-06 0.2867660102499642 5.3403916310750235e-05
59907.02032599618 0.30683702715845285 5.257666651104478e-05 0.036212148239768524 1.6814449968772287e-05 2.5614855077047276e-06 1.1893790346228776e-09 0.020117860133204733 9.341361093762382e-06 0.28671916702524813 5.340006449900295e-05
59907.020466276386 0.3069717474470063 5.259209964784393e-05 0.03616129418283172 1.6813366057379378e-05 2.5578883190212747e-06 1.1893023635757421e-09 0.020089607879350956 9.340758920766322e-06 0.28688213956765535 5.341515442816412e-05
59907.020606556594 0.3068472244401976 5.2577422726687376e-05 0.03617486187975745 1.6815997620125768e-05 2.558848037257765e-06 1.1894885085620284e-09 0.020097145488754138 9.342220900069871e-06 0.28675007895144344 5.340095946634746e-05
59907.0207468368 0.30696272516864725 5.2582568461923915e-05 0.036233232462497475 1.6814289419862393e-05 2.5629769113796445e-06 1.189367678110603e-09 0.020129573590276374 9.341271899923552e-06 0.28683315157837086 5.3405859854150996e-05
59907.02088711701 0.30690855229513025 5.258504846169129e-05 0.036233390374329696 1.6818029781058703e-05 2.5629880813568314e-06 1.1896322545431994e-09 0.02012966131907205 9.343349878365946e-06 0.2867788909760582 5.3408665108463274e-05
59907.02102739722 0.30686272918996427 5.257472520086665e-05 0.03626588695946455 1.6815906686442926e-05 2.565286744538084e-06 1.1894820763197538e-09 0.020147714977480302 9.34217038135718e-06 0.28671501421248397 5.339829470480261e-05
59907.02116767743 0.3069610198899311 5.258389921850079e-05 0.036258626712662785 1.6815466629771052e-05 2.5647731871307207e-06 1.189450948677723e-09 0.02014368150703488 9.341925905428362e-06 0.2868173383828962 5.340728449045094e-05
59907.02130795764 0.30686549517150774 5.2575958631639494e-05 0.03619967690524094 1.6814947188900923e-05 2.560603341243831e-06 1.1894142057523342e-09 0.020110931614022744 9.341637327167179e-06 0.286754563557485 5.3399415858117685e-05
59907.02144823785 0.30696800286967607 5.258102353811968e-05 0.03624409262375421 1.682742752484647e-05 2.563745110644882e-06 1.1902970089333037e-09 0.02013560701319678 9.348570847136928e-06 0.2868323958564793 5.340561593316038e-05
59907.02158851806 0.3068702770165999 5.2578352454479926e-05 0.03616534953146456 1.6817294163239972e-05 2.5581751762572203e-06 1.1895802202267206e-09 0.020091860850813645 9.342941201799984e-06 0.28677841616578625 5.3402000871950544e-05
59907.02172879827 0.3069119123569445 5.2576704063096384e-05 0.036191336594553064 1.6815860935151245e-05 2.560013384944765e-06 1.1894788400778765e-09 0.020106298108085036 9.342144963972914e-06 0.2868056142488594 5.340023860121133e-05
59907.021869078475 0.3071305325876593 5.2618569871085186e-05 0.036165968857241285 1.681522774319492e-05 2.5582189845944424e-06 1.1894340509090876e-09 0.0200922049206896 9.341793190663844e-06 0.28703832766696974 5.3441397767043924e-05
59907.02200935868 0.3069014961061537 5.257816934639841e-05 0.03625294165769014 1.6816178981613272e-05 2.564371051752656e-06 1.1895013372630164e-09 0.02014052314316119 9.342321656451818e-06 0.2867609729629925 5.340171219868477e-05
59907.02214963889 0.30696242064698165 5.258154475677851e-05 0.036226585403270915 1.6814408788561773e-05 2.562506728120564e-06 1.1893761217188505e-09 0.020125880779594953 9.341338215867651e-06 0.2868365398673867 5.340486353013488e-05
59907.0222899191 0.3068953949291541 5.257697318088986e-05 0.03620488013727989 1.6822304659115267e-05 2.560971394621188e-06 1.1899346403093404e-09 0.020113822298488827 9.345724810619592e-06 0.2867815726306652 5.34011299608898e-05
59907.02243019931 0.3067878306232223 5.257354237553529e-05 0.03662535453186988 1.6950463136607538e-05 2.5907138738845517e-06 1.1989999981724632e-09 0.020347419184372155 9.416923964781964e-06 0.28644041143885013 5.3410259453317485e-05
59907.022570479516 0.3069140207631186 5.258386194229979e-05 0.03621194025116191 1.681410668226027e-05 2.56147079552035e-06 1.189354752069418e-09 0.020117744583978837 9.341170379033484e-06 0.2867962761791397 5.340711563843321e-05
59907.022710759724 0.30689565439825617 5.258245399563133e-05 0.03618829607081527 1.6815109835660238e-05 2.559798311885895e-06 1.1894257106570999e-09 0.020104608928230707 9.34172768647791e-06 0.2867910454700255 5.340582687657774e-05
59907.02285103993 0.3068334974153988 5.2573949310760636e-05 0.036201417649545764 1.681547827766534e-05 2.560726473715285e-06 1.1894517725977019e-09 0.020111898694192092 9.341932376480743e-06 0.28672159872120667 5.339748914187977e-05
59907.02299132014 0.30691723752545363 5.2587606594532704e-05 0.036188063141062043 1.6812740269835154e-05 2.5597818354762865e-06 1.1892580981619694e-09 0.020104479522812246 9.340411261019531e-06 0.2868127580026414 5.341066981293457e-05
