GJ3470b/Results/ROEBA_Results/506090_radii/GJ3470b_nrca3_level3_asn_phot.ecsv
# %ECSV 0.9
# ---
# datatype:
# - {name: MJD, datatype: float64}
# - {name: aperture_sum, unit: Jy, datatype: float64}
# - {name: aperture_sum_err, unit: Jy, datatype: float64}
# - {name: annulus_sum, unit: Jy, datatype: float64}
# - {name: annulus_sum_err, unit: Jy, datatype: float64}
# - {name: annulus_mean, unit: Jy, datatype: float64}
# - {name: annulus_mean_err, unit: Jy, datatype: float64}
# - {name: aperture_bkg, unit: Jy, datatype: float64}
# - {name: aperture_bkg_err, unit: Jy, datatype: float64}
# - {name: net_aperture_sum, unit: Jy, datatype: float64}
# - {name: net_aperture_sum_err, unit: Jy, datatype: float64}
# meta: !!omap
# - {instrument: NIRCAM}
# - {detector: NRCA3}
# - {channel: SHORT}
# - {subarray: SUBGRISM256}
# - {filter: F210M}
# - {pupil: WLP8}
# - {target_name: UNKNOWN}
# - {xcenter: 1055}
# - {ycenter: 166}
# - ra_icrs: !numpy.ndarray
#     buffer: !!binary |
#       WFgwQkNJUHhYVUE9
#     dtype: float64
#     order: C
#     shape: !!python/tuple []
# - dec_icrs: !numpy.ndarray
#     buffer: !!binary |
#       S2Yva3ZVM0lMa0E9
#     dtype: float64
#     order: C
#     shape: !!python/tuple []
# - {apertures: Photometry measured in a circular aperture of r=50.0 pixels.  Background calculated as the mean in a circular annulus
#     with r_inner=60.0 pixels and r_outer=90.0 pixels.}
# - {number_of_integrations: 1681}
# - __serialized_columns__:
#     annulus_mean:
#       __class__: astropy.units.quantity.Quantity
#       unit: &id001 !astropy.units.Unit {unit: Jy}
#       value: !astropy.table.SerializedColumn {name: annulus_mean}
#     annulus_mean_err:
#       __class__: astropy.units.quantity.Quantity
#       unit: *id001
#       value: !astropy.table.SerializedColumn {name: annulus_mean_err}
#     annulus_sum:
#       __class__: astropy.units.quantity.Quantity
#       unit: *id001
#       value: !astropy.table.SerializedColumn {name: annulus_sum}
#     annulus_sum_err:
#       __class__: astropy.units.quantity.Quantity
#       unit: *id001
#       value: !astropy.table.SerializedColumn {name: annulus_sum_err}
#     aperture_bkg:
#       __class__: astropy.units.quantity.Quantity
#       unit: *id001
#       value: !astropy.table.SerializedColumn {name: aperture_bkg}
#     aperture_bkg_err:
#       __class__: astropy.units.quantity.Quantity
#       unit: *id001
#       value: !astropy.table.SerializedColumn {name: aperture_bkg_err}
#     aperture_sum:
#       __class__: astropy.units.quantity.Quantity
#       unit: *id001
#       value: !astropy.table.SerializedColumn {name: aperture_sum}
#     aperture_sum_err:
#       __class__: astropy.units.quantity.Quantity
#       unit: *id001
#       value: !astropy.table.SerializedColumn {name: aperture_sum_err}
#     net_aperture_sum:
#       __class__: astropy.units.quantity.Quantity
#       unit: *id001
#       value: !astropy.table.SerializedColumn {name: net_aperture_sum}
#     net_aperture_sum_err:
#       __class__: astropy.units.quantity.Quantity
#       unit: *id001
#       value: !astropy.table.SerializedColumn {name: net_aperture_sum_err}
# schema: astropy-2.0
MJD aperture_sum aperture_sum_err annulus_sum annulus_sum_err annulus_mean annulus_mean_err aperture_bkg aperture_bkg_err net_aperture_sum net_aperture_sum_err
[from data line 1448]
59907.13928361285 0.30689838904072564 5.256988015279972e-05 0.03623141469395149 1.6811915718514215e-05 2.562848330557649e-06 1.1891997730870536e-09 0.020128563718861937 9.339953176952342e-06 0.2867698253218637 5.339313649362986e-05
59907.13942389306 0.3068549893817839 5.2568137259021324e-05 0.03618646289660957 1.6812938469715592e-05 2.55966864133639e-06 1.1892721179356102e-09 0.020103590498116428 9.340521372064218e-06 0.28675139888366746 5.3391519873340324e-05
59907.13956417327 0.3069249869756455 5.257220157299869e-05 0.036242317247435415 1.681619881755087e-05 2.5636195284595556e-06 1.1895027403685806e-09 0.020134620693019675 9.34233267641715e-06 0.28679036628262583 5.339583839653477e-05
59907.139704453475 0.306901378402202 5.257117818651529e-05 0.03634509568336369 1.682128600341769e-05 2.570889615624551e-06 1.1898625851584168e-09 0.020191719824090938 9.345158890787605e-06 0.28670965857811104 5.339532536292299e-05
59907.13984473368 0.30687539023971777 5.257158336449493e-05 0.03619842831483508 1.6814882861483466e-05 2.560515021539391e-06 1.18940965551835e-09 0.020110237952686155 9.341601589713037e-06 0.2867651522870316 5.33951018138459e-05
59907.13998501389 0.3068619171132241 5.2566527011123744e-05 0.03614995817244924 1.6811731856069916e-05 2.5570864603158023e-06 1.1891867674795606e-09 0.02008331009580513 9.339851031149953e-06 0.286778607017419 5.338981718731836e-05
59907.1401252941 0.3069486194439281 5.2574082506220424e-05 0.03622363666498958 1.682153697920843e-05 2.5622981475546268e-06 1.1898803380640581e-09 0.020124242591660877 9.345298321782461e-06 0.2868243768522672 5.339820925924373e-05
59907.14026557431 0.30702889768508856 5.257654182218169e-05 0.036175689734740224 1.6810479702997058e-05 2.5589065960189523e-06 1.1890981957679814e-09 0.020097605408189015 9.339155390553921e-06 0.28693129227689956 5.33995559287578e-05
59907.140405854516 0.3069418075938984 5.257469158797413e-05 0.03635033471775326 1.6831447195742204e-05 2.571260201500163e-06 1.1905813424855963e-09 0.020194630398751807 9.350803997634557e-06 0.2867471771951466 5.3399772761433885e-05
59907.140546134724 0.30688552565103167 5.2574391752648925e-05 0.036272760889253575 1.6813904309719372e-05 2.565772975606702e-06 1.1893404371404267e-09 0.020151533827363097 9.341057949844095e-06 0.28673399182366854 5.3397771786689235e-05
59907.14068641493 0.30687907348467847 5.2570095037698156e-05 0.03617224076266369 1.6813986051562352e-05 2.5586626311502563e-06 1.1893462191930346e-09 0.02009568931259094 9.341103361979084e-06 0.28678338417208754 5.339354927602953e-05
59907.14082669514 0.3069368686467575 5.257255739652327e-05 0.03625502380592143 1.6814259306209055e-05 2.5645183336118827e-06 1.189365548005366e-09 0.020141679892178573 9.34125517011614e-06 0.28679518875457893 5.339600021878001e-05
59907.14096697535 0.3070024558919695 5.257743854233966e-05 0.0362194209705902 1.6815852077842004e-05 2.5619999481758593e-06 1.1894782135514106e-09 0.020121900539216777 9.342140043245558e-06 0.28688055535275275 5.340096089267604e-05
59907.14110725556 0.30698389955113237 5.257541115379133e-05 0.03637949614172249 1.686738291598718e-05 2.5733229502878527e-06 1.1931232747125098e-09 0.02021083118984583 9.370768286659544e-06 0.2867730683612865 5.3403980715602746e-05
59907.141247535765 0.3068270608474295 5.2565487277726e-05 0.03619248152183158 1.6816973894475904e-05 2.560094371982924e-06 1.1895575658458676e-09 0.020106934178795322 9.342763274708836e-06 0.28672012666863417 5.338930303302359e-05
59907.14138781597 0.3068132636451892 5.2565327329143434e-05 0.03621225000271812 1.681928659655013e-05 2.5614927059609285e-06 1.1897211560534286e-09 0.020117916668176732 9.344048109194517e-06 0.28669534697701243 5.338937040541811e-05
59907.14152809618 0.3068585111210232 5.258601894923289e-05 0.03623534069859811 1.6812279737000597e-05 2.5631260385781426e-06 1.1892255221277134e-09 0.020130744832554504 9.340155409444776e-06 0.2867277662884687 5.34090618902978e-05
59907.14166837639 0.30682383204429775 5.256627980202195e-05 0.036163565954806784 1.6812304064312636e-05 2.5580490140165676e-06 1.1892272429330304e-09 0.020090869974892657 9.340168924618131e-06 0.2867329620694051 5.338962940276757e-05
59907.1418086566 0.3068976969615387 5.256850627858331e-05 0.03622306371910952 1.681295144425284e-05 2.5622576199239886e-06 1.1892730356963822e-09 0.020123924288394178 9.340528580140465e-06 0.2867737726731445 5.339188446307054e-05
59907.141948936805 0.30692847192659867 5.258201123555358e-05 0.03616584354740347 1.6814759573437902e-05 2.5582101207366178e-06 1.1894009346730717e-09 0.02009213530411304 9.34153309635439e-06 0.28683633662248564 5.3405356905147324e-05
59907.14208921701 0.3069406167588813 5.2573118273690774e-05 0.036208430839573966 1.6813313724036417e-05 2.5612225554307657e-06 1.1892986617489773e-09 0.020115794910874427 9.340729846686898e-06 0.28682482184800684 5.339646054831974e-05
59907.14222949722 0.30693532226803893 5.257316474261092e-05 0.03625102741114827 1.6818853855617962e-05 2.5642356465084627e-06 1.189690545894125e-09 0.02013945967286015 9.343807697565535e-06 0.2867958625951788 5.3397044799715204e-05
59907.14236977743 0.30692821420901795 5.257347991706902e-05 0.03623268180137543 1.68168316469783e-05 2.5629379600731812e-06 1.1895475038936958e-09 0.02012926766743079 9.342684248321277e-06 0.28679894654158716 5.339715853446034e-05
59907.14251005764 0.3070151846090469 5.257660170196645e-05 0.03617297740480774 1.6811257038518002e-05 2.5587147379229294e-06 1.1891531810082478e-09 0.02009609855822652 9.339587243621113e-06 0.2869190860508204 5.3399690414911875e-05
59907.142650337846 0.3068726276655188 5.256808638298133e-05 0.03626174703667115 1.681658273325958e-05 2.564993904904045e-06 1.1895298968498124e-09 0.02014541502037286 9.342545962921988e-06 0.28672721264514595 5.339182400927971e-05
59907.142790618054 0.30684887839313413 5.257189419961038e-05 0.03620924295691658 1.681181080968328e-05 2.5612800009816314e-06 1.1891923523052682e-09 0.02011624608717588 9.33989489426849e-06 0.28673263230595825 5.3395109292621644e-05
59907.14293089826 0.30689644089402135 5.2580132462962773e-05 0.03625502384583894 1.6812334399101218e-05 2.5645183364354687e-06 1.1892293886803862e-09 0.020141679914354966 9.340185777278456e-06 0.2867547609796664 5.340327143702703e-05
59907.14307117847 0.30691665002839924 5.2572322884542146e-05 0.03622360932381924 1.681642495537057e-05 2.5622962135624444e-06 1.1895187363471696e-09 0.0201242274021218 9.342458308539206e-06 0.28679242262627747 5.339597981799142e-05
59907.14321145868 0.306914332267749 5.257822096449918e-05 0.036208210679855045 1.6811219250485804e-05 2.5612069823163052e-06 1.1891505080517526e-09 0.02011567259991947 9.33956625026989e-06 0.2867986596678295 5.340128104769474e-05
59907.14335173889 0.306922823020473 5.257096166599075e-05 0.03614432310856046 1.6813146090113924e-05 2.556687861083563e-06 1.1892868040745796e-09 0.02008017950475581 9.340636716729958e-06 0.2868426435157172 5.3394320903640985e-05
59907.143492019095 0.3068614011508356 5.2567737538179306e-05 0.03625015381709299 1.681973271914329e-05 2.5641738523697277e-06 1.189752712771618e-09 0.02013897434282944 9.344295955079605e-06 0.28672242680800614 5.339178679140662e-05
59907.1436322993 0.3068528850976847 5.257082621627444e-05 0.03626476926618283 1.681332317088654e-05 2.56520768391113e-06 1.1892993299769299e-09 0.020147094036768235 9.340735094936965e-06 0.2867057910609165 5.33942047527212e-05
59907.14377257951 0.306871635657203 5.256774937344852e-05 0.036261981008117616 1.6812805354373787e-05 2.565010454998377e-06 1.1892627019513215e-09 0.020145545004509786 9.340447419096549e-06 0.2867260906526932 5.339112503196205e-05
59907.14391285972 0.3068606457144967 5.258938737282175e-05 0.03623169627913795 1.681528190913259e-05 2.5628682486351274e-06 1.189437882365411e-09 0.02012872015507664 9.341823282851439e-06 0.28673192555942006 5.341267009330959e-05
59907.14405313993 0.3069002855722547 5.257071354925754e-05 0.036233600133383004 1.68159234329369e-05 2.5630029187746947e-06 1.1894832608918851e-09 0.020129777851879447 9.342179684964944e-06 0.2867705077203752 5.33943465578919e-05
59907.144193420136 0.3068851646813679 5.2570362251274326e-05 0.036211091024547865 1.6810191479753348e-05 2.5614107250254923e-06 1.1890778081440035e-09 0.02011727279141548 9.338995266529638e-06 0.28676789188995244 5.339344360329713e-05
59907.144333700344 0.3069127418723546 5.257107825952777e-05 0.036214896960509904 1.6809921334117266e-05 2.5616799399239145e-06 1.189058699249187e-09 0.020119387200283282 9.338845185620703e-06 0.28679335467207134 5.339412232418831e-05
59907.14447398055 0.3068796162598245 5.2569858418532394e-05 0.03619963182025496 1.6810780932134287e-05 2.5606001521334405e-06 1.189119503370734e-09 0.02011090656680831 9.339322740074605e-06 0.2867687096930162 5.339300481699654e-05
59907.14461426077 0.30681771437334815 5.256472919268543e-05 0.03621163599071209 1.6814310360816852e-05 2.5614492734960937e-06 1.189369159380121e-09 0.020117575550395603 9.34128353378714e-06 0.28670013882295253 5.3388297717373965e-05
59907.144754540976 0.3068417914993281 5.256554218573982e-05 0.03617001014686583 1.6812181167259018e-05 2.558504847358981e-06 1.189218549744775e-09 0.020094450081592125 9.340100648477232e-06 0.286747341417736 5.338889121722306e-05
59907.144894821184 0.306898259202644 5.256996786556827e-05 0.03622540360546127 1.6815574843127005e-05 2.5624231330258347e-06 1.189458603206838e-09 0.02012522422525626 9.341986023959446e-06 0.28677303497738776 5.3393578492724517e-05
59907.14503510139 0.3068781003376349 5.256810168811672e-05 0.03616275356216673 1.681141633798222e-05 2.5579915489923916e-06 1.18916444914032e-09 0.020090418645648183 9.339675743323456e-06 0.2867876816919867 5.339133691979069e-05
59907.1451753816 0.3068602442553627 5.256770222005433e-05 0.036174549858497454 1.681265947696607e-05 2.5588259662684856e-06 1.1892523832355332e-09 0.020096972143609695 9.340366376092261e-06 0.286763272111753 5.339106442782294e-05
59907.14531566181 0.3068963626989716 5.257066154983834e-05 0.036133490605419955 1.6820036795189794e-05 2.5559216182298435e-06 1.1897742217520077e-09 0.02007416144745553 9.344464886216552e-06 0.28682220125151603 5.339469524023323e-05
59907.145455942016 0.3069191077143947 5.257147812556195e-05 0.03623127531339912 1.6813470910299165e-05 2.5628384714003685e-06 1.1893097804026229e-09 0.020128486285221733 9.340817172388425e-06 0.28679062142917294 5.339486096764768e-05
59907.145596222224 0.3068992833084923 5.257047262259114e-05 0.03613735085453294 1.6812300951942404e-05 2.556194674997798e-06 1.1892270227778716e-09 0.02007630603029608 9.340167195523558e-06 0.2868229772781962 5.339375726620987e-05
59907.14573650243 0.30675216049278964 5.256163198599448e-05 0.036228612764284684 1.6813470323105135e-05 2.5626501345769076e-06 1.1893097388671416e-09 0.02012700709126927 9.340816846169518e-06 0.2866251534015204 5.338516663254693e-05
59907.14587678264 0.30682873522251525 5.2578766241354726e-05 0.03615753339394345 1.6812206620645863e-05 2.557622297625056e-06 1.1892203502035903e-09 0.02008751855219081 9.340114789247701e-06 0.28674121667032443 5.340191385839413e-05
59907.14601706285 0.3068626002363497 5.2575710520917984e-05 0.03621852801516676 1.681252374959557e-05 2.561936784500481e-06 1.1892427824880097e-09 0.02012140445287042 9.34029097199754e-06 0.2867411957834793 5.339893605888553e-05
59907.14615734306 0.30688392528838415 5.257180195075207e-05 0.03623040391474197 1.6813638257801327e-05 2.5627768325542845e-06 1.1893216178169264e-09 0.02012800217485665 9.34091014322296e-06 0.2867559231135275 5.3395196063436875e-05
59907.146297623265 0.30681065651417383 5.2564738542002585e-05 0.036221202529098544 1.682023252587999e-05 2.562125967661642e-06 1.1897880668661675e-09 0.020122890293943634 9.344573625488884e-06 0.2866877662202302 5.338888268386289e-05
59907.14643790347 0.30696183227109797 5.257464925495667e-05 0.03625147296981109 1.6815814787816082e-05 2.5642671633367407e-06 1.1894755758216535e-09 0.020139707205450608 9.34211932656449e-06 0.28682212506564736 5.33982109980614e-05
59907.14657818368 0.30698570442485007 5.25827419437193e-05 0.0362472821427878 1.681254385311895e-05 2.5639707229650075e-06 1.1892442045213961e-09 0.020137378968215446 9.340302140621638e-06 0.28684832545663463 5.3405861049119674e-05
59907.14671846389 0.30680242107802835 5.25663426076913e-05 0.036210363225949324 1.6808983578869314e-05 2.5613592438056997e-06 1.1889923666344662e-09 0.020116868458860734 9.338324210482953e-06 0.2866855526191676 5.338936855038907e-05
59907.1468587441 0.30687296886137916 5.257388780878734e-05 0.03619940921175866 1.6811771437615687e-05 2.560584405803414e-06 1.1891895673011893e-09 0.020110782895421477 9.339873020897603e-06 0.2867621859659577 5.3397068340663136e-05
59907.146999024306 0.30685744286747146 5.2566589262387316e-05 0.0361618392782722 1.681806999676984e-05 2.557926876636301e-06 1.1896350992228515e-09 0.02008991071015122 9.343372220427688e-06 0.28676753215732026 5.3390494576562906e-05
59907.147139304514 0.306905752719865 5.257043770123491e-05 0.036245095265465696 1.6813397537243395e-05 2.563816033038008e-06 1.1893045903206158e-09 0.020136164036369832 9.340776409579663e-06 0.28676958868349517 5.339382945653159e-05
59907.14727958472 0.3068363512621529 5.256741797202736e-05 0.03621343970100421 1.6813239076191437e-05 2.5615768599000485e-06 1.1892933814940796e-09 0.02011857761166901 9.34068837566191e-06 0.2867177736504839 5.3390840895953775e-05
59907.14741986493 0.30687837102934756 5.256880487281757e-05 0.036216563094750936 1.6814884207857284e-05 2.5617977948129433e-06 1.1894097507548158e-09 0.020120312830417188 9.341602337698491e-06 0.28675805819893035 5.3392366308228575e-05
59907.14756014514 0.30696476543925755 5.257306301329289e-05 0.03623600035934488 1.6816014974762732e-05 2.563172700030859e-06 1.1894897361514765e-09 0.020131111310747154 9.34223054153485e-06 0.2868336541285104 5.3396668679711206e-05
59907.14770042535 0.30687789363740753 5.256964948598196e-05 0.03626224333840307 1.6813440762052785e-05 2.5650290110702227e-06 1.1893076478504285e-09 0.02014569074355726 9.340800423362658e-06 0.28673220289385026 5.33930575976699e-05
59907.147840705555 0.30681766967607205 5.2566546277979555e-05 0.03621513049509742 1.681189330796121e-05 2.561696459116797e-06 1.1891981878647033e-09 0.02011951694172079 9.339940726645116e-06 0.2866981527343513 5.3389851848194996e-05
59907.14798098576 0.30684670937175706 5.256981007785041e-05 0.036230199091851926 1.68157989224308e-05 2.5627623442985474e-06 1.1894744535752127e-09 0.02012788838436218 9.342110512461554e-06 0.2867188209873949 5.339344492021757e-05
59907.14812126597 0.3069108103854671 5.2570424475721655e-05 0.03624631422568617 1.681455614670477e-05 2.563902256835573e-06 1.189386545175234e-09 0.020136841236492318 9.34142008150265e-06 0.28677396914897474 5.339392904344703e-05
59907.14826154618 0.30685874334201035 5.2568038550474196e-05 0.03618905962367056 1.6811396654975554e-05 2.559852322201998e-06 1.1891630568524062e-09 0.020105033124261425 9.339664808319751e-06 0.2867537102177489 5.3391272842814935e-05
59907.14840182639 0.3078365794845431 5.321167475904797e-05 0.0361543119527952 1.6812127509506952e-05 2.5573944272772225e-06 1.1892147542352298e-09 0.020085728862663996 9.340070838614973e-06 0.2877508506218791 5.4025172410026135e-05
59907.148542106595 0.30691618495921136 5.257289495178994e-05 0.036217409624512115 1.681170433647199e-05 2.5618576745444833e-06 1.1891848208662088e-09 0.02012078312472895 9.33983574248444e-06 0.28679540183448243 5.339608426943431e-05
59907.1486823868 0.30697885371577477 5.257418696940431e-05 0.03624078226240485 1.68116697123616e-05 2.5635109504794725e-06 1.1891823717114003e-09 0.020133767923558248 9.339816506867555e-06 0.2868450857922165 5.3397353004393746e-05
