HD189733b/Results/303050_radii/HD189733b_nrca1_level3_asn_phot.ecsv
# %ECSV 0.9
# ---
# datatype:
# - {name: MJD, datatype: float64}
# - {name: aperture_sum, unit: Jy, datatype: float64}
# - {name: aperture_sum_err, unit: Jy, datatype: float64}
# - {name: annulus_sum, unit: Jy, datatype: float64}
# - {name: annulus_sum_err, unit: Jy, datatype: float64}
# - {name: annulus_mean, unit: Jy, datatype: float64}
# - {name: annulus_mean_err, unit: Jy, datatype: float64}
# - {name: aperture_bkg, unit: Jy, datatype: float64}
# - {name: aperture_bkg_err, unit: Jy, datatype: float64}
# - {name: net_aperture_sum, unit: Jy, datatype: float64}
# - {name: net_aperture_sum_err, unit: Jy, datatype: float64}
# meta: !!omap
# - {instrument: NIRCAM}
# - {detector: NRCA1}
# - {channel: SHORT}
# - {subarray: SUBGRISM64}
# - {filter: WLP4}
# - {pupil: CLEAR}
# - {target_name: UNKNOWN}
# - {xcenter: 1981.2}
# - {ycenter: 29.2}
# - ra_icrs: !numpy.ndarray
#     buffer: !!binary |
#       TW93WjUrbkNja0E9
#     dtype: float64
#     order: C
#     shape: !!python/tuple []
# - dec_icrs: !numpy.ndarray
#     buffer: !!binary |
#       U1ZQa09iSzFOa0E9
#     dtype: float64
#     order: C
#     shape: !!python/tuple []
# - {apertures: Photometry measured in a circular aperture of r=30.0 pixels.  Background calculated as the mean in a circular annulus
#     with r_inner=30.0 pixels and r_outer=50.0 pixels.}
# - {number_of_integrations: 7350}
# - __serialized_columns__:
#     annulus_mean:
#       __class__: astropy.units.quantity.Quantity
#       unit: &id001 !astropy.units.Unit {unit: Jy}
#       value: !astropy.table.SerializedColumn {name: annulus_mean}
#     annulus_mean_err:
#       __class__: astropy.units.quantity.Quantity
#       unit: *id001
#       value: !astropy.table.SerializedColumn {name: annulus_mean_err}
#     annulus_sum:
#       __class__: astropy.units.quantity.Quantity
#       unit: *id001
#       value: !astropy.table.SerializedColumn {name: annulus_sum}
#     annulus_sum_err:
#       __class__: astropy.units.quantity.Quantity
#       unit: *id001
#       value: !astropy.table.SerializedColumn {name: annulus_sum_err}
#     aperture_bkg:
#       __class__: astropy.units.quantity.Quantity
#       unit: *id001
#       value: !astropy.table.SerializedColumn {name: aperture_bkg}
#     aperture_bkg_err:
#       __class__: astropy.units.quantity.Quantity
#       unit: *id001
#       value: !astropy.table.SerializedColumn {name: aperture_bkg_err}
#     aperture_sum:
#       __class__: astropy.units.quantity.Quantity
#       unit: *id001
#       value: !astropy.table.SerializedColumn {name: aperture_sum}
#     aperture_sum_err:
#       __class__: astropy.units.quantity.Quantity
#       unit: *id001
#       value: !astropy.table.SerializedColumn {name: aperture_sum_err}
#     net_aperture_sum:
#       __class__: astropy.units.quantity.Quantity
#       unit: *id001
#       value: !astropy.table.SerializedColumn {name: net_aperture_sum}
#     net_aperture_sum_err:
#       __class__: astropy.units.quantity.Quantity
#       unit: *id001
#       value: !astropy.table.SerializedColumn {name: net_aperture_sum_err}
# schema: astropy-2.0
MJD aperture_sum aperture_sum_err annulus_sum annulus_sum_err annulus_mean annulus_mean_err aperture_bkg aperture_bkg_err net_aperture_sum net_aperture_sum_err
[from data line 7027]
59866.49246045469 3.4017251949152447 0.0006988450071481436 0.3564716583844558 0.00019422456238711905 7.091778313006453e-05 3.863974896721276e-08 0.20051530784125637 0.00010925131634275446 3.2012098870739885 0.0007073331563969793
59866.49249199265 3.391645876071806 0.0006981787890074735 0.3447438090320391 0.00019401242853845106 6.858460163472177e-05 3.859754627894699e-08 0.193918392580522 0.00010913199105287872 3.197727483491284 0.0007066565027586655
59866.492523530615 3.4007043156494836 0.0006987413210852777 0.35508320202075366 0.0001942217345183706 7.064155851312628e-05 3.8639186380600596e-08 0.19973430113667393 0.00010924972566658346 3.2009700145128095 0.0007072304690482607
59866.49255506857 3.4012813498089587 0.0006987673576606866 0.35652342920673236 0.0001942278788128323 7.092808260790608e-05 3.8640408749144835e-08 0.20054442892878693 0.00010925318183221817 3.2007369208801717 0.0007072567269899678
59866.49258660654 3.3935770650875536 0.0006983309510831145 0.3483161219608021 0.00019406267355316352 6.929529071082642e-05 3.86075422070185e-08 0.19592781860295116 0.00010916025387365447 3.1976492464846027 0.0007068112041177672
59866.492618144504 3.3969516195274125 0.0006985260469793528 0.3512045408023692 0.00019415883159121762 6.986992338127038e-05 3.8626672240861416e-08 0.19755255420133266 0.00010921434277005991 3.1993990653260798 0.0007070123131709215
59866.49264968246 3.400961538335817 0.0006987406569813111 0.35708568350983266 0.00019425522435291388 7.103993954742246e-05 3.864584897148921e-08 0.20086069697428086 0.00010926856369851405 3.200100841361536 0.0007072327231763321
59866.49268122043 3.3941612913761734 0.0006983773184882506 0.34822231747049476 0.00019405983985240993 6.927662890043063e-05 3.860697846016578e-08 0.1958750535771533 0.00010915865991698057 3.19828623779902 0.0007068567690937892
59866.492712758394 3.391711991630056 0.0006982252546348664 0.34476185500600964 0.00019401118022269073 6.858819176717217e-05 3.8597297934417244e-08 0.19392854344088042 0.00010913128887526354 3.197783448189176 0.00070670230254436
59866.49274429635 3.3907415013120357 0.000698129436149376 0.3450282688448657 0.00019402738114273027 6.864119311637471e-05 3.86005210050509e-08 0.19407840122523695 0.00010914040189278578 3.196663100086799 0.0007066090410853546
59866.49277583432 3.392104308743427 0.0006982567425017812 0.3446187107891715 0.0001940173149690716 6.855971413006616e-05 3.859851840343115e-08 0.19384802481890898 0.00010913473967010276 3.198256283924518 0.0007067339455920168
59866.49280737228 3.3945482564297405 0.00069840646710153 0.3483033016937493 0.00019407338550166933 6.92927401997349e-05 3.860967328146206e-08 0.195920607202734 0.00010916627934468899 3.1986276492270065 0.0007068867447018675
59866.49283891024 3.393787423900304 0.0006983605283338111 0.34851338451351244 0.00019408257458655283 6.933453484876488e-05 3.8611501391814186e-08 0.19603877878885073 0.00010917144820493596 3.197748645111453 0.0007068421553910342
59866.49287044821 3.3914135796074913 0.0006981623534342844 0.34517883759182966 0.0001940223187182874 6.86711478168178e-05 3.859951386770826e-08 0.1941630961454042 0.00010913755427903666 3.197250483462087 0.0007066411235605443
59866.49290198617 3.3940995668160925 0.0006983161628490522 0.34883310710615323 0.00019408391532190026 6.939814163756106e-05 3.861176812263659e-08 0.19621862274721116 0.00010917220236856889 3.1978809440688813 0.0007067984387831002
59866.49293352413 3.400896123747235 0.000698766567854346 0.3569486519151094 0.00019424506319107036 7.101267797784749e-05 3.864382747257052e-08 0.20078361670224903 0.00010926284804497707 3.200112507044986 0.0007072574399140967
59866.4929650621 3.3995973062182756 0.0006986638523598412 0.3549157473836284 0.00019422276192653846 7.06082444715736e-05 3.8639390776961205e-08 0.19964010790329095 0.00010925030358367788 3.199957198314985 0.0007071540195936241
59866.492996600056 3.391730899582846 0.0006981758447258475 0.34494401010061815 0.0001940130872215664 6.862443037181757e-05 3.859767731978916e-08 0.1940310056815977 0.0001091323615621311 3.197699893901248 0.0007066536510192094
59866.49302813802 3.3922807375534867 0.0006982660451354359 0.3450321218296789 0.00019402232355833287 6.864195964334806e-05 3.8599514830604716e-08 0.1940805685291944 0.00010913755700156223 3.1982001690242923 0.0007067435716986408
59866.49305967598 3.4011968196990803 0.0006987271482844736 0.3567247962094454 0.00019422778022328604 7.09681433002278e-05 3.8640389135377804e-08 0.20065769786781304 0.00010925312637559839 3.2005391218312673 0.0007072169917165419
59866.493091213946 3.393686849822032 0.0006983129887772674 0.3486100347467229 0.00019407203401234204 6.935376280172292e-05 3.860940441120334e-08 0.19609314454503163 0.00010916551913194239 3.1975937052770003 0.0007067942705359081
59866.49312275191 3.40276092092122 0.0006989120558404948 0.35831579272659625 0.00019443260282291843 7.128466200041098e-05 3.868113729686334e-08 0.20155263340871035 0.00010936833908789161 3.2012082875125096 0.0007074174830989342
59866.49315428987 3.4007674585354573 0.0006987901264153695 0.354794085170806 0.0001942171024080022 7.058404054337587e-05 3.8638264851523e-08 0.19957167290857836 0.00010924712010450123 3.201195785626879 0.0007072782861269922
59866.493185827836 3.400160318636858 0.0006987157395673062 0.3551683348317669 0.0001942314147599925 7.065849514774136e-05 3.8641112203481154e-08 0.19978218834286887 0.00010925517080249576 3.200378130293989 0.0007072060357959129
59866.4932173658 3.4014597792109864 0.0006987547064380149 0.35665647638622394 0.00019422989850587322 7.095455150325673e-05 3.864081055430857e-08 0.20061926796725096 0.00010925431790955367 3.2008405112437353 0.000707244403124661
59866.49324890376 3.4017201753756168 0.0006988499449769933 0.3552155313604515 0.0001942349972869178 7.066788459878752e-05 3.864182492456731e-08 0.19980873639025395 0.00010925718597389126 3.2019114389853627 0.0007073389415840754
59866.493280441726 3.3998366079855 0.000698702164579582 0.354754994771863 0.00019421667114051186 7.057626375560186e-05 3.8638179053581894e-08 0.19954968455917294 0.00010924687751653791 3.2002869234263267 0.0007071913425907494
59866.493311979684 3.4012206029604073 0.0006987515423634659 0.35702807805810577 0.00019425182253935398 7.102847930693324e-05 3.8645172202184794e-08 0.2008282939076845 0.00010926665017838661 3.200392309052723 0.0007072431822198984
59866.49334351765 3.3975343384012686 0.0006985733518167731 0.3511973820141213 0.00019414891429912515 6.986849918560013e-05 3.862469925828816e-08 0.1975485273829432 0.0001092087642932579 3.1999858110183252 0.0007070581886004726
59866.493375055616 3.3992072199671917 0.0006986204684816637 0.35515027865496507 0.0001942293475232839 7.065490298550217e-05 3.864070093980527e-08 0.19977203174341784 0.0001092540079818472 3.1994351882237737 0.0007071117289662481
59866.493406593574 3.39576072291847 0.0006984006231962758 0.35085204076600907 0.00019413179486198423 6.97997957272369e-05 3.862129345448325e-08 0.1973542729308801 0.00010919913460986611 3.19840644998759 0.0007068860456116602
59866.49343813154 3.3959587767494055 0.0006984337435256635 0.35106921038009503 0.0001941405881689721 6.984300024920082e-05 3.862304282732481e-08 0.19747643083880345 0.00010920408084504681 3.198482345910602 0.0007069195324564769
59866.493469669505 3.395314562036279 0.0006983975063419299 0.35069250071868197 0.00019412216686501431 6.976805624329537e-05 3.861937802534596e-08 0.1972645316542586 0.00010919371886157055 3.1980500303820203 0.0007068821295686048
59866.493501207464 3.3928740349263453 0.0006982294919111127 0.34842592784269383 0.0001940725922791392 6.931713589693096e-05 3.860951547485376e-08 0.19598958441151526 0.00010916583315701579 3.19688445051483 0.0007067118242277513
59866.49353274543 3.393310837071028 0.00069829891186704 0.34833472308280866 0.0001940676288485704 6.929899128646941e-05 3.860852803171661e-08 0.19593828173407984 0.00010916304122732086 3.197372555336948 0.0007067799798273079
59866.49356428339 3.3939592283688818 0.0006983235566583654 0.3484539181700689 0.00019407566016619408 6.932270439563158e-05 3.8610125811590796e-08 0.19600532897066372 0.00010916755884348416 3.197953899398218 0.0007068050266430162
59866.493595821354 3.4007796588403183 0.0006987314794884647 0.35678854280107375 0.0001942440588405658 7.098082528168144e-05 3.8643627663386274e-08 0.20069355532560396 0.00010926228309781826 3.2000861035147143 0.0007072226855353882
59866.49362735932 3.396395509698759 0.0006984729533232784 0.35117868599001517 0.00019415459035238968 6.986477972978431e-05 3.8625828473206036e-08 0.19753801086938355 0.00010921195707321919 3.1988574988293754 0.0007069594882961154
59866.49365889728 3.4009048498846752 0.0006987062804108548 0.3569475611487708 0.00019425645648287824 7.101246097677931e-05 3.864609409595716e-08 0.20078300314618355 0.000109269256771619 3.2001218467384915 0.000707198866487351
59866.49369043524 3.390521077989687 0.0006981053983259497 0.3447092373310587 0.00019400293309636523 6.85777238133441e-05 3.8595657220765986e-08 0.19389894599872048 0.00010912664986670544 3.1966221319909662 0.0007065831677042437
59866.49372197321 3.399788136335234 0.0006986349288263037 0.35537686850420547 0.0001942428899297625 7.06999816037035e-05 3.8643395115970796e-08 0.19989948853361558 0.00010926162558549139 3.199888647801618 0.0007071271926617718
59866.49375351117 3.399678193444017 0.000698687147159042 0.35501153931237567 0.00019423269764090316 7.062730167028414e-05 3.864136742452907e-08 0.1996939908632113 0.00010925589242300802 3.1999842025808056 0.0007071778981517937
59866.49378504913 3.392745652876995 0.000698237156256025 0.34827725391395636 0.00019406997360893704 6.928755815859663e-05 3.860899450697001e-08 0.19590595532660043 0.00010916436015502709 3.1968396975503945 0.000706719169051298
59866.49381658709 3.4008978169759074 0.0006987803996468555 0.356923471060801 0.00019424162649882482 7.100766840605443e-05 3.864314376437207e-08 0.20076945247170058 0.00010926091490558896 3.2001283645042067 0.00070727080701569
59866.49384812506 3.399835900448193 0.0006986614185314656 0.3549814289732326 0.00019421870785624746 7.062131140864315e-05 3.8638584245303136e-08 0.19967705379744333 0.00010924802316913918 3.2001588466507496 0.0007071512626805983
59866.49387966302 3.4006302421080523 0.0006987272692871182 0.3569738613622183 0.00019425473393601286 7.101769323799748e-05 3.8645751406146744e-08 0.20079779701624778 0.00010926828783900723 3.1998324450918045 0.0007072194536158498
59866.49391120098 3.40043639540528 0.0006987657961642652 0.35492956080838056 0.00019422930109074443 7.061099256511151e-05 3.864069170234504e-08 0.19964787795471403 0.00010925398186354374 3.200788517450566 0.0007072553078218071
59866.49394273895 3.4000909001872044 0.0006987442200079798 0.3548124879519386 0.00019421191167194262 7.058770166035573e-05 3.863723218739529e-08 0.19958202447296544 0.00010924420031546772 3.200508875714239 0.0007072324796678431
59866.49397427691 3.400980151314737 0.0006987437216056462 0.3566370683968151 0.00019423278083344426 7.095069040644437e-05 3.864138397515925e-08 0.20060835097320848 0.00010925593921881238 3.2003718003415282 0.000707233800618928
59866.49400581487 3.4006575945236097 0.000698719313807349 0.35680935324781543 0.00019424446449470547 7.098496538851506e-05 3.864370836571316e-08 0.20070526120189616 0.00010926251127827181 3.1999523333217135 0.0007072107011762811
59866.49403735284 3.39116196320638 0.0006981223548977334 0.3449261469671808 0.00019401360671312984 6.862087661433549e-05 3.8597780669351926e-08 0.1940209576690392 0.00010913265377613552 3.1971410055373406 0.0007066008480947208
59866.494068890795 3.394569203467541 0.0006983880924762264 0.34828784925524836 0.0001940643330181678 6.928966603477209e-05 3.86078723470914e-08 0.19591191520607718 0.00010916118732271938 3.198657288261464 0.0007068678041404122
59866.49410042876 3.3965893009932087 0.0006984785016931367 0.3512894610909596 0.00019415428528826706 6.988681773589282e-05 3.8625767782627195e-08 0.19760032186366477 0.00010921178547465022 3.198988979129544 0.000706964943553816
59866.49413196673 3.3957898135786673 0.0006983967605426373 0.35131396042664215 0.00019414904198990273 6.989169172386325e-05 3.862472466156121e-08 0.19761410273998617 0.00010920883611932028 3.1981757108386812 0.0007068837280790855
59866.494163504685 3.3920882304788336 0.0006982319535700031 0.344838038581299 0.00019402043302397848 6.860334800790932e-05 3.859913872074523e-08 0.19397139670198071 0.00010913649357598788 3.1981168337768526 0.0007067097248632175
59866.49419504265 3.3917908822430953 0.0006982021199218938 0.3446891992209985 0.00019399759333469678 6.857373735801123e-05 3.85945949089354e-08 0.19388767456181163 0.00010912364625076692 3.197903207681284 0.0007066782651493457
59866.49422658062 3.3971710323248336 0.0006985357344400664 0.3511905429513208 0.00019414744012890938 6.98671385972866e-05 3.862440598144216e-08 0.1975446804101179 0.00010920793507251153 3.199626351914716 0.0007070208945798737
59866.494258118575 3.4001165075915933 0.0006987402284473695 0.3546699405573778 0.00019420815890758996 7.055934275726921e-05 3.863648559864906e-08 0.19950184156352502 0.00010924208938551935 3.200614666028068 0.0007072282099464047
59866.49428965654 3.3940594320808017 0.0006982925241380908 0.34866396700646596 0.0001940840863006376 6.93644922838857e-05 3.8611802137775605e-08 0.1961234814411371 0.00010917229854410866 3.1979359506396645 0.0007067750986251214
59866.4943211945 3.3957977103049206 0.0006983956475313918 0.3510773770064015 0.00019414700199802282 6.984462494788214e-05 3.8624318818071764e-08 0.19748102456610084 0.00010920768862388782 3.1983166857388197 0.0007068824511510835
59866.494352732465 3.400189105474622 0.000698704725096848 0.3567914791034333 0.00019424703446780812 7.098140944047511e-05 3.864421964561679e-08 0.20069520699568122 0.00010926395688814206 3.199493898478941 0.000707196510983698
59866.49438427043 3.3996579605613437 0.000698619804584455 0.35503465350197116 0.0001942222238812388 7.063190009219625e-05 3.863928373624989e-08 0.19970699259485877 0.00010925000093319681 3.199950967966485 0.0007071104539331359
59866.49441580839 3.40237212030891 0.0006988494458113104 0.3568246939488053 0.00019425865867851998 7.098801732400634e-05 3.864653220885971e-08 0.20071389034620296 0.00010927049550666748 3.201658229962707 0.0007073405043534891
59866.494447346355 3.40139115161144 0.0006987309108481048 0.3565052143514982 0.0001942227856333901 7.092445887759581e-05 3.8639395493289485e-08 0.20053418307271773 0.00010925031691878192 3.2008569685387225 0.0007072202751063323
59866.49447888432 3.3917653304635675 0.0006981837279492022 0.3449861654729234 0.00019402419647020683 6.863281691666789e-05 3.8599887434583107e-08 0.1940547180785194 0.00010913861051449132 3.1977106123850483 0.000706662404743651
59866.49451042228 3.4024742791691844 0.0006989064448988282 0.3567805288904623 0.00019423449448661593 7.097923096482231e-05 3.864172489562552e-08 0.20068904750088504 0.00010925690314872146 3.2017852316682993 0.000707394719804133
59866.494541960245 3.391121136450704 0.0006981341930554024 0.34474250255571515 0.0001939979575704614 6.858434171951554e-05 3.859466737133839e-08 0.19391765768758978 0.00010912385113338453 3.1972034787631145 0.00070661118473974
59866.4945734982 3.4014099723258857 0.000698778246318211 0.35685154335929126 0.00019424811344918137 7.099335884450377e-05 3.8644434302140614e-08 0.2007289931396013 0.00010926456381516452 3.2006809791862842 0.0007072692432399931
59866.49460503617 3.396465307521275 0.0006984837323882814 0.35071145246288 0.00019412810456440174 6.977182657300703e-05 3.8620559293106084e-08 0.19727519201037 0.00010919705881747597 3.199190115510905 0.0007069678366555664
59866.494636574134 3.4004977442688844 0.0006987068482792972 0.35671712614851664 0.0001942365238290785 7.096661739008952e-05 3.86421286204807e-08 0.20065338345854059 0.00010925804465385665 3.199844360810344 0.000707197695240852
