HD189733b/Results/303050_radii/HD189733b_nrca1_level3_asn_phot.ecsv
# %ECSV 0.9
# ---
# datatype:
# - {name: MJD, datatype: float64}
# - {name: aperture_sum, unit: Jy, datatype: float64}
# - {name: aperture_sum_err, unit: Jy, datatype: float64}
# - {name: annulus_sum, unit: Jy, datatype: float64}
# - {name: annulus_sum_err, unit: Jy, datatype: float64}
# - {name: annulus_mean, unit: Jy, datatype: float64}
# - {name: annulus_mean_err, unit: Jy, datatype: float64}
# - {name: aperture_bkg, unit: Jy, datatype: float64}
# - {name: aperture_bkg_err, unit: Jy, datatype: float64}
# - {name: net_aperture_sum, unit: Jy, datatype: float64}
# - {name: net_aperture_sum_err, unit: Jy, datatype: float64}
# meta: !!omap
# - {instrument: NIRCAM}
# - {detector: NRCA1}
# - {channel: SHORT}
# - {subarray: SUBGRISM64}
# - {filter: WLP4}
# - {pupil: CLEAR}
# - {target_name: UNKNOWN}
# - {xcenter: 1981.2}
# - {ycenter: 29.2}
# - ra_icrs: !numpy.ndarray
#     buffer: !!binary |
#       TW93WjUrbkNja0E9
#     dtype: float64
#     order: C
#     shape: !!python/tuple []
# - dec_icrs: !numpy.ndarray
#     buffer: !!binary |
#       U1ZQa09iSzFOa0E9
#     dtype: float64
#     order: C
#     shape: !!python/tuple []
# - {apertures: Photometry measured in a circular aperture of r=30.0 pixels.  Background calculated as the mean in a circular annulus
#     with r_inner=30.0 pixels and r_outer=50.0 pixels.}
# - {number_of_integrations: 7350}
# - __serialized_columns__:
#     annulus_mean:
#       __class__: astropy.units.quantity.Quantity
#       unit: &id001 !astropy.units.Unit {unit: Jy}
#       value: !astropy.table.SerializedColumn {name: annulus_mean}
#     annulus_mean_err:
#       __class__: astropy.units.quantity.Quantity
#       unit: *id001
#       value: !astropy.table.SerializedColumn {name: annulus_mean_err}
#     annulus_sum:
#       __class__: astropy.units.quantity.Quantity
#       unit: *id001
#       value: !astropy.table.SerializedColumn {name: annulus_sum}
#     annulus_sum_err:
#       __class__: astropy.units.quantity.Quantity
#       unit: *id001
#       value: !astropy.table.SerializedColumn {name: annulus_sum_err}
#     aperture_bkg:
#       __class__: astropy.units.quantity.Quantity
#       unit: *id001
#       value: !astropy.table.SerializedColumn {name: aperture_bkg}
#     aperture_bkg_err:
#       __class__: astropy.units.quantity.Quantity
#       unit: *id001
#       value: !astropy.table.SerializedColumn {name: aperture_bkg_err}
#     aperture_sum:
#       __class__: astropy.units.quantity.Quantity
#       unit: *id001
#       value: !astropy.table.SerializedColumn {name: aperture_sum}
#     aperture_sum_err:
#       __class__: astropy.units.quantity.Quantity
#       unit: *id001
#       value: !astropy.table.SerializedColumn {name: aperture_sum_err}
#     net_aperture_sum:
#       __class__: astropy.units.quantity.Quantity
#       unit: *id001
#       value: !astropy.table.SerializedColumn {name: net_aperture_sum}
#     net_aperture_sum_err:
#       __class__: astropy.units.quantity.Quantity
#       unit: *id001
#       value: !astropy.table.SerializedColumn {name: net_aperture_sum_err}
# schema: astropy-2.0
MJD aperture_sum aperture_sum_err annulus_sum annulus_sum_err annulus_mean annulus_mean_err aperture_bkg aperture_bkg_err net_aperture_sum net_aperture_sum_err
[from data line 1195]
59866.30853105469 3.397009857272362 0.000698540793223036 0.35174115931303984 0.00019420730932051574 6.997668024193019e-05 3.8636316578671e-08 0.1978544021135849 0.0001092416114927901 3.199155455158777 0.0007070310951282199
59866.30856259265 3.4006684572616077 0.0006987879425083731 0.35505717953319027 0.00019426331387641173 7.06363815037172e-05 3.8647458331054134e-08 0.1997196634874195 0.00010927311405548158 3.200948793774188 0.0007072801439673445
59866.30859413061 3.3935797160058123 0.0006983096020330315 0.3483683091245432 0.000194120108858378 6.930567301717059e-05 3.86189685979346e-08 0.1959571738825555 0.00010919256123283762 3.197622542123257 0.0007067951016526062
59866.30862566858 3.396024245435031 0.0006984532644559196 0.35111784780662747 0.00019417957383829508 6.98526763577657e-05 3.863079877980293e-08 0.19750378939122792 0.00010922601028404098 3.198520456043803 0.0007069422069389408
59866.30865720654 3.391566410775911 0.0006982389051564925 0.3451543841124505 0.00019406081460056473 6.866628295166905e-05 3.860717238014966e-08 0.19414934106325338 0.00010915920821281765 3.1974170697126576 0.0007067201011799414
59866.3086887445 3.400828615349022 0.0006986970208061033 0.356585792289767 0.0001942696675848564 7.094048934907035e-05 3.8648722361186557e-08 0.20057950816299394 0.00010927668801648172 3.2002491071860284 0.0007071908663346663
59866.30872028247 3.40017555944332 0.0006987074367108886 0.35521622710793094 0.00019428310511359064 7.066802301335065e-05 3.86513956725878e-08 0.19980912774821113 0.00010928424662639473 3.200366431695109 0.0007072023251346103
59866.30875182043 3.393574216340154 0.0006982967664560737 0.3484918214276002 0.0001941030227576618 6.933024500912582e-05 3.861556942620066e-08 0.1960266495530251 0.00010918295030118475 3.197547566787129 0.0007067809354244632
59866.30878335839 3.3943738559983476 0.0006983492045532524 0.34818733469185364 0.00019409194013362798 6.926966929775085e-05 3.8613364608203895e-08 0.19585537576416767 0.00010917671632516573 3.19851848023418 0.0007068317811811421
59866.30881489635 3.40041526240192 0.0006987292547304248 0.35534805931090296 0.0001942803415326832 7.069425019680277e-05 3.865084587563523e-08 0.19988328336238292 0.0001092826921121343 3.2005319790395372 0.000707223640874236
59866.30884643432 3.3960685820427585 0.0006984171730487769 0.35135669444181383 0.00019420086359167788 6.990019338605418e-05 3.8635034241663025e-08 0.19763814062352028 0.00010923798577031879 3.198430441419238 0.0007069083994016491
59866.30887797228 3.3958234041298825 0.0006984247964517298 0.3509545651518614 0.00019418180110075304 6.982019230573172e-05 3.863124187959011e-08 0.19741194289792202 0.00010922726311917359 3.1984114612319603 0.0007069142743693505
59866.30890951024 3.3915150533800116 0.0006981997986862763 0.34485638041221567 0.00019404765025088377 6.8606996999229e-05 3.860455341599427e-08 0.1939817139818713 0.00010915180326612211 3.19753333939814 0.0007066803202593115
59866.308941048206 3.391844798825062 0.0006981753278565266 0.34494048747442296 0.0001940527017810418 6.862372956760302e-05 3.8605558385987805e-08 0.19402902420436288 0.000109154644751836 3.197815774620699 0.0007066565820102917
59866.30897258617 3.4003837047852024 0.0006986624031217335 0.3569120156759636 0.0001942942856353335 7.100538942965205e-05 3.865361996671495e-08 0.2007630088177295 0.00010929053566987508 3.199620695967473 0.0007071588044582659
59866.30900412413 3.401275367908441 0.0006987530114000444 0.3569431316487161 0.00019428626709188488 7.10115797557429e-05 3.865202472818214e-08 0.2007805115524028 0.00010928602523918524 3.2004948563560385 0.0007072476272517359
59866.309035662096 3.4018695643135466 0.0006988266022465003 0.35691059228762334 0.00019427943252919248 7.100510625553919e-05 3.865066503513668e-08 0.2007622081617881 0.00010928218079767075 3.2011073561517587 0.0007073197403206581
59866.309067200054 3.3966515305459986 0.0006984774607612625 0.3508468354603115 0.00019416976299803737 6.97987601645718e-05 3.86288469751493e-08 0.1973513449464252 0.000109220491686396 3.1993001855995735 0.0007069652601052749
59866.30909873802 3.3940166678246513 0.0006983386973590907 0.34861956714376274 0.0001941147439595414 6.935565921185843e-05 3.861790128522331e-08 0.19609850651836652 0.00010918954347724204 3.197918161306285 0.0007068233814991976
59866.309130275986 3.391023329043133 0.0006981238559388463 0.34509669374211294 0.00019406159137835217 6.865480581715902e-05 3.8607326915180355e-08 0.19411689022993853 0.00010915964515032309 3.1969064388131945 0.000706606500366553
59866.309161813944 3.3931969279512266 0.0006982838124372085 0.3487580310769125 0.00019412542362907633 6.938320573610934e-05 3.8620025937969646e-08 0.19617639248076327 0.00010919555079135542 3.1970205354704633 0.0007067700835664099
59866.30919335191 3.392536249998937 0.0006982221179665137 0.3485135093428733 0.00019410558971533773 6.933455968277716e-05 3.86160801062042e-08 0.1960388490053662 0.00010918439421487746 3.1964974009935707 0.0007067074061856958
59866.309224889876 3.3921532048405494 0.0006981862320826397 0.3483036887059737 0.00019410348487186192 6.929281719337059e-05 3.861566136089969e-08 0.19592082489711019 0.00010918321024042232 3.196232379943439 0.0007066717682688038
59866.309256427834 3.395674731710982 0.0006984126078259028 0.3506448112440508 0.00019416203814678985 6.975856872376911e-05 3.862731016482344e-08 0.19723770632477855 0.00010921614645756929 3.1984370253862036 0.0007069005145119217
59866.3092879658 3.401526758177571 0.0006988057578368508 0.35678735759891544 0.00019427590615144738 7.098058949320387e-05 3.8649963484575006e-08 0.20069288864938992 0.00010928019721018913 3.2008338695281813 0.0007072988397334136
59866.30931950376 3.3999757750709776 0.0006986706281092843 0.35507816976736395 0.0001942520054245799 7.064055737812395e-05 3.864520858604445e-08 0.1997314704941422 0.00010926675305132619 3.2002443045768354 0.0007071632554827784
59866.309351041724 3.3952510555856685 0.0006983708481947918 0.3509615128265928 0.00019416732848862137 6.982157450170235e-05 3.8628362644889854e-08 0.19741585096495848 0.00010921912227484952 3.19783520462071 0.0007068597161239289
59866.30938257969 3.3938238875498667 0.0006983633071921389 0.3486508925646883 0.00019411856049430864 6.936189120633935e-05 3.8618660560690416e-08 0.19611612706763715 0.00010919169027804861 3.1977077604822295 0.0007068480275548056
59866.30941411765 3.3998612627761773 0.0006987136500151943 0.35514411309373406 0.00019425867762194545 7.06536763860686e-05 3.864653597753446e-08 0.19976856361522538 0.00010927050616234431 3.200092699160952 0.0007072063406351292
59866.309445655614 3.396894773673275 0.0006985225821446725 0.3506602898751067 0.00019416683864494945 6.976164809957517e-05 3.8628265193587695e-08 0.19724641305474755 0.00010921884673778407 3.1996483606185273 0.0007070095856838097
59866.30947719358 3.393666311557192 0.0006982866669484614 0.34851932492148585 0.00019411070762757188 6.933571665538108e-05 3.861709828249217e-08 0.19604212026833578 0.00010918727304050917 3.197624191288856 0.0007067716249482673
59866.30950873154 3.3906770342718753 0.0006981539290403516 0.34508981465855915 0.00019406204021868293 6.865343726696962e-05 3.8607416209126985e-08 0.1941130207454395 0.00010915989762300915 3.196564013526436 0.0007066362514643204
59866.3095402695 3.4012352663861862 0.0006987624007287561 0.3571569212933985 0.00019428945604405614 7.105411185415922e-05 3.865265915005882e-08 0.20090076822753664 0.00010928781902478157 3.2003344981586497 0.0007072571809882231
59866.30957180746 3.3965716430721833 0.0006985052802547063 0.35098452342863395 0.00019418773962853454 6.98261523155253e-05 3.8632423312154005e-08 0.19742879442860656 0.00010923060354105067 3.199142848643577 0.000706994307822664
59866.30960334543 3.391949571882 0.0006982052099742614 0.3448518319401468 0.00019404572808070266 6.860609210946239e-05 3.8604171012387034e-08 0.19397915546633254 0.00010915072204539523 3.1979704164156675 0.0007066854996094328
59866.30963488339 3.3999696442156417 0.0006986997800951445 0.3549446328685774 0.0001942647011218472 7.061399105621514e-05 3.8647734314764555e-08 0.19965635598857476 0.00010927389438103903 3.200313288227067 0.0007071931608112466
59866.30966642135 3.3912705952239097 0.0006981425703810019 0.3450905632448125 0.00019404361869390806 6.86535861934728e-05 3.860375136321797e-08 0.194113441825207 0.00010914953551532327 3.197157153398703 0.000706623428483236
59866.30969795932 3.3957367212219483 0.0006984241576498346 0.3509447686694269 0.0001941771559018457 6.981824335747626e-05 3.863031774663043e-08 0.19740643237655262 0.0001092246501947882 3.1983302888453955 0.0007069132395132057
59866.30972949728 3.400961673185294 0.0006987431578495043 0.356866647006454 0.00019428176423265533 7.09963636196346e-05 3.865112891280161e-08 0.20073748894113033 0.00010928349238086863 3.2002241842441634 0.0007072375006661176
59866.30976103524 3.3961959052543653 0.0006984309933033062 0.35125056125426946 0.00019418790679772894 6.987907885927444e-05 3.863245656940853e-08 0.19757844070552658 0.00010923069757372252 3.1986174645488386 0.0007069209274728575
59866.30979257321 3.401096751299657 0.0006987735743451599 0.35672764016161834 0.00019426583831011512 7.096870908653561e-05 3.864796055118214e-08 0.20065929759091033 0.00010927453404943976 3.2004374537087465 0.0007072661677154032
59866.309824111166 3.3969299468631045 0.0006984746569396773 0.35119231860690353 0.00019418977064200978 6.986749185274064e-05 3.8632827369446596e-08 0.19754567921638325 0.0001092317459861305 3.199384267646721 0.0007069642287401665
59866.30985564913 3.3912639468572214 0.000698156410038307 0.3449823085542058 0.00019405915897505586 6.863204960706913e-05 3.8606843003920104e-08 0.19405254856174078 0.00010915827692346891 3.197211398295481 0.0007066384523209003
59866.3098871871 3.3997746512748517 0.0006986886234134159 0.3549430645771471 0.00019425763025851214 7.061367905454847e-05 3.864632761119993e-08 0.1996554738246452 0.00010926991702041307 3.2001191774502065 0.0007071815235517555
59866.309918725055 3.391545359359445 0.0006981798232294754 0.34515685485219016 0.00019406402570903205 6.866677448972238e-05 3.8607811209881384e-08 0.19415073085435694 0.00010916101446133051 3.197394628505088 0.0007066620073578092
59866.30995026302 3.396620285436805 0.0006984591612787605 0.35125009311084554 0.00019418939864201403 6.987898572509944e-05 3.86327533623989e-08 0.1975781773748506 0.00010923153673613289 3.1990421080619544 0.0007069488868312665
59866.30998180099 3.40072386967978 0.000698780667964324 0.35487037579418224 0.00019425997737924263 7.059921808065323e-05 3.8646794556032795e-08 0.1996145863842275 0.00010927123727582398 3.2011092832955526 0.0007072726668099484
59866.310013338945 3.3934621261502396 0.0006983070792884116 0.3482608498356454 0.00019410561841605542 6.928429467090906e-05 3.8616085816030566e-08 0.1958967280325505 0.00010918441035903117 3.197565398117689 0.000706791350010568
59866.31004487691 3.396284331170612 0.0006984721005459395 0.3510733989210627 0.0001941772167442245 6.984383353295001e-05 3.8630329850837096e-08 0.19747878689309778 0.00010922468441862628 3.1988055442775143 0.0007069606120056517
59866.31007641487 3.39159076932358 0.0006981793357187484 0.34477793164031045 0.00019404927372637892 6.859139011194373e-05 3.860487639618182e-08 0.1939375865476746 0.00010915271647108813 3.1976531827759054 0.0007066602439204364
59866.310107952835 3.3936373870861 0.0006983325822638052 0.3480747376346364 0.00019408778180505154 6.92472688249587e-05 3.861253733501897e-08 0.19579203991948296 0.0001091743772653415 3.1978453471666173 0.0007068149970837556
59866.3101394908 3.3916154705413444 0.0006981883158845716 0.34477876873421026 0.00019405166971805872 6.859155664648372e-05 3.860535306358113e-08 0.19393805741299325 0.00010915406421640802 3.197677413128351 0.0007066693244882603
59866.31017102876 3.3914165335415754 0.0006981722347316261 0.34476733317307695 0.00019405441140733567 6.858928161388197e-05 3.860589850533219e-08 0.19393162490985577 0.0001091556064166263 3.1974849086317194 0.0007066536745551772
59866.310202566725 3.3927323801484013 0.000698237853901663 0.34467754335933565 0.00019402950147241047 6.85714184980117e-05 3.8600942831237885e-08 0.1938811181396263 0.00010914159457823088 3.198851262008775 0.0007067163421686801
59866.31023410469 3.393107336357742 0.000698262079446909 0.34833822723542124 0.0001940973196622371 6.929968841548147e-05 3.861443483141595e-08 0.19594025281992444 0.00010917974231000836 3.197167083537818 0.0007067461692322083
59866.31026564265 3.4017015611694985 0.0006988273484714593 0.3568776889839115 0.00019428082055801188 7.099856035125194e-05 3.865094117469639e-08 0.2007437000534502 0.00010928296156388167 3.2009578611160485 0.0007073205982154225
59866.310297180615 3.3996904949619364 0.0006986353922374059 0.35496206652719736 0.00019425935945189472 7.061745937239707e-05 3.864667162329293e-08 0.1996661624215485 0.00010927088969169078 3.200024332540388 0.0007071290820074703
59866.31032871857 3.399408410345231 0.000698668315636221 0.35480542607271637 0.0001942452545976389 7.058629674412357e-05 3.8643865551697425e-08 0.19957805216590296 0.00010926295571117188 3.199830358179328 0.0007071603840464309
59866.31036025654 3.3976533917806457 0.0006985787897841658 0.3507553438286256 0.0001941678118904092 6.978055848277886e-05 3.8628458814619895e-08 0.1972998809036019 0.00010921939418835517 3.200353510877044 0.0007070652032190391
59866.310391794505 3.399320444516829 0.0006986602317497765 0.3550050174189756 0.00019425524430637762 7.062600418081798e-05 3.86458529411047e-08 0.1996903222981738 0.00010926857492233741 3.199630122218655 0.0007071532654907349
59866.31042333246 3.3916606405238117 0.0006982042697184529 0.3449064750711932 0.00019405012481877045 6.861696301497746e-05 3.860504571563325e-08 0.19400989222754617 0.00010915319521055837 3.1976507482962653 0.0007066849526328917
59866.31045487043 3.399497540457295 0.0006986339881122801 0.35661415786472966 0.00019426074397441877 7.094613250090654e-05 3.8646947065297335e-08 0.2005954637989104 0.00010927166848561055 3.198902076658385 0.0007071278150937769
59866.310486408394 3.401847331837295 0.0006988431322479963 0.35705858908429056 0.000194288903910031 7.103454928272838e-05 3.865254930648463e-08 0.2008454563599134 0.00010928750844939244 3.2010018754773815 0.0007073368949752773
59866.31051794635 3.401037948144508 0.0006987662410918102 0.35504113974077584 0.00019425471192953257 7.063319048840604e-05 3.8645747028096595e-08 0.19971064110418638 0.00010926827546036205 3.2013273070403216 0.0007072579555661848
59866.31054948432 3.3916512040100617 0.0006982120050803625 0.3446998677809642 0.00019403923327562477 6.8575859800579e-05 3.860287891197133e-08 0.19389367562679233 0.00010914706871753892 3.1977575283832693 0.0007066916489162521
59866.31058102228 3.392432676744038 0.000698205661790874 0.34822292333005245 0.00019411014807130763 6.927674943235991e-05 3.861698696231043e-08 0.1958753943731545 0.00010918695829011053 3.1965572823708834 0.0007066915437568775
59866.31061256024 3.3961845795994394 0.0006984493963741685 0.35079666072654386 0.00019415866067280853 6.978877821845e-05 3.8626638237724326e-08 0.1973231216586809 0.0001092142466284548 3.1988614579407586 0.0007069365678489558
59866.31064409821 3.39993183831253 0.0006987287076172709 0.355014356361704 0.00019426649188104388 7.062786210444106e-05 3.8648090574987106e-08 0.19969557545345848 0.00010927490168308717 3.2002362628590717 0.0007072218965687855
59866.31067563617 3.3933130589709597 0.0006982985251481048 0.3485666758571698 0.00019410223431269507 6.934513682472375e-05 3.86154125700584e-08 0.19606875516965802 0.00010918250680089098 3.197244303801302 0.0007067826044940162
