HD189733b/Results/303050_radii/HD189733b_nrca1_level3_asn_phot.ecsv
# %ECSV 0.9
# ---
# datatype:
# - {name: MJD, datatype: float64}
# - {name: aperture_sum, unit: Jy, datatype: float64}
# - {name: aperture_sum_err, unit: Jy, datatype: float64}
# - {name: annulus_sum, unit: Jy, datatype: float64}
# - {name: annulus_sum_err, unit: Jy, datatype: float64}
# - {name: annulus_mean, unit: Jy, datatype: float64}
# - {name: annulus_mean_err, unit: Jy, datatype: float64}
# - {name: aperture_bkg, unit: Jy, datatype: float64}
# - {name: aperture_bkg_err, unit: Jy, datatype: float64}
# - {name: net_aperture_sum, unit: Jy, datatype: float64}
# - {name: net_aperture_sum_err, unit: Jy, datatype: float64}
# meta: !!omap
# - {instrument: NIRCAM}
# - {detector: NRCA1}
# - {channel: SHORT}
# - {subarray: SUBGRISM64}
# - {filter: WLP4}
# - {pupil: CLEAR}
# - {target_name: UNKNOWN}
# - {xcenter: 1981.2}
# - {ycenter: 29.2}
# - ra_icrs: !numpy.ndarray
#     buffer: !!binary |
#       TW93WjUrbkNja0E9
#     dtype: float64
#     order: C
#     shape: !!python/tuple []
# - dec_icrs: !numpy.ndarray
#     buffer: !!binary |
#       U1ZQa09iSzFOa0E9
#     dtype: float64
#     order: C
#     shape: !!python/tuple []
# - {apertures: Photometry measured in a circular aperture of r=30.0 pixels.  Background calculated as the mean in a circular annulus
#     with r_inner=30.0 pixels and r_outer=50.0 pixels.}
# - {number_of_integrations: 7350}
# - __serialized_columns__:
#     annulus_mean:
#       __class__: astropy.units.quantity.Quantity
#       unit: &id001 !astropy.units.Unit {unit: Jy}
#       value: !astropy.table.SerializedColumn {name: annulus_mean}
#     annulus_mean_err:
#       __class__: astropy.units.quantity.Quantity
#       unit: *id001
#       value: !astropy.table.SerializedColumn {name: annulus_mean_err}
#     annulus_sum:
#       __class__: astropy.units.quantity.Quantity
#       unit: *id001
#       value: !astropy.table.SerializedColumn {name: annulus_sum}
#     annulus_sum_err:
#       __class__: astropy.units.quantity.Quantity
#       unit: *id001
#       value: !astropy.table.SerializedColumn {name: annulus_sum_err}
#     aperture_bkg:
#       __class__: astropy.units.quantity.Quantity
#       unit: *id001
#       value: !astropy.table.SerializedColumn {name: aperture_bkg}
#     aperture_bkg_err:
#       __class__: astropy.units.quantity.Quantity
#       unit: *id001
#       value: !astropy.table.SerializedColumn {name: aperture_bkg_err}
#     aperture_sum:
#       __class__: astropy.units.quantity.Quantity
#       unit: *id001
#       value: !astropy.table.SerializedColumn {name: aperture_sum}
#     aperture_sum_err:
#       __class__: astropy.units.quantity.Quantity
#       unit: *id001
#       value: !astropy.table.SerializedColumn {name: aperture_sum_err}
#     net_aperture_sum:
#       __class__: astropy.units.quantity.Quantity
#       unit: *id001
#       value: !astropy.table.SerializedColumn {name: net_aperture_sum}
#     net_aperture_sum_err:
#       __class__: astropy.units.quantity.Quantity
#       unit: *id001
#       value: !astropy.table.SerializedColumn {name: net_aperture_sum_err}
# schema: astropy-2.0
MJD aperture_sum aperture_sum_err annulus_sum annulus_sum_err annulus_mean annulus_mean_err aperture_bkg aperture_bkg_err net_aperture_sum net_aperture_sum_err
[from data line 3865]
59866.3927374158 3.3228704145026957 0.0006875622175846398 0.34868709116073715 0.00019216731970584972 6.936909268820705e-05 3.823047353988321e-08 0.19613648877791462 0.00010809411733454045 3.126733925724781 0.0006960072853442276
59866.39276895376 3.319288674975761 0.0006873472936770771 0.34262571540915815 0.00019206375605986195 6.816322029720561e-05 3.820987020715375e-08 0.19272696491765143 0.00010803586278367234 3.1265617100581093 0.0006957859223731208
59866.392800491725 3.3136296907110108 0.0006869678974302728 0.337020324473679 0.00019195891358670728 6.70480632030256e-05 3.8189012459843066e-08 0.18957393251644442 0.00010797688889252284 3.1240557581945665 0.0006954019705427057
59866.39283202969 3.3220588503664032 0.0006874737149113024 0.3469324110366522 0.00019214793186807393 6.902001016909052e-05 3.822661645211086e-08 0.19514948120811682 0.00010808321167579159 3.1269093691582865 0.0006959181628180865
59866.39286356765 3.3231708114423766 0.0006875304481986541 0.34870799147041176 0.00019216117680417885 6.937325067270314e-05 3.82292514484259e-08 0.1961482452021066 0.00010809066195235059 3.12702256624027 0.0006959753647950044
59866.392895105615 3.313259473659153 0.0006869958852534026 0.33689564817157763 0.00019194175588482795 6.702325964081828e-05 3.8185599043510325e-08 0.1895038020965124 0.00010796723768521573 3.1237556715626407 0.0006954281204901642
59866.39292664357 3.3213559327722937 0.0006874469198119396 0.3469282011276202 0.0001921458840438371 6.901917263430001e-05 3.822620905042351e-08 0.19514711313428634 0.00010808205977465835 3.1262088196380073 0.0006958915139618072
59866.39295818154 3.3136429899529194 0.0006869565671407612 0.3368401733075943 0.00019195082727717664 6.701222326729292e-05 3.81874037396766e-08 0.18947259748552178 0.00010797234034341186 3.1241703924673976 0.000695390071411041
59866.392989719505 3.322823837051068 0.0006875781928723569 0.34673589149653095 0.00019214396229089118 6.898091384880997e-05 3.8225826729822584e-08 0.19503893896679864 0.00010808097878862628 3.1277848980842693 0.0006960210264708413
59866.39302125746 3.3224413588178576 0.0006875431775430658 0.34664409234553617 0.00019214242319835222 6.89626509879944e-05 3.8225520537090774e-08 0.19498730194436406 0.00010808011304907312 3.1274540568734936 0.0006959863014619729
59866.39305279543 3.31274167270312 0.0006869035937192045 0.3371703003160678 0.0001919635495248016 6.707789994885129e-05 3.818993475042254e-08 0.18965829392778813 0.00010797949660770089 3.123083378775332 0.0006953388517492823
59866.393084333395 3.3239128721981768 0.0006876102872806039 0.3488234172343579 0.00019216358290360843 6.939621389881836e-05 3.822973012669814e-08 0.1962131721943263 0.00010809201538327974 3.1276997000038507 0.0006960544454018908
59866.39311587135 3.3168022276703084 0.0006872089834523978 0.34006726459903663 0.00019198923842848864 6.765423268084524e-05 3.8195045395428044e-08 0.19128783633695812 0.00010799394661602486 3.1255143913333505 0.0006956427814930467
59866.39314740932 3.3134333736823494 0.0006869816804237126 0.3367847774916448 0.0001919421472226911 6.70012026198742e-05 3.81856768977045e-08 0.18944143733905017 0.00010796745781276375 3.123991936343299 0.0006954141220771542
59866.39317894728 3.3233877964019456 0.0006876309606611574 0.3472310240394689 0.000192162827429855 6.907941733842777e-05 3.822957982997034e-08 0.19531745102220124 0.00010809159042929342 3.1280703453797445 0.0006960748020014231
59866.39321048524 3.313500808830333 0.0006869649418681535 0.3367118090498349 0.00019193730439251265 6.69866860096195e-05 3.818471344725268e-08 0.1894003925905321 0.00010796473372078836 3.1241004162398007 0.0006953971635571404
59866.39324202321 3.3154119698163824 0.0006871046569174485 0.34025719037277463 0.0001919951378413021 6.769201721298393e-05 3.81962190463163e-08 0.1913946695846857 0.00010799726503573243 3.1240173002316967 0.0006955402352221206
59866.39327356117 3.315574676223301 0.0006870954672806501 0.3405716691860325 0.00019201335943662903 6.775458078501851e-05 3.819984411752542e-08 0.19157156391714328 0.00010800751468310382 3.124003112306158 0.000695532748607595
59866.39330509913 3.3219332994482245 0.0006874786842614391 0.34884005072280383 0.0001921801765679348 6.939952302620216e-05 3.823303133132507e-08 0.19622252853157715 0.00010810134931946332 3.125710770916647 0.0006959258890417341
59866.3933366371 3.319419289319423 0.0006873668350007708 0.342640984406669 0.00019205014486636682 6.8166257967743e-05 3.820716234624608e-08 0.1927355537287513 0.00010802820648733133 3.126683735590672 0.0006958040379703515
59866.39336817506 3.3212734236660264 0.0006874034061303208 0.34678970419188626 0.00019215158637005104 6.899161954439359e-05 3.822734349217861e-08 0.195069208607936 0.00010808526733315371 3.1262042150580904 0.0006958490265668596
59866.39339971302 3.322246561542186 0.0006874792026865161 0.34648185186843083 0.00019213112862729432 6.893037427061827e-05 3.822327355357331e-08 0.19489604167599234 0.00010807375985285304 3.1273505198661935 0.0006959221161130173
59866.39343125098 3.3211234504909126 0.0006874424631867122 0.3466061794469393 0.00019214538635526214 6.89551084564711e-05 3.8226110038427486e-08 0.19496597593890333 0.00010808177982483495 3.1261574745520093 0.0006958870679372611
59866.39346278895 3.31875987929838 0.0006873150645842697 0.34287153888460326 0.00019206547356308458 6.8212125323762e-05 3.821021189356332e-08 0.1928652406225893 0.00010803682887923507 3.1258946386757906 0.0006957542341939141
59866.39349432691 3.31822650160377 0.0006872125038483443 0.3427643986293911 0.00019206009125833875 6.819081044723559e-05 3.820914111805641e-08 0.1928049742290325 0.00010803380133281555 3.125421527374738 0.0006956524474735419
59866.39352586487 3.3232839277018424 0.0006875746303249938 0.34895777061874284 0.0001921898756052963 6.942294265537585e-05 3.823496089349922e-08 0.19628874597304283 0.00010810680502797916 3.1269951817287995 0.0006960215180293706
59866.39355740284 3.3129269727635213 0.0006869151130970035 0.3365582850793604 0.00019192601405391946 6.695614338613937e-05 3.818246730575732e-08 0.18931403535714025 0.00010795838290532969 3.123612937406381 0.0006953469529958429
59866.3935889408 3.314098091654536 0.0006870022822922879 0.33693094705499965 0.00019195619885342463 6.703028213054608e-05 3.818847238081668e-08 0.1895236577184373 0.00010797536185505136 3.1245744339360986 0.0006954357012999417
59866.39362047876 3.322150627095755 0.0006874838291914342 0.34684126361619794 0.00019215066837298793 6.900187696594631e-05 3.822716086246568e-08 0.19509821078411133 0.0001080847509598057 3.1270524163116438 0.0006959283934355317
59866.393652016726 3.3138974695411356 0.0006870151430761682 0.3365830281834987 0.0001919309818869001 6.696106587030317e-05 3.818345562472647e-08 0.189327953353218 0.0001079611773113813 3.1245695161879175 0.0006954462039744177
59866.393683554685 3.3233574286675016 0.0006875196712788441 0.3486804546750233 0.00019216976420954372 6.936777240132441e-05 3.8230959858441095e-08 0.1961327557547006 0.00010809549236786833 3.127224672912801 0.0006959654688744419
59866.39371509265 3.3227317850106695 0.0006875383069337262 0.3486086058701903 0.0001921642303482547 6.935347853576888e-05 3.822985893171793e-08 0.19609234080198204 0.00010809237957089327 3.1266394442086876 0.0006959833949330923
59866.393746630616 3.3155257937123324 0.0006870537692056812 0.3404224882319991 0.00019200809880100231 6.772490217720653e-05 3.819879754732068e-08 0.1914876496304995 0.0001080045555755638 3.124038144081833 0.0006954910968551708
59866.393778168574 3.3223765925031055 0.0006875011802119168 0.3521840844532505 0.00019268668067106193 7.006479739878543e-05 3.8333797120961337e-08 0.19810354750495338 0.00010838625787747232 3.124273044998152 0.0006959924235862487
59866.39380970654 3.3223220630745236 0.0006874862938664318 0.3490423865034441 0.00019218641435792284 6.943977645076872e-05 3.823427230021328e-08 0.1963363424081873 0.0001081048580763316 3.1259857206663364 0.0006959339513157162
59866.393841244506 3.312410928954602 0.0006868911413413988 0.3361848346627933 0.0001919274316389289 6.688184778639389e-05 3.8182749325334206e-08 0.1891039694978212 0.00010795918029689752 3.1233069594567806 0.0006953233957401891
59866.393872782464 3.3166946313326546 0.0006871066515696356 0.3424141897313427 0.00019204167152607108 6.812113860068663e-05 3.820547662875537e-08 0.19260798172388027 0.00010802344023341497 3.1240866496087745 0.0006955462704026949
59866.39390432043 3.3230194369934387 0.0006875310774858419 0.3488167307449615 0.0001921768751551266 6.939488366401916e-05 3.823237453611556e-08 0.19620941104404085 0.00010809949227475871 3.126810025949398 0.0006959773579211492
59866.39393585839 3.3230068288159025 0.0006874976199369291 0.34859364923577507 0.00019217305513986082 6.935050300789488e-05 3.823161456822527e-08 0.19608392769512345 0.0001080973435161717 3.126922901120779 0.0006959439726689177
59866.393967396354 3.3175028822255292 0.0006872329163452494 0.34293509139977557 0.00019206401470553696 6.822476869493151e-05 3.8209921663075854e-08 0.19290098891237376 0.00010803600827186454 3.1246018933131556 0.0006956729550526706
59866.39399893432 3.3216727964438673 0.0006874040494978522 0.3486560392233483 0.00019216243623540891 6.936291510154703e-05 3.822950200430809e-08 0.19611902206313342 0.0001080913703824175 3.125553774380734 0.0006958506101292105
59866.39403047228 3.313822504584116 0.0006869760269848663 0.33657688214878173 0.00019193246630354349 6.695984315554615e-05 3.818375094003448e-08 0.1893244962086897 0.00010796201229574321 3.124498008375426 0.0006954076917541666
59866.394062010244 3.3182962170693577 0.0006872312114532448 0.34296817785705336 0.00019206558980807922 6.823135103646295e-05 3.82102350197702e-08 0.1929196000445925 0.00010803689426704455 3.125376617024765 0.0006956714084381814
59866.39409354821 3.3145058355678714 0.0006869725328851242 0.34032559434825055 0.0001920022123451722 6.770562575151408e-05 3.819762647414236e-08 0.1914331468208909 0.00010800124444415936 3.1230726887469804 0.000695410331919285
59866.39412508617 3.3217148786259303 0.0006874662983334718 0.3467618799869316 0.0001921507891106134 6.898608409469842e-05 3.8227184882453074e-08 0.195053557492649 0.00010808481887472003 3.126661321133281 0.0006959110858547284
59866.394156624134 3.3132049425718506 0.0006869098794346003 0.3365928718071718 0.00019193692732045315 6.696302419701007e-05 3.8184638431149966e-08 0.18933349039153413 0.00010796452161775489 3.1238714521803166 0.0006953427359173373
59866.39418816209 3.3214846946910273 0.000687440122076168 0.347415086254284 0.00019217718429728333 6.91160353525831e-05 3.823243603799351e-08 0.19542098601803476 0.00010809966616722186 3.1260637086729925 0.0006958875334891131
59866.39421970006 3.322122575429522 0.0006874958718645259 0.34671592638126325 0.00019214769642369908 6.897694191532965e-05 3.822656961194076e-08 0.19502770858946056 0.00010808307923833073 3.1270948668400615 0.0006959400303534808
59866.39425123802 3.3152111730209266 0.0006870477671291816 0.3408492569536038 0.00019202220641523928 6.780980511670703e-05 3.820160416799699e-08 0.19172770703640213 0.0001080124911085721 3.1234834659845245 0.0006954863999767885
59866.39428277598 3.3218634140356778 0.0006874348854071874 0.3470143762222871 0.00019215807427618354 6.903631662465958e-05 3.822863422009274e-08 0.19519558662503647 0.00010808891678035324 3.126667827410641 0.0006958806906399565
59866.39431431395 3.3228639660443076 0.000687508728701206 0.3489662374366914 0.00019218614187096805 6.942462707528682e-05 3.823421809065606e-08 0.1962935085581389 0.00010810470480241953 3.1265704574861686 0.0006959560900234776
59866.394345851906 3.313957107525932 0.0006870291846073761 0.3366778405277767 0.0001919471408129446 6.697992818687565e-05 3.818667034092027e-08 0.1893812852968744 0.00010797026670728133 3.1245758222290574 0.0006954614863492568
59866.39437738987 3.314899331654888 0.0006870696363384216 0.3400174864886077 0.00019197687565104642 6.764432964042955e-05 3.81925858990027e-08 0.1912598361498418 0.00010798699255371361 3.123639495505046 0.0006955040443728611
59866.39440892784 3.3179139170637795 0.0006872340617253752 0.3431382739905288 0.00019207187240275633 6.826519058701725e-05 3.8211484902268084e-08 0.19301527911967242 0.00010804042822655044 3.1248986379441073 0.0006956747729556773
59866.394440465796 3.3126700349702656 0.0006869041719623573 0.33661606068785865 0.00019193549349974404 6.696763747824266e-05 3.818435318158326e-08 0.18934653413692049 0.00010796371509360602 3.123323500833345 0.0006953369724357429
59866.39447200376 3.319314224831921 0.0006872967918646308 0.3426416118153687 0.00019205918030912978 6.816638278673786e-05 3.8208959890469516e-08 0.19273590664614487 0.00010803328892388548 3.1265783181857763 0.0006957356334291966
59866.39450354173 3.32217108046524 0.0006874804310393292 0.3485217918153426 0.00019217310496183644 6.93362074283203e-05 3.823162447999238e-08 0.1960435078961302 0.00010809737154103298 3.12612757256911 0.0006959269967432662
59866.394535079686 3.323086143679808 0.0006875478061096663 0.34866260888206174 0.00019216668940309057 6.936422209362037e-05 3.823034814513351e-08 0.19612271749615973 0.00010809376278923844 3.1269634261836483 0.0006959929936717405
59866.39456661765 3.322362502843154 0.0006874948446422324 0.34875027650497936 0.0001921731377859226 6.938166301304095e-05 3.823163101013684e-08 0.19617203053405088 0.00010809739000458145 3.1261904723091027 0.0006959412382776652
59866.39459815561 3.3149995185579297 0.0006870747742904154 0.34035098208200276 0.0001919998857859502 6.77106764806648e-05 3.8197163619891636e-08 0.19144742742112653 0.00010799993575459699 3.123552091136803 0.0006955111297378513
59866.394629693576 3.3177777041532233 0.0006872316047225848 0.3430470026832071 0.00019206960511244283 6.824703273736386e-05 3.821103383919206e-08 0.19296393900930395 0.00010803915287574909 3.1248137651439194 0.0006956721476986759
59866.39466123154 3.3176999174350232 0.0006872222345068274 0.3427860747192659 0.00019205902521634348 6.819512276829868e-05 3.820892903574005e-08 0.19281716702958704 0.0001080332016841932 3.1248827504054364 0.0006956619669542776
59866.3946927695 3.324388613160285 0.0006876288917080937 0.34857228578341404 0.00019216095879219145 6.934625288408892e-05 3.8229208076319096e-08 0.19607191075317038 0.0001080905393206077 3.1283167024071146 0.000696072594922628
59866.394724307465 3.3226145466589827 0.0006875019766889262 0.34895424402530356 0.00019217743603957492 6.942224106190319e-05 3.8232486120531125e-08 0.19628676226423325 0.00010809980777226087 3.1263277843947495 0.0006959486593072657
59866.39475584543 3.313259607820825 0.0006869370014931768 0.3384690359321315 0.00019211185764909298 6.733627519018384e-05 3.821943971427461e-08 0.19038883271182397 0.0001080629199276148 3.1228707751090012 0.0006953848133830065
59866.39478738339 3.3215488722934303 0.000687438568192941 0.34712891750831915 0.00019216701333678153 6.90591038894847e-05 3.8230412589693695e-08 0.19526001609842952 0.0001080939450019396 3.126288856195001 0.0006958851097596809
59866.394818921355 3.315386535336664 0.0006870256461460473 0.3405432656923455 0.00019200614582865085 6.77489300894918e-05 3.819840901581635e-08 0.19155558695194433 0.00010800345702861609 3.1238309483847195 0.0006954631443811569
59866.39485045931 3.321989754874787 0.0006874442585114047 0.34911870061591543 0.00019219582009453166 6.945495866105308e-05 3.823614351205668e-08 0.1963792690964524 0.00010811014880317405 3.1256104857783344 0.0006958932481599024
59866.39488199728 3.3213954154303575 0.0006874294125126564 0.34696710884826343 0.00019215643430565797 6.902691307938102e-05 3.822830795832315e-08 0.19516899872714816 0.0001080879942969326 3.126226416703209 0.0006958751408827806
59866.394913535245 3.322778349196243 0.0006875960979796264 0.34703001794125987 0.00019215677346942072 6.903942844577579e-05 3.822837543280985e-08 0.19520438509195867 0.00010808818507654915 3.1275739641042843 0.0006960398334218742
