HD189733b/Results/303050_radii/HD189733b_nrca1_level3_asn_phot.ecsv
# %ECSV 0.9
# ---
# datatype:
# - {name: MJD, datatype: float64}
# - {name: aperture_sum, unit: Jy, datatype: float64}
# - {name: aperture_sum_err, unit: Jy, datatype: float64}
# - {name: annulus_sum, unit: Jy, datatype: float64}
# - {name: annulus_sum_err, unit: Jy, datatype: float64}
# - {name: annulus_mean, unit: Jy, datatype: float64}
# - {name: annulus_mean_err, unit: Jy, datatype: float64}
# - {name: aperture_bkg, unit: Jy, datatype: float64}
# - {name: aperture_bkg_err, unit: Jy, datatype: float64}
# - {name: net_aperture_sum, unit: Jy, datatype: float64}
# - {name: net_aperture_sum_err, unit: Jy, datatype: float64}
# meta: !!omap
# - {instrument: NIRCAM}
# - {detector: NRCA1}
# - {channel: SHORT}
# - {subarray: SUBGRISM64}
# - {filter: WLP4}
# - {pupil: CLEAR}
# - {target_name: UNKNOWN}
# - {xcenter: 1981.2}
# - {ycenter: 29.2}
# - ra_icrs: !numpy.ndarray
#     buffer: !!binary |
#       TW93WjUrbkNja0E9
#     dtype: float64
#     order: C
#     shape: !!python/tuple []
# - dec_icrs: !numpy.ndarray
#     buffer: !!binary |
#       U1ZQa09iSzFOa0E9
#     dtype: float64
#     order: C
#     shape: !!python/tuple []
# - {apertures: Photometry measured in a circular aperture of r=30.0 pixels.  Background calculated as the mean in a circular annulus
#     with r_inner=30.0 pixels and r_outer=50.0 pixels.}
# - {number_of_integrations: 7350}
# - __serialized_columns__:
#     annulus_mean:
#       __class__: astropy.units.quantity.Quantity
#       unit: &id001 !astropy.units.Unit {unit: Jy}
#       value: !astropy.table.SerializedColumn {name: annulus_mean}
#     annulus_mean_err:
#       __class__: astropy.units.quantity.Quantity
#       unit: *id001
#       value: !astropy.table.SerializedColumn {name: annulus_mean_err}
#     annulus_sum:
#       __class__: astropy.units.quantity.Quantity
#       unit: *id001
#       value: !astropy.table.SerializedColumn {name: annulus_sum}
#     annulus_sum_err:
#       __class__: astropy.units.quantity.Quantity
#       unit: *id001
#       value: !astropy.table.SerializedColumn {name: annulus_sum_err}
#     aperture_bkg:
#       __class__: astropy.units.quantity.Quantity
#       unit: *id001
#       value: !astropy.table.SerializedColumn {name: aperture_bkg}
#     aperture_bkg_err:
#       __class__: astropy.units.quantity.Quantity
#       unit: *id001
#       value: !astropy.table.SerializedColumn {name: aperture_bkg_err}
#     aperture_sum:
#       __class__: astropy.units.quantity.Quantity
#       unit: *id001
#       value: !astropy.table.SerializedColumn {name: aperture_sum}
#     aperture_sum_err:
#       __class__: astropy.units.quantity.Quantity
#       unit: *id001
#       value: !astropy.table.SerializedColumn {name: aperture_sum_err}
#     net_aperture_sum:
#       __class__: astropy.units.quantity.Quantity
#       unit: *id001
#       value: !astropy.table.SerializedColumn {name: net_aperture_sum}
#     net_aperture_sum_err:
#       __class__: astropy.units.quantity.Quantity
#       unit: *id001
#       value: !astropy.table.SerializedColumn {name: net_aperture_sum_err}
# schema: astropy-2.0
MJD aperture_sum aperture_sum_err annulus_sum annulus_sum_err annulus_mean annulus_mean_err aperture_bkg aperture_bkg_err net_aperture_sum net_aperture_sum_err
[from data line 492]
59866.286359866725 3.400334050134166 0.000698713586975094 0.3549474262530887 0.00019429608114113312 7.061454678240631e-05 3.865397717124415e-08 0.1996579272673624 0.00010929154564188737 3.200676122866804 0.0007072095294694458
59866.28639140469 3.3922756399446667 0.0006982167881066145 0.34487907992843186 0.00019409526930672973 6.86115129244935e-05 3.861402692614834e-08 0.19399448245974293 0.00010917858898503547 3.198281157484924 0.0007067012434449796
59866.28642294265 3.401444037298536 0.0006987457821733531 0.3568709370539974 0.00019432644821131201 7.09972170974754e-05 3.866001850790189e-08 0.2007399020928735 0.000109308627118863 3.2007041352056627 0.0007072439777528413
59866.286454480614 3.393980044874518 0.0006983136064348439 0.3484278351078629 0.00019414806759742467 6.931751533528027e-05 3.862453081233697e-08 0.19599065724817288 0.00010920828802355138 3.197989387626345 0.000706801487763766
59866.28648601857 3.3909697733587905 0.0006981305348632108 0.345097442019699 0.00019410535765429138 6.865495468225481e-05 3.8616033939125917e-08 0.1941173111360807 0.00010918426368053889 3.1968524622227097 0.0007066169026734744
59866.28651755654 3.4007708113783375 0.0006987140505141985 0.3549528090093005 0.0001942966469845248 7.061561764772951e-05 3.8654089742210154e-08 0.1996609550677315 0.0001092918639287952 3.201109856310606 0.000707210036627725
59866.286549094504 3.4015781485573062 0.000698784978393743 0.35653764426896833 0.00019430256412417986 7.09309106046826e-05 3.8655266919741484e-08 0.20055242490129468 0.00010929519231985116 3.2010257236560116 0.0007072806268327849
59866.28658063246 3.4007944342443652 0.0006987591952453782 0.35662362809377257 0.0001943220285862329 7.094801654311203e-05 3.8659139251429445e-08 0.20060079080274706 0.000109306141079756 3.2001936434416183 0.0007072568454371553
59866.28661217043 3.3991260983798806 0.0006986305845986018 0.35482704419579636 0.00019429801721317235 7.059059753305925e-05 3.865436234053818e-08 0.19959021236013544 0.00010929263468240944 3.199535886019745 0.0007071276926640667
59866.286643708394 3.3996157342419506 0.000698655166335024 0.3546673886604152 0.00019428024152027892 7.055883507349937e-05 3.865082597879959e-08 0.1995004061214835 0.00010928263585515689 3.200115328120467 0.0007071504337452328
59866.28667524635 3.394220356842456 0.000698376369922261 0.3485040307661016 0.00019415890234454153 6.93326739798438e-05 3.8626686316787965e-08 0.19603351730593213 0.00010921438256880461 3.1981868395365236 0.0007068644392142527
59866.28670678432 3.394058407141417 0.0006983683652239366 0.3486053932498403 0.00019414780313276964 6.935283940525766e-05 3.862447819876556e-08 0.19609053370303517 0.00010920813926218291 3.197967873438382 0.0007068555660293424
59866.28673832228 3.3996768156388955 0.0006986688574958609 0.355407962151092 0.00019432234927961237 7.070616748820443e-05 3.8659203051350146e-08 0.19991697870998926 0.00010930632146978196 3.199759836928906 0.0007071676211110255
59866.28676986024 3.393093767823744 0.0006982674728155731 0.3483794189066623 0.00019413967550272192 6.930788323809675e-05 3.8622861258143415e-08 0.1959634231349975 0.00010920356747028107 3.1971303446887465 0.0007067551787857542
59866.28680139821 3.396845904474082 0.0006985409606313413 0.3510185812786613 0.00019420839910414765 6.983292790950397e-05 3.8636533384235894e-08 0.19744795196924697 0.00010924222449608304 3.1993979525048353 0.0007070313552400698
59866.286832936166 3.3931983517938358 0.0006982420022529659 0.34865217987018826 0.00019415416438623383 6.936214730763133e-05 3.8625743729931925e-08 0.19611685117698088 0.00010921171746725653 3.197081500616855 0.0007067312734996086
59866.28686447413 3.4000496017945174 0.0006987185758098834 0.354921047157236 0.00019430191180412363 7.060929882803224e-05 3.8655137144789706e-08 0.19964308902594521 0.00010929482538981955 3.200406512768572 0.0007072149652254135
59866.2868960121 3.3906111861178196 0.0006981419200664605 0.34510709029130715 0.00019410657905855739 6.865687414490322e-05 3.861627692978398e-08 0.19412273828886026 0.00010918495072043852 3.1964884478289592 0.000706628257302175
59866.286927550056 3.3933459874803455 0.000698321199089396 0.34844720462897716 0.00019414681055794078 6.932136877906858e-05 3.862428073227756e-08 0.19600155260379964 0.00010920758093884167 3.197344434876546 0.000706808879989609
59866.28695908802 3.396244898380804 0.0006984619147845873 0.35131238218594185 0.00019424447189779403 6.98913777428522e-05 3.864370983851084e-08 0.19761321497959228 0.00010926251544250913 3.1986316834012114 0.0007069563944723724
59866.28699062598 3.4007328620093498 0.0006987547304944371 0.35669455054257226 0.0001942989016769148 7.096212611599035e-05 3.8654538299008926e-08 0.2006406846801969 0.00010929313219326457 3.200092177329153 0.0007072504239185493
59866.287022163946 3.3900619190342978 0.000698054535537215 0.345203360808898 0.0001941073482542227 6.867602655583897e-05 3.86164299563994e-08 0.1941768904550051 0.00010918538339300026 3.195885028579293 0.0007065419892198576
59866.28705370191 3.4004939058719037 0.0006987243572996645 0.3567422871728081 0.00019431908990982422 7.097162301682607e-05 3.865855462033371e-08 0.20066753653470454 0.00010930448807427613 3.1998263693371993 0.0007072221706062451
59866.28708523987 3.4001039079867668 0.0006987130237108347 0.3549487844165119 0.00019428357471763412 7.061481698043422e-05 3.865148909734382e-08 0.19965869123428792 0.00010928451077866919 3.200445216752479 0.0007072078858435266
59866.287116777836 3.3998747146951533 0.000698640455660631 0.35717866327719205 0.0001943410688952873 7.105843728440093e-05 3.866292720055945e-08 0.2009129980934205 0.0001093168512535991 3.198961716601733 0.0007071411883447997
59866.2871483158 3.391693843841795 0.0006982033870460911 0.3452882979518382 0.0001941153545009416 6.869292426352776e-05 3.861802274857556e-08 0.19422466759790896 0.00010918988690677964 3.197469176243886 0.0007066897488186377
59866.28717985376 3.3939535461421606 0.0006983221799538987 0.348546197049141 0.00019414909533711682 6.934106269531572e-05 3.8624735274652235e-08 0.1960572358401418 0.0001092088661271282 3.197896310302019 0.0007068100476481204
59866.287211391726 3.3902933520210734 0.0006980671577073708 0.3452881729587338 0.0001941110887798459 6.869289939693975e-05 3.861717411032777e-08 0.1942245972892878 0.00010918748743866331 3.1960687547317854 0.000706554784912547
59866.287242929684 3.4009679538661817 0.0006987403437061928 0.3570316102410741 0.00019433258231365806 7.102918201240738e-05 3.8661238848789145e-08 0.2008302807606042 0.00010931207755143266 3.2001376731055773 0.0007072391379309115
59866.28727446765 3.3999781505314033 0.0006987322408420817 0.35512410632106417 0.00019429912888346062 7.064969616511145e-05 3.865458350031501e-08 0.19975730980559858 0.00010929325999694658 3.200220840725805 0.0007072282241772856
59866.287306005615 3.3912973039576655 0.0006981497851026297 0.34466594925342464 0.00019409599902960457 6.856911192392861e-05 3.8614172099901606e-08 0.19387459645505137 0.00010917899945415255 3.1974227075026143 0.0007066351083555485
59866.287337543574 3.391480095642427 0.0006981859788223753 0.3449443299091369 0.00019408735084600499 6.862449399570082e-05 3.861245159844081e-08 0.1940311855738895 0.0001091741348508778 3.1974489100685375 0.0007066701159272238
59866.28736908154 3.401089577854579 0.0006988013157875291 0.35675175060605824 0.00019431433895501738 7.097350570705154e-05 3.8657609447906316e-08 0.20067285971590773 0.00010930181566219728 3.2004167181386713 0.0007072977914948094
59866.287400619505 3.400694213118289 0.0006987707131831389 0.35473295749135403 0.00019428733453185636 7.057187957794523e-05 3.865223708861704e-08 0.19953728858888664 0.0001092866256741692 3.2011569245294025 0.0007072652092063617
59866.28743215746 3.3964419239698653 0.0006984791893887396 0.3507918634347889 0.00019420250883588975 6.978782382757968e-05 3.863536155259917e-08 0.19732042318206874 0.00010923891122018798 3.1991215007877964 0.0007069698138773132
59866.28746369543 3.396214229708066 0.0006984746448976134 0.35103790800116175 0.00019420868592509458 6.983677283877861e-05 3.863659044545025e-08 0.19745882325065348 0.00010924238583286569 3.1987554064574124 0.00070696586086409
59866.28749523339 3.396943905435543 0.0006985259635662564 0.35117021138871274 0.00019423425303641937 6.986309376142429e-05 3.864167686063516e-08 0.1975332439061509 0.0001092567673329859 3.199410661529392 0.0007070187854535557
59866.28752677135 3.402135850439062 0.0006988591030525394 0.3567944430669049 0.00019431989436105934 7.098199910227218e-05 3.865871466082189e-08 0.200696874225134 0.00010930494057809587 3.2014389762139284 0.0007073553675163432
59866.28755830932 3.395304586943244 0.0006983590770068805 0.3513249346778491 0.00019422484337684194 6.989387498177115e-05 3.863980486834196e-08 0.1976202757562901 0.00010925147439947359 3.197684311186954 0.0007068530859353737
59866.28758984728 3.3913191207479354 0.0006981620094491419 0.34484096399073383 0.00019409086668652157 6.860392999962446e-05 3.861315105268748e-08 0.19397304224478776 0.00010917611251116838 3.1973460785031476 0.0007066467398786433
59866.28762138524 3.3908483007588694 0.0006981095916520778 0.3451590429399071 0.00019409821896949588 6.866720979594247e-05 3.861461374291045e-08 0.19415196165369775 0.00010918024817034144 3.1966963391051717 0.0007065955905234395
59866.28765292321 3.4007619487814873 0.0006987438481828372 0.3551079417411266 0.00019429856737084277 7.064648032411136e-05 3.865447179092909e-08 0.1997482172293837 0.00010929294414609904 3.2010137315521034 0.0007072396432705693
59866.28768446117 3.3907524760985512 0.0006981314569051053 0.3447609039806322 0.0001940862811858724 6.858800256668489e-05 3.86122387963189e-08 0.1939280084891056 0.00010917353316705322 3.1968244676094457 0.0007066161556776229
59866.28771599913 3.3931915725513493 0.0006982841470639894 0.34851993595331393 0.0001941524641008696 6.933583821630085e-05 3.8625405468906445e-08 0.19604246397373906 0.00010921076105673915 3.19714910857761 0.0007067727643107616
59866.28774753709 3.3916502858165343 0.0006982179501321731 0.34491067283970145 0.00019409438933448443 6.861779813448752e-05 3.8613851861232554e-08 0.19401225347233206 0.00010917809400064748 3.1976380323442024 0.0007067023150495462
59866.28777907506 3.3910506006179393 0.0006981293729308698 0.34462426416544445 0.00019406620933611117 6.856081893917202e-05 3.860824562868577e-08 0.1938511485930625 0.00010916224275156251 3.197199452024877 0.0007066123524192034
59866.28781061302 3.40002807600736 0.0006986947158424095 0.35506919399742093 0.0001943146885221113 7.063877170543084e-05 3.8657678992069986e-08 0.19972642162354926 0.00010930201229368758 3.2003016543838108 0.0007071925026734621
59866.28784215098 3.4006512387640764 0.0006987359297529774 0.3551838257253693 0.00019429630018606397 7.066157696310352e-05 3.865402074884853e-08 0.1997909019705202 0.00010929166885466098 3.200860336793556 0.0007072316228851724
59866.28787368895 3.392734407202325 0.0006982545835849904 0.34870900887826467 0.00019415614546921633 6.937345307956429e-05 3.8626137853868594e-08 0.19614881749402385 0.00010921283182643417 3.196585589708301 0.0007067438759076708
59866.28790522691 3.4001859558963172 0.0006987010155105652 0.35670886396118406 0.0001943240264665114 7.09649736801461e-05 3.865953671708198e-08 0.20064873597816602 0.00010930726488741265 3.199537219918151 0.0007071995384844805
59866.28793676487 3.390854952732666 0.0006981214125573669 0.3450209780494402 0.000194111252444228 6.863974265871091e-05 3.861720667032204e-08 0.19407430015281013 0.00010918757949987823 3.196780652579856 0.0007066084022909262
59866.28796830284 3.399804890579329 0.0006986849729805359 0.3551453774774853 0.00019431124346118005 7.065392792722357e-05 3.8656993618974416e-08 0.19976927483108547 0.00010930007444691378 3.2000356157482437 0.0007071825773751168
59866.287999840795 3.393918805708273 0.0006983692660208152 0.3484979550888144 0.00019414089859050648 6.933146526225269e-05 3.8623104583726854e-08 0.1960300997374581 0.0001092042554571599 3.197888705970815 0.0007068558559794244
59866.28803137876 3.391111688346025 0.0006981595919637466 0.34447697256494036 0.00019406817728951476 6.853151620630184e-05 3.860863714057572e-08 0.19376829706777893 0.00010916334972535204 3.1973433912782463 0.0007066423796902112
59866.28806291673 3.400148177091628 0.0006987271429225448 0.3550216470695132 0.0001943059810823096 7.062931254467416e-05 3.8655946701962344e-08 0.19969967647660117 0.00010929711435879914 3.200448500615027 0.0007072237831576811
59866.288094454685 3.393973765405417 0.0006983236755729462 0.34851243431704426 0.00019414991351696372 6.933434581318386e-05 3.862489804636095e-08 0.19603824430333738 0.00010920932635329208 3.19793552110208 0.0007068115964160812
59866.28812599265 3.400671248383277 0.0006987546868903534 0.35668378871457335 0.0001943177861429448 7.095998511833693e-05 3.8658295244154335e-08 0.20063463115194752 0.00010930375470540644 3.2000366172313295 0.000707252022438915
59866.28815753062 3.3966758538793416 0.00069849764135516 0.35131952456797855 0.00019423086979807793 6.989279867461044e-05 3.864100378675303e-08 0.19761723256948793 0.00010925486426141883 3.1990586213098537 0.0007069905093730061
59866.288189068575 3.3937227544009962 0.0006982857217240778 0.34857896972250435 0.00019416019888158812 6.934758261152086e-05 3.86269442546378e-08 0.1960756704689087 0.00010921511187089332 3.1976470839320874 0.0007067749923594411
59866.28822060654 3.40130392063967 0.000698773245560993 0.35684916792212595 0.00019433185005016262 7.09928862662952e-05 3.866109316959546e-08 0.20072765695619585 0.00010931166565321646 3.200576263683474 0.0007072715807663448
59866.2882521445 3.4014675587408414 0.0006988118899430797 0.3565878021328337 0.00019430724155114934 7.094088919464398e-05 3.865619746427042e-08 0.20058063869971895 0.0001092978233725215 3.2008869200411225 0.0007073076217034494
59866.288283682465 3.4000363306022785 0.0006987120383673949 0.35525487103054054 0.0001943183254675916 7.067571097748038e-05 3.865840253938367e-08 0.19983086495467905 0.00010930405807552026 3.2002054656475996 0.0007072099332385657
59866.28831522043 3.3957019847270153 0.000698463497100485 0.3507460758290324 0.00019420179916465296 6.977871467284407e-05 3.8635220367992536e-08 0.1972946676538307 0.00010923851203011728 3.1984073170731846 0.0007069542483728302
59866.28834675839 3.3910346687960664 0.0006981621507810431 0.3450934980912103 0.00019408844197970463 6.865417006261209e-05 3.861266867259315e-08 0.1941150926763058 0.00010917474861358385 3.1969195761197606 0.0007066466687942789
59866.288378296354 3.4004947052326555 0.000698747752511065 0.35685900416730587 0.00019432989177620865 7.099484312509751e-05 3.8660703583370833e-08 0.20073318984410954 0.00010931056412411736 3.199761515388546 0.00070724622379225
59866.28840983432 3.392057585227412 0.0006981649330616386 0.3481929876895137 0.0001941426900745565 6.927079392590196e-05 3.8623460988154396e-08 0.19585855557535145 0.00010920526316693804 3.196199029652061 0.0007066541326988207
59866.28844137228 3.4023758117642 0.0006988635839826476 0.3566026339479317 0.00019431108018312275 7.094383989050381e-05 3.865696113583702e-08 0.20058898159571156 0.00010929998260300654 3.2017868301684884 0.0007073590285096307
59866.288472910244 3.391104604938286 0.0006981209106681911 0.3447880937312991 0.00019409182459725912 6.859341179570998e-05 3.861334162297363e-08 0.19394330272385574 0.00010917665133595824 3.1971613022144303 0.0007066062178534222
59866.2885044482 3.3918526404470652 0.0006982195748908553 0.34490088231903365 0.00019409155633517616 6.861585037228786e-05 3.861328825392795e-08 0.1940067463044564 0.0001091765004385366 3.197845894142609 0.0007067036741158012
