WASP80b/WASP80b_WLP8/Results/ROEBA_Results/ApertureSweep_Results/WASP80b_WLP8_nrca3_level3_asn_phot.ecsv
# %ECSV 0.9
# ---
# datatype:
# - {name: MJD, datatype: float64}
# - {name: aperture_sum, unit: Jy, datatype: float64}
# - {name: aperture_sum_err, unit: Jy, datatype: float64}
# - {name: annulus_sum, unit: Jy, datatype: float64}
# - {name: annulus_sum_err, unit: Jy, datatype: float64}
# - {name: annulus_mean, unit: Jy, datatype: float64}
# - {name: annulus_mean_err, unit: Jy, datatype: float64}
# - {name: aperture_bkg, unit: Jy, datatype: float64}
# - {name: aperture_bkg_err, unit: Jy, datatype: float64}
# - {name: net_aperture_sum, unit: Jy, datatype: float64}
# - {name: net_aperture_sum_err, unit: Jy, datatype: float64}
# meta: !!omap
# - {instrument: NIRCAM}
# - {detector: NRCA3}
# - {channel: SHORT}
# - {subarray: SUBGRISM256}
# - {filter: F210M}
# - {pupil: WLP8}
# - {target_name: UNKNOWN}
# - {xcenter: 1055.0}
# - {ycenter: 166.0}
# - ra_icrs: !numpy.ndarray
#     buffer: !!binary |
#       aE5BSnpLcnlja0E9
#     dtype: float64
#     order: C
#     shape: !!python/tuple []
# - dec_icrs: !numpy.ndarray
#     buffer: !!binary |
#       aHllR0pMQW5BY0E9
#     dtype: float64
#     order: C
#     shape: !!python/tuple []
# - {apertures: Photometry measured in a circular aperture of r=51.0 pixels.  Background calculated as the mean in a circular annulus
#     with r_inner=80.0 pixels and r_outer=100.0 pixels.}
# - {number_of_integrations: 1227}
# - __serialized_columns__:
#     annulus_mean:
#       __class__: astropy.units.quantity.Quantity
#       unit: &id001 !astropy.units.Unit {unit: Jy}
#       value: !astropy.table.SerializedColumn {name: annulus_mean}
#     annulus_mean_err:
#       __class__: astropy.units.quantity.Quantity
#       unit: *id001
#       value: !astropy.table.SerializedColumn {name: annulus_mean_err}
#     annulus_sum:
#       __class__: astropy.units.quantity.Quantity
#       unit: *id001
#       value: !astropy.table.SerializedColumn {name: annulus_sum}
#     annulus_sum_err:
#       __class__: astropy.units.quantity.Quantity
#       unit: *id001
#       value: !astropy.table.SerializedColumn {name: annulus_sum_err}
#     aperture_bkg:
#       __class__: astropy.units.quantity.Quantity
#       unit: *id001
#       value: !astropy.table.SerializedColumn {name: aperture_bkg}
#     aperture_bkg_err:
#       __class__: astropy.units.quantity.Quantity
#       unit: *id001
#       value: !astropy.table.SerializedColumn {name: aperture_bkg_err}
#     aperture_sum:
#       __class__: astropy.units.quantity.Quantity
#       unit: *id001
#       value: !astropy.table.SerializedColumn {name: aperture_sum}
#     aperture_sum_err:
#       __class__: astropy.units.quantity.Quantity
#       unit: *id001
#       value: !astropy.table.SerializedColumn {name: aperture_sum_err}
#     net_aperture_sum:
#       __class__: astropy.units.quantity.Quantity
#       unit: *id001
#       value: !astropy.table.SerializedColumn {name: net_aperture_sum}
#     net_aperture_sum_err:
#       __class__: astropy.units.quantity.Quantity
#       unit: *id001
#       value: !astropy.table.SerializedColumn {name: net_aperture_sum_err}
# schema: astropy-2.0
MJD aperture_sum aperture_sum_err annulus_sum annulus_sum_err annulus_mean annulus_mean_err aperture_bkg aperture_bkg_err net_aperture_sum net_aperture_sum_err
59852.197994600116 0.227710050325319 3.622519013993398e-05 0.003052862572771654 4.731826356312981e-06 2.699323161315832e-07 4.1838530803317945e-10 0.00220569320882752 3.4187445424361288e-06 0.22550435711649147 3.6386154165022816e-05
59852.19819722708 0.22771887597319843 3.622418008904975e-05 0.003079782549374079 4.730826870770295e-06 2.723125646561355e-07 4.1829693410836427e-10 0.002225142891922772 3.4180224141315386e-06 0.22549373308127565 3.638508073850344e-05
59852.19839985405 0.22765098116644594 3.621952650809153e-05 0.0030506631595058767 4.73530719427173e-06 2.697378453020553e-07 4.1869308168164433e-10 0.002204104132742996 3.421259447861325e-06 0.22544687703370295 3.6380752008169454e-05
59852.19860248102 0.22767790589777337 3.6219541961818834e-05 0.0030653103701882506 4.732249933522923e-06 2.7103294307017096e-07 4.1842276048137024e-10 0.002214686742461011 3.419050576970312e-06 0.22546321915531237 3.638055973692319e-05
59852.19880510798 0.22765411540910457 3.622603110274851e-05 0.003071381532566685 4.730906475613416e-06 2.715697516828606e-07 4.1830397272185135e-10 0.0022190731572794297 3.418079928630693e-06 0.22543504225182515 3.63869289698349e-05
59852.199007734955 0.22768945051849782 3.622239141455599e-05 0.0030634809055801815 4.732992663498489e-06 2.7087118288373434e-07 4.184884322297001e-10 0.0022133649542816812 3.419587199377658e-06 0.22547608556421614 3.638344701101652e-05
59852.19921036192 0.2277042152331042 3.622453872733569e-05 0.0030489848823873956 4.7307687999343465e-06 2.6958945302467507e-07 4.182917995191472e-10 0.002202891577524893 3.4179804579525655e-06 0.2255013236555793 3.6385433849539144e-05
59852.19941298889 0.2276918290195424 3.622695349616671e-05 0.0030175255931818024 4.73061917513399e-06 2.6680784114510415e-07 4.182785697821551e-10 0.002180162241073852 3.417872354034308e-06 0.22551166677846857 3.6387827786801144e-05
59852.19961561586 0.22764788043922887 3.621906723796272e-05 0.003043308995667637 4.7307177053643305e-06 2.690875944536311e-07 4.1828728176726765e-10 0.0021987907493698678 3.417943542125729e-06 0.225449089689859 3.637998309022729e-05
59852.19981824282 0.22768893189160583 3.622532789172391e-05 0.00304550513304004 4.731192759097085e-06 2.6928177563059037e-07 4.183292857393799e-10 0.0022003774586214285 3.4182867684476436e-06 0.2254885544329844 3.6386248299244243e-05
59852.200020869794 0.22763606173991016 3.621915410038774e-05 0.0030466202393056923 4.7335709553002025e-06 2.6938037267184114e-07 4.1853956445125134e-10 0.0022011831228983627 3.420005015204396e-06 0.2254348786170118 3.6380263303770315e-05
59852.20022349676 0.22768133530371873 3.62218152957861e-05 0.003079591296274023 4.74192533183254e-06 2.7229565416932684e-07 4.192782535187916e-10 0.0022250047115579814 3.4260410522490105e-06 0.22545633059216075 3.638348060059317e-05
59852.20042612372 0.22768756539112142 3.6220350314256826e-05 0.00306440930123909 4.730801470868101e-06 2.7095327108276786e-07 4.182946882639264e-10 0.0022140357201452425 3.4180040627022033e-06 0.22547352967097617 3.6381266177253005e-05
59852.200628750696 0.22766871773231886 3.621984193734385e-05 0.00305454214746401 4.740937683428353e-06 2.7008082313968353e-07 4.1919092622681205e-10 0.0022069067015427473 3.425327476276985e-06 0.22546181103077612 3.638144882059963e-05
59852.20083137766 0.22764149758287658 3.622231063985431e-05 0.003055473784528262 4.7349153236296775e-06 2.7016319794187426e-07 4.186584327095692e-10 0.0022075798093216695 3.420976321322442e-06 0.2254339177735549 3.638349718046839e-05
59852.20103400463 0.22773165535725343 3.62376546735995e-05 0.003087777805870069 4.731863026641237e-06 2.730195005409268e-07 4.1838855040207207e-10 0.0022309194647411245 3.4187710367482936e-06 0.2255007358925123 3.639856606577733e-05
59852.2012366316 0.22772709266424518 3.622606606997607e-05 0.0030922973830574845 4.732722676575048e-06 2.7341911890207267e-07 4.18464560144458e-10 0.0022341848592590326 3.4193921338254725e-06 0.22549290780498615 3.638708707043117e-05
59852.20143925856 0.22772320295228551 3.622426540565055e-05 0.003062705237691678 4.731852385218672e-06 2.708025987844827e-07 4.183876094937372e-10 0.0022128045342322375 3.4187633483204904e-06 0.2255103984180533 3.638523528865563e-05
59852.201641885535 0.2277637937511094 3.6241235234421915e-05 0.0030925515147105114 4.732331125446072e-06 2.7344158907361456e-07 4.1842993942354146e-10 0.0022343684693783444 3.419109238134787e-06 0.22552942528173103 3.6402162563493437e-05
59852.2018445125 0.22768248476727118 3.622122760239382e-05 0.003053881418734641 4.736074678475346e-06 2.7002240189339355e-07 4.1876094218428343e-10 0.002206429325035778 3.4218139551984373e-06 0.2254760554422354 3.6382497712064886e-05
59852.202047139464 0.22769799271826976 3.6221836827520125e-05 0.0030460177961251075 4.730658029482069e-06 2.693271049995511e-07 4.18282005260798e-10 0.00220074785770039 3.417900426300795e-06 0.22549724486056938 3.638273637982168e-05
59852.20224976644 0.22770532897679244 3.622283547860915e-05 0.0030741868811578615 4.730921550884561e-06 2.7181779895807263e-07 4.183053056684742e-10 0.002221100021636555 3.4180908205140953e-06 0.22548422895515588 3.638374850077529e-05
59852.2024523934 0.22768763096947509 3.622377303346719e-05 0.003061941432545217 4.730813699830082e-06 2.7073506358191697e-07 4.1829576954156417e-10 0.0022122526850139193 3.418012898127234e-06 0.22547537828446115 3.6384674589061656e-05
59852.202655020374 0.22766526538683368 3.622566924931049e-05 0.003057260975538692 4.732148881009072e-06 2.703212203216294e-07 4.1841382547743064e-10 0.0022088710548267046 3.418977566529055e-06 0.22545639433200698 3.6386653049722345e-05
59852.20285764734 0.22772743401608722 3.622833123757988e-05 0.0030482900445019576 4.733592322566719e-06 2.6952801586683346e-07 4.185414537324105e-10 0.0022023895571526646 3.4200204530544547e-06 0.22552504445893456 3.638940126134417e-05
59852.2030602743 0.22767150233713512 3.623453471580238e-05 0.0030824690146822025 4.7309505947962595e-06 2.725501003412648e-07 4.1830787371409286e-10 0.002227083863107891 3.4181118047402975e-06 0.22544441847402724 3.6395397983541725e-05
59852.203262901276 0.2276988096382718 3.622259419886835e-05 0.003064124934842061 4.7308344344248995e-06 2.7092812757291433e-07 4.1829760288226323e-10 0.0022138302654233894 3.41802787887199e-06 0.22548497937284842 3.6383502375068805e-05
59852.20346552824 0.22766856001421332 3.6220189578014266e-05 0.0030681619429395847 4.7314071628901415e-06 2.712850774584826e-07 4.183482431968703e-10 0.00221674700377385 3.4184416751881275e-06 0.22545181301043946 3.63811472682481e-05
59852.203668155205 0.22762520115883406 3.62184457840782e-05 0.0030723892629094867 4.730939483039406e-06 2.7165885460806093e-07 4.1830689121907633e-10 0.0022198012424521044 3.4181037764959705e-06 0.22540539991638195 3.637937944002217e-05
59852.20387078218 0.22769791412764967 3.6231016984537094e-05 0.0030667495013436893 4.732546365505698e-06 2.711601902019185e-07 4.184489708232308e-10 0.0022157265147208158 3.419264749077867e-06 0.22548218761292885 3.63920041102177e-05
59852.20407340914 0.22767300142554692 3.6242478715100495e-05 0.003076390720159622 4.7321771208065806e-06 2.7201266110857753e-07 4.184163224237447e-10 0.002222692295315327 3.418997969782754e-06 0.2254503091302316 3.6403390096691424e-05
59852.204276036115 0.22771120486856283 3.6223177962425946e-05 0.0030746368754852905 4.730863209415333e-06 2.7185758719228017e-07 4.183001471500215e-10 0.0022214251425381223 3.418048668802578e-06 0.2254897797260247 3.6384085510012255e-05
59852.20447866308 0.2277057077998894 3.622267028614698e-05 0.003064373713090354 4.734619692298393e-06 2.7095012439955296e-07 4.1863229316084323e-10 0.002214010007707781 3.4207627276855892e-06 0.22549169779218164 3.638383515103979e-05
59852.204681290044 0.22775509838532917 3.62258524966147e-05 0.003090083256355839 4.730924765640373e-06 2.7322334711918455e-07 4.183055899152955e-10 0.002232585152717094 3.4180931431751695e-06 0.22552251323261208 3.638675239481956e-05
59852.20488391702 0.227616081774014 3.6221486591885936e-05 0.0030526113807512784 4.730776424340466e-06 2.6991010588063434e-07 4.1829247366465946e-10 0.002205511722592799 3.417985966585987e-06 0.22541057005142118 3.638239572917033e-05
59852.20508654398 0.227665974430673 3.622075535416648e-05 0.003041175311787967 4.735894017855596e-06 2.6889893537782834e-07 4.1874496827836387e-10 0.002197249162766806 3.4216834279006683e-06 0.22546872526790618 3.638201528100319e-05
59852.205289170946 0.22772105402309406 0.0005006759330953476 0.003088466973667425 4.731051342851051e-06 2.730804363529096e-07 4.183167817979411e-10 0.0022314173884747145 3.418184595209884e-06 0.22548963663461935 0.000500687601171453
59852.20549179792 0.22771684949597254 3.6227456748799844e-05 0.003092901181907424 4.7320420851813335e-06 2.7347250644185104e-07 4.184043826530494e-10 0.0022346211039281135 3.4189004065435135e-06 0.22548222839204443 3.638842539154486e-05
59852.20569442488 0.2277321609528924 3.6231092260789977e-05 0.0030576767118342028 4.731546555535095e-06 2.703579794807701e-07 4.1836056821268975e-10 0.0022091714243002115 3.4185423863741067e-06 0.22552298952859218 3.639201119005807e-05
59852.20589705185 0.22769626974295867 3.622270991379343e-05 0.0030572039613623236 4.73256107822606e-06 2.70316179161632e-07 4.184502717133264e-10 0.002208829862084279 3.4192753790183287e-06 0.22548743988087439 3.638373479477319e-05
59852.20609967882 0.22763623064032 3.62187582648122e-05 0.0030628089944224994 4.732084840323046e-06 2.7081177289369895e-07 4.18408163037575e-10 0.002212879498470256 3.4189312971334004e-06 0.22542335114184972 3.637976829859448e-05
59852.206302305785 0.22768448536425615 3.6221335890952873e-05 0.003061564421768969 4.743226008567054e-06 2.7070172851045094e-07 4.193932585919374e-10 0.0022119802947280797 3.4269807911896963e-06 0.22547250506952807 3.6383091829425574e-05
59852.20650493276 0.22768125841915915 3.6223674258268076e-05 0.0030654244241745685 4.733888804918058e-06 2.710430276566719e-07 4.1856766852782995e-10 0.0022147691464661254 3.4202346615532965e-06 0.22546648927269303 3.6384785033159175e-05
59852.20670755972 0.22769223327360508 3.622239798283067e-05 0.0030857497155236504 4.7309106443913605e-06 2.728401779833327e-07 4.183043413227494e-10 0.0022294541694658373 3.418082940572758e-06 0.22546277910413923 3.638331219962265e-05
59852.20691018669 0.22767489792265402 3.622511532062767e-05 0.003072228585423113 4.739335063882769e-06 2.716446475990609e-07 4.190492235476035e-10 0.0022196851529681988 3.4241695836553003e-06 0.22545521276968583 3.6386589800782426e-05
59852.20711281366 0.22768100888319495 3.622407440953916e-05 0.003072053240525346 4.73324424947666e-06 2.7162914370615783e-07 4.185106773141659e-10 0.0022195584662795622 3.4197689702468865e-06 0.2254614504169154 3.638513964021154e-05
59852.207315440624 0.22772123277077846 3.622199584545832e-05 0.003073962056779492 4.7308480870220755e-06 2.7179792011854757e-07 4.182988100368891e-10 0.002220937586023183 3.41803774287345e-06 0.22550029518475528 3.638290759463992e-05
59852.20751806759 0.22769729848147 3.6222997131985135e-05 0.0030832714162512924 4.732657083254713e-06 2.726210482168567e-07 4.1845876042158845e-10 0.002227663598241559 3.41934474265153e-06 0.22546963488322844 3.6384027260501307e-05
59852.20772069456 0.22766948195781558 3.6223030212678044e-05 0.003063904090304448 4.730851200253593e-06 2.709086006285721e-07 4.182990853069919e-10 0.0022136707052449636 3.4180399921832212e-06 0.2254558112525706 3.638393759857157e-05
59852.207923321526 0.22773887029175827 3.623392534766739e-05 0.0030874165418333676 4.730919920667924e-06 2.729875577869255e-07 4.1830516152567635e-10 0.002230658451474608 3.418089642682575e-06 0.22550821184028366 3.639478922738456e-05
59852.2081259485 0.22771747268256107 3.622584224162162e-05 0.0030534422432166083 4.731091743408377e-06 2.699835702519603e-07 4.1832035399149787e-10 0.0022061120207239994 3.4182137846125524e-06 0.22551136066183708 3.638675351817159e-05
59852.20832857546 0.22769804129631743 3.6227753077787024e-05 0.003053421428646432 4.7316857846007785e-06 2.69981729839887e-07 4.1837287876492617e-10 0.002206096982197047 3.4186429793740624e-06 0.2254919443141204 3.6388696224040935e-05
59852.20853120243 0.22776951484017688 3.622800959575827e-05 0.0030476522383713336 4.733594770080396e-06 2.6947162142326506e-07 4.185416701401327e-10 0.0022019287422232886 3.4200222213830862e-06 0.22556758609795358 3.638908120941098e-05
59852.2087338294 0.2276653880656939 3.622267082171151e-05 0.0030526241404598324 4.730739201282109e-06 2.6991123408657253e-07 4.1828918242369583e-10 0.002205520941482229 3.4179590729263236e-06 0.22545986712421165 3.6383572195185426e-05
59852.208936456365 0.22764367176790115 3.622045101986808e-05 0.003058586491817655 4.730786377127687e-06 2.704384216927104e-07 4.1829335368426156e-10 0.0022098287403382556 3.417993157474754e-06 0.2254338430275629 3.6381365412903443e-05
59852.20913908333 0.22772307806947623 3.622343303528623e-05 0.0031001563822111488 4.7317382877961614e-06 2.74114006992662e-07 4.1837752106663355e-10 0.002239862986147555 3.4186809129327266e-06 0.22548321508332866 3.638439885509057e-05
59852.2093417103 0.2277178348473363 3.6230214020048513e-05 0.0030952577434429805 4.733579754216959e-06 2.7368087222911996e-07 4.1854034244630446e-10 0.0022363237196375532 3.4200113724217526e-06 0.22548151112769874 3.6391274857113955e-05
59852.20954433727 0.22770057690536197 3.62240266452804e-05 0.0030944302445038707 4.7310362789376695e-06 2.7360770525880744e-07 4.1831544985556507e-10 0.002235725851654047 3.4181737115324663e-06 0.22546485105370792 3.6384942186572125e-05
59852.20974696424 0.2276614079411645 3.6218913244999796e-05 0.0030687418238683197 4.732207548042313e-06 2.7133635018971197e-07 4.1841901278206216e-10 0.002217165967744861 3.419019953460571e-06 0.22544424197341964 3.637993092476927e-05
59852.209949591204 0.2277507107004781 3.6227316981998074e-05 0.003089000050391235 4.7317276870276295e-06 2.731275706838216e-07 4.183765837529044e-10 0.002231802536407667 3.418673253877462e-06 0.22551890816407041 3.6388264901351686e-05
59852.21015221817 0.22766822257589212 3.622872964792028e-05 0.003060113182341814 4.7307389597445045e-06 2.705734107724279e-07 4.182891610670827e-10 0.0022109317742419607 3.4179588984154048e-06 0.22545729080165017 3.638960421512379e-05
59852.21035484514 0.2277002436578075 3.622236311047201e-05 0.0030954208514921704 4.7313936562036225e-06 2.73695294147057e-07 4.18347048943579e-10 0.002236441565203093 3.418431916607117e-06 0.22546380209260442 3.638331026824472e-05
59852.210557472106 0.22761081172672165 3.622081857171608e-05 0.0030718238007613383 4.730903866256142e-06 2.716088567769447e-07 4.183037420040133e-10 0.0022193926960500667 3.4180780433700628e-06 0.22539141903067159 3.6381739314053434e-05
59852.21076009907 0.22770006572147938 3.622424605958593e-05 0.0030707001421360707 4.732710407694272e-06 2.715095035410785e-07 4.184634753372237e-10 0.002218580852693311 3.4193832695591112e-06 0.22548148486878608 3.638527428135684e-05
59852.21096272604 0.22767670258680736 3.6220820586623515e-05 0.0030819180413255045 4.73355483787246e-06 2.725013836005812e-07 4.1853813935775404e-10 0.0022266857848576766 3.4199933703628526e-06 0.22545001680194968 3.6381921315698757e-05
59852.21116535301 0.22768249350406275 3.622406609790791e-05 0.003064554859193243 4.735580279518791e-06 2.7096614123160663e-07 4.187172277188417e-10 0.002214140885767118 3.4214567519523265e-06 0.22546835261829562 3.638529003554983e-05
59852.21136797998 0.2277296258600741 3.622306453709135e-05 0.0030670776852738013 4.732018284093554e-06 2.711892080323189e-07 4.184022781748433e-10 0.002215963627610322 3.418883210257593e-06 0.22551366223246377 3.6384050995782015e-05
59852.211570606945 0.22771206772484237 3.6224466016751776e-05 0.003084264904616411 4.7350489816735505e-06 2.7270889187475275e-07 4.186702506753283e-10 0.002228381393585357 3.42107288925914e-06 0.225483686331257 3.6385652088597066e-05
