WASP80b/WASP80b_WLP8/Results/ROEBA_Results/ApertureSweep_Results/WASP80b_WLP8_nrca3_level3_asn_phot.ecsv
# %ECSV 0.9
# ---
# datatype:
# - {name: MJD, datatype: float64}
# - {name: aperture_sum, unit: Jy, datatype: float64}
# - {name: aperture_sum_err, unit: Jy, datatype: float64}
# - {name: annulus_sum, unit: Jy, datatype: float64}
# - {name: annulus_sum_err, unit: Jy, datatype: float64}
# - {name: annulus_mean, unit: Jy, datatype: float64}
# - {name: annulus_mean_err, unit: Jy, datatype: float64}
# - {name: aperture_bkg, unit: Jy, datatype: float64}
# - {name: aperture_bkg_err, unit: Jy, datatype: float64}
# - {name: net_aperture_sum, unit: Jy, datatype: float64}
# - {name: net_aperture_sum_err, unit: Jy, datatype: float64}
# meta: !!omap
# - {instrument: NIRCAM}
# - {detector: NRCA3}
# - {channel: SHORT}
# - {subarray: SUBGRISM256}
# - {filter: F210M}
# - {pupil: WLP8}
# - {target_name: UNKNOWN}
# - {xcenter: 1055.0}
# - {ycenter: 166.0}
# - ra_icrs: !numpy.ndarray
#     buffer: !!binary |
#       aE5BSnpLcnlja0E9
#     dtype: float64
#     order: C
#     shape: !!python/tuple []
# - dec_icrs: !numpy.ndarray
#     buffer: !!binary |
#       aHllR0pMQW5BY0E9
#     dtype: float64
#     order: C
#     shape: !!python/tuple []
# - {apertures: Photometry measured in a circular aperture of r=51.0 pixels.  Background calculated as the mean in a circular annulus
#     with r_inner=80.0 pixels and r_outer=100.0 pixels.}
# - {number_of_integrations: 1227}
# - __serialized_columns__:
#     annulus_mean:
#       __class__: astropy.units.quantity.Quantity
#       unit: &id001 !astropy.units.Unit {unit: Jy}
#       value: !astropy.table.SerializedColumn {name: annulus_mean}
#     annulus_mean_err:
#       __class__: astropy.units.quantity.Quantity
#       unit: *id001
#       value: !astropy.table.SerializedColumn {name: annulus_mean_err}
#     annulus_sum:
#       __class__: astropy.units.quantity.Quantity
#       unit: *id001
#       value: !astropy.table.SerializedColumn {name: annulus_sum}
#     annulus_sum_err:
#       __class__: astropy.units.quantity.Quantity
#       unit: *id001
#       value: !astropy.table.SerializedColumn {name: annulus_sum_err}
#     aperture_bkg:
#       __class__: astropy.units.quantity.Quantity
#       unit: *id001
#       value: !astropy.table.SerializedColumn {name: aperture_bkg}
#     aperture_bkg_err:
#       __class__: astropy.units.quantity.Quantity
#       unit: *id001
#       value: !astropy.table.SerializedColumn {name: aperture_bkg_err}
#     aperture_sum:
#       __class__: astropy.units.quantity.Quantity
#       unit: *id001
#       value: !astropy.table.SerializedColumn {name: aperture_sum}
#     aperture_sum_err:
#       __class__: astropy.units.quantity.Quantity
#       unit: *id001
#       value: !astropy.table.SerializedColumn {name: aperture_sum_err}
#     net_aperture_sum:
#       __class__: astropy.units.quantity.Quantity
#       unit: *id001
#       value: !astropy.table.SerializedColumn {name: net_aperture_sum}
#     net_aperture_sum_err:
#       __class__: astropy.units.quantity.Quantity
#       unit: *id001
#       value: !astropy.table.SerializedColumn {name: net_aperture_sum_err}
# schema: astropy-2.0
MJD aperture_sum aperture_sum_err annulus_sum annulus_sum_err annulus_mean annulus_mean_err aperture_bkg aperture_bkg_err net_aperture_sum net_aperture_sum_err
[from data line 546]
59852.308628924424 0.22097194339857062 3.5587522881088555e-05 0.0029718220820119856 4.7099649798654635e-06 2.6276676352325304e-07 4.164523379640599e-10 0.0021471414542536594 3.4029496979527975e-06 0.21882480194431697 3.5749851069043615e-05
59852.30883155139 0.22101274214001917 3.5592460668624694e-05 0.0029485068397786694 4.711096287151509e-06 2.6070524349502126e-07 4.16552367490021e-10 0.0021302961917400885 3.403767067466965e-06 0.21888244594827908 3.575484424098598e-05
59852.30903417835 0.22106071388957582 3.56013422532521e-05 0.0029801060982853397 4.712157630481953e-06 2.634992313780075e-07 4.166462108441087e-10 0.002153126656011158 3.404533888023211e-06 0.21890758723356465 3.5763758488557826e-05
59852.309236805326 0.22098814551535545 3.558954749139338e-05 0.002979246143325855 4.7100205299129576e-06 2.634231946654306e-07 4.1645724966664195e-10 0.0021525053385529304 3.4029898328621116e-06 0.21883564017680252 3.575187030694629e-05
59852.30943943229 0.22097009247456367 3.5586900940775333e-05 0.0029481167893612714 4.709903414418506e-06 2.606707554661413e-07 4.1644689438338935e-10 0.0021300143803135185 3.40290521691737e-06 0.21884007809425016 3.5749227718705755e-05
59852.30964205926 0.221015127975195 3.559124520869414e-05 0.002980344275241951 4.709981214999883e-06 2.635202908446604e-07 4.164537734651125e-10 0.0021532987388623095 3.4029614278374155e-06 0.2188618292363327 3.5753557612980876e-05
59852.30984468623 0.22092510876122778 3.558491371103468e-05 0.002993967657058074 4.717345844561607e-06 2.6472486226558497e-07 4.17104949686662e-10 0.002163141632224458 3.4082823726957614e-06 0.21876196712900334 3.574776178383498e-05
59852.31004731319 0.22100246193392437 3.55905557539726e-05 0.0029535580287024356 4.709869352357981e-06 2.611518666537482e-07 4.16443882635998e-10 0.0021339456757375097 3.402880607078641e-06 0.21886851625818685 3.575286359583892e-05
59852.310249940165 0.2209614191503008 3.5587960227496796e-05 0.0029890579701387808 4.710847438775209e-06 2.642907506310077e-07 4.165303644627052e-10 0.002159594383425269 3.4035872745150885e-06 0.2188018247668755 3.575034712403692e-05
59852.31045256713 0.2208948722330673 3.55887037377782e-05 0.0029732885124026027 4.712730075372357e-06 2.6289642443734577e-07 4.166968260851951e-10 0.0021482009502108803 3.404947479456528e-06 0.21874667128285644 3.575121677751969e-05
59852.310655194095 0.22093565804731655 3.558738303457528e-05 0.0029651313500847426 4.7113694970825375e-06 2.6217517293485114e-07 4.1657652455170156e-10 0.0021423074004362267 3.4039644616421332e-06 0.21879335064688032 3.574980846530089e-05
59852.31085782107 0.22089433292432775 3.558416181517574e-05 0.0029459105445865594 4.7133302538584075e-06 2.604756805986046e-07 4.1674989351452417e-10 0.0021284203684637892 3.4053811084126996e-06 0.21876591255586397 3.574673681026207e-05
59852.31106044803 0.22094357004704646 3.5588131147282e-05 0.0029822433541378934 4.712449392948892e-06 2.636882062855553e-07 4.166720083101209e-10 0.0021546708233646282 3.4047446864055745e-06 0.21878889922368183 3.575062747611222e-05
59852.311263075 0.2208859864754565 3.558285423009034e-05 0.002974546562258311 4.709975735379004e-06 2.630076604668969e-07 4.164532889602518e-10 0.00214910989123163 3.4029574688113302e-06 0.21873687658422486 3.574520435938781e-05
59852.31146570197 0.22087669038839677 3.5584664576293767e-05 0.002985508796984832 4.710295481515291e-06 2.639769348247077e-07 4.1648156072587664e-10 0.002157030105821541 3.4031884853947977e-06 0.21871966028257522 3.574702847614694e-05
59852.31166832893 0.2209223754051109 3.558572145050407e-05 0.0029559904437483214 4.710561698315365e-06 2.613669393638614e-07 4.165050994590243e-10 0.002135703095608162 3.4033808270328512e-06 0.21878667230950274 3.574809886143151e-05
59852.311870955906 0.22084326450100084 3.558087558679767e-05 0.00298387820948142 4.7139880280442645e-06 2.6383275923509003e-07 4.168080535218116e-10 0.0021558520063503263 3.405856350261981e-06 0.2186874124946505 3.574351080968117e-05
59852.31207358287 0.22089398007055241 3.558254250044311e-05 0.0029512615980962806 4.71374016061049e-06 2.609488176079498e-07 4.1678613722885787e-10 0.002132286504624563 3.405677266041079e-06 0.21876169356592784 3.5745153076134245e-05
59852.312276209836 0.2208361532996712 3.557928538806375e-05 0.0029620497034920316 4.71155981938665e-06 2.6190269555257763e-07 4.1659335273807943e-10 0.0021400809107729925 3.4041019695068548e-06 0.2186960723888982 3.574176071410147e-05
59852.31247883681 0.2208683740953249 3.558504138267047e-05 0.0029469096956791087 4.709858333085635e-06 2.605640249515351e-07 4.1644290831840737e-10 0.002129142255128156 3.402872645654371e-06 0.21873923184019672 3.574737350420185e-05
59852.31268146377 0.22078006241726497 3.557835891448981e-05 0.0029618218915569154 4.7098613921798456e-06 2.6188255255503926e-07 4.1644317880172126e-10 0.002139916316649871 3.4028748558499383e-06 0.2186401461006151 3.574072159781937e-05
59852.31288409074 0.22079625043217674 3.557725573152651e-05 0.002918645954893805 4.709747509769506e-06 2.580649615869523e-07 4.1643310938586754e-10 0.0021087217024107745 3.402792575808468e-06 0.21868752872976596 3.573961559251041e-05
59852.31308671771 0.22086221480663085 3.558593426649304e-05 0.0029198927630125085 4.710254856011457e-06 2.5817520362871827e-07 4.1647796864268176e-10 0.0021096225212765374 3.4031591334682777e-06 0.21875259228535432 3.574828960533458e-05
59852.313289344675 0.22076239884398513 3.558041572627447e-05 0.002990825952349464 4.710052779841878e-06 2.644470745799681e-07 4.1646010118642087e-10 0.0021608717505724874 3.403013133435757e-06 0.21860152709341266 3.574278223139402e-05
59852.31349197165 0.22084242173570043 3.557957780720208e-05 0.0029795907713814533 4.712623976218531e-06 2.63453666475751e-07 4.166874448603122e-10 0.0021527543323231002 3.404870822817889e-06 0.21868966740337734 3.574212503837486e-05
59852.31369459861 0.220786983955329 3.557860670116264e-05 0.002988102291329538 4.7100334840780335e-06 2.642062500718415e-07 4.1645839506631167e-10 0.0021589039054855912 3.4029991922463793e-06 0.2186280800498434 3.5740980097060076e-05
59852.31389722558 0.2207679929986455 3.558261187490814e-05 0.0029866884075763055 4.710030667332094e-06 2.6408123530057245e-07 4.164581460112896e-10 0.0021578823744738806 3.402997157147438e-06 0.21861011062417163 3.5744966883351665e-05
59852.31409985255 0.2207262953233958 3.557763319735264e-05 0.0029674436392161775 4.715082152014858e-06 2.6237962418214306e-07 4.169047953208534e-10 0.002143978029333688 3.406646854830735e-06 0.2185823172940621 3.5740358514134924e-05
59852.31430247951 0.22084727633892198 3.558054482041372e-05 0.002977613391171465 4.7108742420319175e-06 2.632788276786445e-07 4.1653273439092524e-10 0.0021513256751213836 3.4036066398680605e-06 0.2186959506638006 3.5742967250585444e-05
59852.31450510648 0.22076481250768698 3.5580315204187304e-05 0.002975506375111311 4.712055851945041e-06 2.6309252655578476e-07 4.1663721164563633e-10 0.0021498033560179227 3.404460353030292e-06 0.21861500915166907 3.57428199828256e-05
59852.31470773345 0.22075926016152372 3.5575824263383206e-05 0.0029777427717028004 4.710615117488782e-06 2.6329026742925664e-07 4.165098227509717e-10 0.0021514191525552734 3.403419422385645e-06 0.21860784100896846 3.573825031788486e-05
59852.314910360416 0.2207666864760687 3.557474053514533e-05 0.0029480999248802852 4.710332819942928e-06 2.6066926431863484e-07 4.164848621677243e-10 0.002130002195726006 3.4032154624087657e-06 0.2186366842803427 3.573715209171669e-05
59852.31511298739 0.22074933662265064 3.5579503774104415e-05 0.0029712071062460606 4.709974475603908e-06 2.62712387727126e-07 4.1645317757167756e-10 0.0021466971342627788 3.4029565586238237e-06 0.21860263948838787 3.57418690355078e-05
59852.31531561435 0.22070839038447398 3.5571135310352375e-05 0.0029542995797570124 4.711529760746721e-06 2.6121743416257645e-07 4.1659069497078646e-10 0.0021344814463744415 3.4040802521395056e-06 0.21857390893809955 3.573364562468268e-05
59852.31551824132 0.22077935154504327 3.55797243246774e-05 0.0029776864941827227 4.710460022974343e-06 2.632852914039759e-07 4.1649610938507197e-10 0.002151378492047017 3.4033073665989628e-06 0.21862797305299625 3.5742121985852874e-05
59852.31572086829 0.22072266327602674 3.557143034557801e-05 0.0029851691702968844 4.710590831192969e-06 2.639469052323784e-07 4.165076753709561e-10 0.002156784725539499 3.4034018755369202e-06 0.21856587855048723 3.57338747011392e-05
59852.315923495255 0.22074176066848308 3.5582971426479465e-05 0.0029655729002924834 4.717276855211149e-06 2.62214214544954e-07 4.1709884968880305e-10 0.0021426264204613193 3.408232527890055e-06 0.21859913424802177 3.5745823595237274e-05
59852.31612612222 0.22077689020015143 3.557826320636817e-05 0.0029749386443303667 4.709973410963401e-06 2.6304232813348877e-07 4.164530834367891e-10 0.00214939317052869 3.402955789421058e-06 0.21862749702962272 3.574063403027939e-05
59852.31632874919 0.22066300693005778 3.556949293945467e-05 0.0029658982465079614 4.712126783253714e-06 2.6224298146629265e-07 4.166434833503004e-10 0.0021428614831020022 3.4045116009008084e-06 0.21852014544695578 3.573205181920825e-05
59852.31653137616 0.22076084711487154 3.55756828953814e-05 0.0029809839372264115 4.711439591116304e-06 2.6357684938173534e-07 4.1658272222501e-10 0.0021537608946460823 3.4040151045815297e-06 0.21860708622022545 3.573816632544194e-05
59852.31673400312 0.22070712092663264 3.5577934710167436e-05 0.0029890566176500144 4.710051608734481e-06 2.642906310447451e-07 4.1645999763779244e-10 0.0021595934062521352 3.403012287310662e-06 0.2185475275203805 3.5740312405860756e-05
59852.31693663009 0.22071944581982914 3.557363911522165e-05 0.0029834546653981233 4.7132225715956495e-06 2.6379530971593776e-07 4.16740372312079e-10 0.002155545995750144 3.4053033079778564e-06 0.21856389982407898 3.573625456758658e-05
59852.31713925706 0.22062194595564288 3.5565625919134505e-05 0.0029688101070354986 4.712661902109271e-06 2.625004464643769e-07 4.166907982453024e-10 0.0021449653023331476 3.404898224273949e-06 0.21847698065330973 3.572823923645659e-05
59852.31734188403 0.22063714116123967 3.558589442261276e-05 0.002969302581869745 4.7178498620623575e-06 2.62543990800054e-07 4.171495146181338e-10 0.002145321115400891 3.408646525340053e-06 0.21849182004583878 3.574877274805465e-05
59852.317544510996 0.22072637531547346 3.5592885790968306e-05 0.0029536457634023448 4.709894840936193e-06 2.611596241043989e-07 4.1644613632111734e-10 0.002134009064058194 3.4028990225763993e-06 0.21859236625141526 3.5755184808454915e-05
59852.31774713796 0.22071839829031395 3.557528937457666e-05 0.002995093193475649 4.711400824751591e-06 2.6482438153474447e-07 4.165792945258046e-10 0.0021639548322861567 3.4039870958830245e-06 0.2185544434580278 3.5737771925986165e-05
59852.31794976493 0.22069545555169126 3.557192219221428e-05 0.002962483461131752 4.710393425253797e-06 2.619410481483917e-07 4.164902208537256e-10 0.0021403943006676907 3.4032592497458684e-06 0.21855506125102356 3.573435072825484e-05
59852.3181523919 0.22062259200627354 3.556692510204952e-05 0.0029637882741719544 4.709879719642875e-06 2.6205641895125785e-07 4.16444799305241e-10 0.002141337028089237 3.4028880974419775e-06 0.2184812549781843 3.572934100453733e-05
59852.31835501886 0.2206932521298403 3.5574931161213594e-05 0.0029888428176329754 4.712714175262519e-06 2.6427172697277577e-07 4.1669542020681933e-10 0.002159438935739825 3.4049359916271703e-06 0.21853381319410048 3.573750573602142e-05
59852.318557645835 0.22068636883807863 3.557128072885252e-05 0.0029766548642557473 4.709924509769744e-06 2.631940752915761e-07 4.164487596219593e-10 0.0021506331394247776 3.40292045830864e-06 0.21853573569865384 3.573367991596178e-05
59852.3187602728 0.2206512504860184 3.556879380117687e-05 0.0029529476682542705 4.70984946131833e-06 2.610978989413075e-07 4.1644212388195153e-10 0.0021335046903137103 3.4028662358024935e-06 0.2185177457957047 3.5731199127504844e-05
59852.31896289977 0.2206435192418274 3.556755578043509e-05 0.0029576162322736965 4.713826133555221e-06 2.6151069063065894e-07 4.1679373890615014e-10 0.002136877727817746 3.4057393814936473e-06 0.21850664151400967 3.5730240482384364e-05
59852.31916552674 0.22065780012441552 3.556911216036491e-05 0.002976711336153061 4.709995222956703e-06 2.631990685035779e-07 4.1645501204042945e-10 0.0021506739403705866 3.402971548586218e-06 0.21850712618404494 3.57315260692446e-05
59852.3193681537 0.2206988175292091 3.5570919022904964e-05 0.0029514065176697826 4.709852876150241e-06 2.6096163131154625e-07 4.16442425819384e-10 0.002132391209016418 3.402868703018549e-06 0.21856642632019269 3.5733314925207336e-05
59852.31957078067 0.22067223175331216 3.5574848771878955e-05 0.0029642615964290383 4.712029384948482e-06 2.62098269827308e-07 4.1663487144934127e-10 0.00214167900341998 3.4044412306252783e-06 0.2185305527498922 3.5737376585793745e-05
59852.31977340764 0.22057229493169142 3.556214072718381e-05 0.0029533254754855126 4.709865056111947e-06 2.611313044348564e-07 4.1644350276444633e-10 0.002133777656038283 3.402877503040882e-06 0.21843851727565314 3.5724577371898005e-05
59852.3199760346 0.22058824813971661 3.55640889863589e-05 0.0029539942645691744 4.709873898864959e-06 2.611904383729401e-07 4.1644428463547543e-10 0.0021342608561512287 3.4028838919299327e-06 0.21845398728356538 3.5726517381513835e-05
59852.320178661575 0.22061565556975116 3.557517126021876e-05 0.002979084667867223 4.70996833194769e-06 2.6340891710019213e-07 4.1645263435320214e-10 0.0021523886725340687 3.402952119832206e-06 0.2184632668972171 3.573755578273037e-05
59852.32038128854 0.2206322445610983 3.5565491420306624e-05 0.002949499765365493 4.7102368615758825e-06 2.60793037392391e-07 4.164763775852541e-10 0.002131013580476569 3.403146132488575e-06 0.21850123098062174 3.572793841753224e-05
59852.32058391551 0.22057758587103252 3.5571499534565285e-05 0.0029710390332826106 4.710462875013681e-06 2.6269752681438535e-07 4.1649636156071557e-10 0.002146575701546686 3.403309427197384e-06 0.21843101016948582 3.573393477067462e-05
59852.32078654248 0.22055837629099798 3.556226576810657e-05 0.0029644282801906444 4.713404870118729e-06 2.621130079076373e-07 4.167564910404493e-10 0.0021417994324377404 3.4054350186607816e-06 0.21841657685856022 3.572494554548356e-05
59852.32098916944 0.22064974578024596 3.557432079534178e-05 0.002998692570829609 4.715700147741157e-06 2.65142636366931e-07 4.169594381401035e-10 0.0021665553824243926 3.407093356742986e-06 0.21848319039782158 3.5737103760537855e-05
59852.321191796414 0.22055694500381462 3.556255672767334e-05 0.0029770674431913143 4.710553867058998e-06 2.6323055527880445e-07 4.1650440702393465e-10 0.0021509312277057245 3.403375168950126e-06 0.21840601377610888 3.572503888800697e-05
59852.32139442338 0.22057649522352576 3.556428127884106e-05 0.0029781603666513834 4.713870656056154e-06 2.633271909294106e-07 4.167976755595403e-10 0.0021517208649056243 3.4057715490005714e-06 0.21842477435862015 3.572698395785049e-05
59852.321597050344 0.22059540986961326 3.556920500083604e-05 0.002969981442345544 4.714960489757745e-06 2.626040152447168e-07 4.168940380155161e-10 0.0021458115920946555 3.406558953849971e-06 0.21844959827751861 3.573196031982509e-05
59852.32179967732 0.2206271714273464 3.556747778762579e-05 0.002950110905939239 4.709871217336318e-06 2.6084707408307745e-07 4.1644404753628753e-10 0.0021314551295411 3.40288195452549e-06 0.2184957162978053 3.572989059274726e-05
59852.32200230428 0.22060273213684528 3.556891198671855e-05 0.0029483433689217065 4.711793820560561e-06 2.60690789497834e-07 4.166140429844779e-10 0.0021301780840459333 3.4042710353550053e-06 0.21847255405279936 3.57314505890971e-05
59852.32220493125 0.22058138003047714 3.556266414772077e-05 0.002994989262001199 4.710495715203183e-06 2.648151919747991e-07 4.1649926527098855e-10 0.002163879741795866 3.4033331542342993e-06 0.2184175002886813 3.5725141816965466e-05
