WASP80b/WASP80b_WLP8/Results/ROEBA_Results/ApertureSweep_Results/WASP80b_WLP8_nrca3_level3_asn_phot.ecsv
# %ECSV 0.9
# ---
# datatype:
# - {name: MJD, datatype: float64}
# - {name: aperture_sum, unit: Jy, datatype: float64}
# - {name: aperture_sum_err, unit: Jy, datatype: float64}
# - {name: annulus_sum, unit: Jy, datatype: float64}
# - {name: annulus_sum_err, unit: Jy, datatype: float64}
# - {name: annulus_mean, unit: Jy, datatype: float64}
# - {name: annulus_mean_err, unit: Jy, datatype: float64}
# - {name: aperture_bkg, unit: Jy, datatype: float64}
# - {name: aperture_bkg_err, unit: Jy, datatype: float64}
# - {name: net_aperture_sum, unit: Jy, datatype: float64}
# - {name: net_aperture_sum_err, unit: Jy, datatype: float64}
# meta: !!omap
# - {instrument: NIRCAM}
# - {detector: NRCA3}
# - {channel: SHORT}
# - {subarray: SUBGRISM256}
# - {filter: F210M}
# - {pupil: WLP8}
# - {target_name: UNKNOWN}
# - {xcenter: 1055.0}
# - {ycenter: 166.0}
# - ra_icrs: !numpy.ndarray
#     buffer: !!binary |
#       aE5BSnpLcnlja0E9
#     dtype: float64
#     order: C
#     shape: !!python/tuple []
# - dec_icrs: !numpy.ndarray
#     buffer: !!binary |
#       aHllR0pMQW5BY0E9
#     dtype: float64
#     order: C
#     shape: !!python/tuple []
# - {apertures: Photometry measured in a circular aperture of r=51.0 pixels.  Background calculated as the mean in a circular annulus
#     with r_inner=80.0 pixels and r_outer=100.0 pixels.}
# - {number_of_integrations: 1227}
# - __serialized_columns__:
#     annulus_mean:
#       __class__: astropy.units.quantity.Quantity
#       unit: &id001 !astropy.units.Unit {unit: Jy}
#       value: !astropy.table.SerializedColumn {name: annulus_mean}
#     annulus_mean_err:
#       __class__: astropy.units.quantity.Quantity
#       unit: *id001
#       value: !astropy.table.SerializedColumn {name: annulus_mean_err}
#     annulus_sum:
#       __class__: astropy.units.quantity.Quantity
#       unit: *id001
#       value: !astropy.table.SerializedColumn {name: annulus_sum}
#     annulus_sum_err:
#       __class__: astropy.units.quantity.Quantity
#       unit: *id001
#       value: !astropy.table.SerializedColumn {name: annulus_sum_err}
#     aperture_bkg:
#       __class__: astropy.units.quantity.Quantity
#       unit: *id001
#       value: !astropy.table.SerializedColumn {name: aperture_bkg}
#     aperture_bkg_err:
#       __class__: astropy.units.quantity.Quantity
#       unit: *id001
#       value: !astropy.table.SerializedColumn {name: aperture_bkg_err}
#     aperture_sum:
#       __class__: astropy.units.quantity.Quantity
#       unit: *id001
#       value: !astropy.table.SerializedColumn {name: aperture_sum}
#     aperture_sum_err:
#       __class__: astropy.units.quantity.Quantity
#       unit: *id001
#       value: !astropy.table.SerializedColumn {name: aperture_sum_err}
#     net_aperture_sum:
#       __class__: astropy.units.quantity.Quantity
#       unit: *id001
#       value: !astropy.table.SerializedColumn {name: net_aperture_sum}
#     net_aperture_sum_err:
#       __class__: astropy.units.quantity.Quantity
#       unit: *id001
#       value: !astropy.table.SerializedColumn {name: net_aperture_sum_err}
# schema: astropy-2.0
MJD aperture_sum aperture_sum_err annulus_sum annulus_sum_err annulus_mean annulus_mean_err aperture_bkg aperture_bkg_err net_aperture_sum net_aperture_sum_err
[from data line 341]
59852.26709039607 0.227695470268413 3.622228777574148e-05 0.0030757485390611305 4.73576919105338e-06 2.7195587983291914e-07 4.1873393116580663e-10 0.0022222283194716667 3.421593240536067e-06 0.22547324194894133 3.6383532429003e-05
59852.26729302303 0.2276235760245873 3.621774192967823e-05 0.0030564093915188568 4.736222920369253e-06 2.702459237626212e-07 4.1877404964549933e-10 0.002208255785372374 3.4219210599667853e-06 0.22541532023921493 3.637903756595847e-05
59852.26749565 0.22764700823559578 3.621904864253419e-05 0.003050598165899074 4.7346132294416624e-06 2.697320986055041e-07 4.186317217188459e-10 0.0022040571748620807 3.420758058271601e-06 0.2254429510607337 3.638022911230065e-05
59852.26769827697 0.22771692088292061 3.6223877159199145e-05 0.003098434745093281 4.734898629574173e-06 2.739617808495958e-07 4.1865695663098377e-10 0.0022386191033298957 3.42096425986734e-06 0.22547830177959072 3.638505562606768e-05
59852.267900903935 0.22766016290093682 3.622068862892842e-05 0.0030777036597805134 4.737747397113253e-06 2.721287504589365e-07 4.18908842984075e-10 0.0022236408941914212 3.423022494414325e-06 0.2254365220067454 3.638207481371906e-05
59852.2681035309 0.22774235053505887 3.622622382897539e-05 0.0030533100838499253 4.734598928203949e-06 2.699718847983584e-07 4.186304572118046e-10 0.002206016535581571 3.4207477256273536e-06 0.22553633399947728 3.638737154438898e-05
59852.26830615787 0.22774223718065703 3.6228055623833e-05 0.0030824529133468355 4.738558446222987e-06 2.725486766706459e-07 4.1898055547013304e-10 0.0022270722298930886 3.423608477396108e-06 0.22551516495076393 3.638946426220145e-05
59852.26850878484 0.22772818440677295 3.6223379431654196e-05 0.003073407471792444 4.737991548363805e-06 2.717488840396291e-07 4.189304306942903e-10 0.0022205368983700406 3.4231988936928495e-06 0.2255076475084029 3.638477027707291e-05
59852.26871141181 0.2276918696382635 3.622311887889193e-05 0.003058900348599949 4.7346384982548765e-06 2.704661727251132e-07 4.1863395597247315e-10 0.0022100555018634634 3.4207763149891483e-06 0.22548181413640003 3.638428303418287e-05
59852.268914038774 0.2277207614899888 3.622596199100123e-05 0.003090379587090213 4.734821839955572e-06 2.7324954850872104e-07 4.186501669379957e-10 0.002232799251672679 3.4209087793679006e-06 0.2254879622383161 3.638712600701273e-05
59852.26911666574 0.22770848990722964 3.622677484708409e-05 0.003099000101005182 4.736622188508738e-06 2.7401176928736537e-07 4.188093526999539e-10 0.002239027572976244 3.4222095311975632e-06 0.22546946233425338 3.63880575724611e-05
59852.26931929271 0.22763975174456286 3.621988864721442e-05 0.0030438481936883094 4.736753617462437e-06 2.691352700260174e-07 4.1882097357086864e-10 0.0021991803199398036 3.4223044886166108e-06 0.22544057142462307 3.6381210832370845e-05
59852.269521919676 0.22766600418445698 3.6219775372205305e-05 0.003067524195056578 4.735273599135743e-06 2.712286881651343e-07 4.1869011121944646e-10 0.0022162862309283776 3.421235175375574e-06 0.2254497179535286 3.63809974868507e-05
59852.26972454664 0.22769518206198755 3.6224947925201e-05 0.0030728494302603108 4.740045120451034e-06 2.716995423350238e-07 4.191120063324447e-10 0.0022201337133630743 3.424682599525872e-06 0.22547504834862447 3.6386471429516484e-05
59852.26992717361 0.22762019102667413 3.622166145420374e-05 0.0030521852696205726 4.740973781253496e-06 2.698724293846575e-07 4.1919411797531563e-10 0.0022052038573008637 3.4253535569556513e-06 0.22541498716937328 3.638326271093753e-05
59852.27012980058 0.22767400749450634 3.6220739337887525e-05 0.003052892770670796 4.73510874431518e-06 2.6993498621209405e-07 4.186755348530103e-10 0.0022057150268096504 3.421116067767718e-06 0.22546829246769667 3.638194598055925e-05
59852.27033242755 0.22766143373263514 3.622429805700441e-05 0.003050710076703499 4.736895446262799e-06 2.6974199369312056e-07 4.1883351399011885e-10 0.0022041380304182777 3.4224069599248723e-06 0.22545729570221687 3.6385610330486906e-05
59852.270535054515 0.22765520969933514 3.622276163237102e-05 0.003060073686252062 4.734628457544188e-06 2.7056991855136296e-07 4.186330681787297e-10 0.002210903238317115 3.4207690605756757e-06 0.22544430646101804 3.638392668804952e-05
59852.27073768148 0.22775317533653017 3.622674168091192e-05 0.003078732046930049 4.73865221120229e-06 2.7221967984685913e-07 4.189888461145469e-10 0.0022243839039069605 3.4236762225936543e-06 0.2255287914326232 3.638816252152167e-05
59852.27094030845 0.22766035506370172 3.6226485201597685e-05 0.0030585550754472727 4.735092268950677e-06 2.7043564387568797e-07 4.1867407811095475e-10 0.0022098060420106544 3.421104164316864e-06 0.22545054902169107 3.638766526949321e-05
59852.27114293542 0.22767182460002552 3.6223194963670623e-05 0.0030343023997907756 4.7385564834307066e-06 2.6829123653461243e-07 4.1898038192119214e-10 0.0021922834838488353 3.4236070592786857e-06 0.22547954111617668 3.63846250313568e-05
59852.27134556238 0.22765353146669126 3.622035976681681e-05 0.0030482668958437976 4.736424444226565e-06 2.695259690760712e-07 4.1879186826663384e-10 0.0022023728322471438 3.422066660953693e-06 0.22545115863444412 3.63816574920612e-05
59852.271548189354 0.22773746008112844 3.622674457946778e-05 0.003056573175514412 4.7346501374503145e-06 2.7026040544733893e-07 4.186349851032996e-10 0.0022083741193091627 3.4207847243078524e-06 0.22552908596181928 3.638789346686692e-05
59852.27175081632 0.22777240783326627 3.622665729395153e-05 0.003082344236968705 4.736033620406897e-06 2.725390675691032e-07 4.1875731185397937e-10 0.002226993711209889 3.4217842907439833e-06 0.2255454141220564 3.638790054985027e-05
59852.27195344328 0.22771630371739565 3.6225145089717726e-05 0.00303798778215069 4.734603711846551e-06 2.686170958789258e-07 4.186308801786746e-10 0.0021949461726038736 3.420751181809133e-06 0.22552135754479177 3.6386297907577086e-05
59852.272156070256 0.2276520056799069 3.621875130116917e-05 0.0030780749610099804 4.734793578270672e-06 2.7216158069562854e-07 4.186476680564113e-10 0.0022239091593297105 3.4208883603005606e-06 0.2254280965205772 3.637994534066239e-05
59852.27235869722 0.22768932354241975 3.6221807876902634e-05 0.0030634859289601028 4.74159428977023e-06 2.7087162704803737e-07 4.192489829740205e-10 0.002213368583673674 3.4258018743589913e-06 0.22547595495874606 3.638345069332494e-05
59852.27256132419 0.22768308253172923 3.622269411667415e-05 0.003044411618955819 4.734607879460082e-06 2.691850877573435e-07 4.186312486766159e-10 0.002199587394695579 3.420754192909909e-06 0.22548349513703364 3.6383858073580526e-05
59852.27276395116 0.22757418422567918 3.62169483000678e-05 0.0030637922293574784 4.73470778996693e-06 2.708987099493226e-07 4.186400827049669e-10 0.0022135898857107783 3.4208263782511073e-06 0.2253605943399684 3.637814450023424e-05
59852.27296657812 0.2278351722112086 3.6232278345115994e-05 0.0030907465711286905 4.736321200686981e-06 2.7328199702192075e-07 4.1878273953348547e-10 0.0022330643976404786 3.4219920674963437e-06 0.22560210781356813 3.639351623281226e-05
59852.273169205095 0.22771747598531544 3.622360122884638e-05 0.003047729146177313 4.734604993133973e-06 2.694784215663117e-07 4.186309934693561e-10 0.002201984308113109 3.4207521075392952e-06 0.22551549167720233 3.638476097169962e-05
59852.27337183206 0.22764517778465607 3.6220751176826296e-05 0.0030468745834425783 4.734613112086526e-06 2.6940286163108107e-07 4.186317113423736e-10 0.002201366886537263 3.4207579734825147e-06 0.2254438108981188 3.638192409599453e-05
59852.273574459025 0.227689813861736 3.6221343307351776e-05 0.003066263060352184 4.734729722237376e-06 2.711171793750737e-07 4.1864202194344163e-10 0.0022153750611044526 3.420842224316504e-06 0.22547443880063156 3.638252152493975e-05
59852.273777086 0.2276612008529125 3.622016806527095e-05 0.0030599296714216434 4.736438056851869e-06 2.705571848446187e-07 4.187930718869703e-10 0.0022107991876021372 3.422076496075475e-06 0.22545040166531036 3.638146756552663e-05
59852.27397971296 0.22762947268605138 3.6219829060680425e-05 0.003084060904306089 4.734753648903961e-06 2.726908542870971e-07 4.1864413752525206e-10 0.002228234003361149 3.4208595113331117e-06 0.22540123868269024 3.638101561228312e-05
59852.274182339934 0.22769940298390692 3.622522424691815e-05 0.0030512713340644414 4.734635036796989e-06 2.69791619739421e-07 4.1863364991239925e-10 0.002204543538861559 3.4207738140858248e-06 0.22549485944504535 3.638637884190514e-05
59852.2743849669 0.22766730942216598 3.6220936527397146e-05 0.0030496181669144437 4.734609665830495e-06 2.6964544767071026e-07 4.186314066264389e-10 0.0022033491255956856 3.4207554835625323e-06 0.2254639602965703 3.638210839135159e-05
59852.27458759386 0.2277115721741434 3.622524514217404e-05 0.0030982894444462213 4.734818174087846e-06 2.739489334516991e-07 4.1864984280412383e-10 0.0022385141236123947 3.4209061307784683e-06 0.225473058050531 3.638641208426851e-05
59852.274790220836 0.2276438340863897 3.622005153397341e-05 0.0030755118833742457 4.734762318011643e-06 2.719349548760422e-07 4.186449040426631e-10 0.0022220573357378923 3.420865774763412e-06 0.2254217767506518 3.638123768885051e-05
59852.2749928478 0.22766315893681205 3.622158907484959e-05 0.0030644065868338944 4.734712039023492e-06 2.7095303107665427e-07 4.186404584040532e-10 0.0022140337589874885 3.4208294481944733e-06 0.22544912517782456 3.638276500241423e-05
59852.275195474765 0.22771720327457015 3.622773862285557e-05 0.0030556895128867863 4.736451840004988e-06 2.7018227251666547e-07 4.187942905852761e-10 0.002207735673060703 3.4220864544036044e-06 0.22550946760150944 3.638900550203803e-05
59852.27539810174 0.22766768892424433 3.6221450600827536e-05 0.0030666506609664567 4.737941322840216e-06 2.711514507937998e-07 4.189259897829855e-10 0.002215655102548265 3.423162605752056e-06 0.22545203382169607 3.638284658810534e-05
59852.2756007287 0.2277018038107255 3.6230419066275934e-05 0.003073143775449834 4.736570573800702e-06 2.717255681638504e-07 4.1880478895777603e-10 0.002220346377762505 3.4221722395710076e-06 0.225481457432963 3.63916821341809e-05
59852.275803355675 0.22763614632611257 3.622057761575676e-05 0.0030557202399108152 4.734643396353896e-06 2.701849893820881e-07 4.1863438905951244e-10 0.002207757873335564 3.4207798538656897e-06 0.225428388452777 3.638175336109673e-05
59852.27600598264 0.2276813433339569 3.6222800667778334e-05 0.0030660656300186637 4.746654736747716e-06 2.7109972270090926e-07 4.196964247244212e-10 0.0022152324176884846 3.429458047300225e-06 0.22546611091626842 3.638478350513844e-05
59852.276208609605 0.2277287403673827 3.6230650735076634e-05 0.0030935156411315704 4.734846076991903e-06 2.7352683656565734e-07 4.1865230996251683e-10 0.0022350650507175595 3.4209262906266502e-06 0.22549367531666514 3.6391795632711086e-05
59852.27641123658 0.2276819228414328 3.6222059993188206e-05 0.0030415671907681884 4.735419453789419e-06 2.6893358508715947e-07 4.1870300760228287e-10 0.0021975322953300164 3.4213405553628554e-06 0.22548439054610278 3.638328189355512e-05
59852.27661386354 0.22763629488353954 3.622340013684746e-05 0.003079749273443143 4.737560398211555e-06 2.7230962241786077e-07 4.1889230865098727e-10 0.0022251188500626703 3.4228873877078485e-06 0.22541117603347688 3.6384761584255156e-05
59852.27681649051 0.22766601030164543 3.6220838047078506e-05 0.003057218502043259 4.7373589941658404e-06 2.7031746484010243e-07 4.1887450062352384e-10 0.0022088403677262545 3.42274187328482e-06 0.22545716993391918 3.63821971678983e-05
59852.27701911748 0.2277340104991377 3.6224659634508186e-05 0.0030353762284762876 4.735449142042583e-06 2.6838618383646415e-07 4.187056326201955e-10 0.0021930593250741176 3.4213620051257663e-06 0.2255409511740636 3.6385872033058175e-05
59852.27722174444 0.22773101300082407 3.622476369919088e-05 0.003089463309371658 4.7365427882036946e-06 2.7316853177085824e-07 4.188023321716035e-10 0.0022321372410210225 3.4221521644771694e-06 0.22549887575980304 3.638604994361236e-05
59852.27742437141 0.22755955238840406 3.6226345335232885e-05 0.003057424880442078 4.7378654075817485e-06 2.703357126969466e-07 4.1891927740040707e-10 0.0022089894761194015 3.423107756977813e-06 0.22535056291228467 3.638771445231798e-05
59852.27762699838 0.2278094735266376 3.623007022412497e-05 0.0030883702059053535 4.737757047703431e-06 2.7307188020420645e-07 4.18909696283592e-10 0.002231347473766618 3.4230294669657286e-06 0.22557812605287098 3.639141545992327e-05
59852.277829625345 0.22768786461897972 3.6222300848379195e-05 0.0030845690787096054 4.738153704849409e-06 2.7273578676947073e-07 4.189447684755338e-10 0.00222860115936769 3.423316051753698e-06 0.22545926345961204 3.638370750130732e-05
59852.27803225232 0.22765853755510843 3.622370180642752e-05 0.0030791204648645894 4.734773644854291e-06 2.722540235325634e-07 4.1864590555543917e-10 0.002224664535864666 3.420873958407225e-06 0.22543387301924375 3.638487255990172e-05
59852.27823487928 0.2276891272935986 3.622218175631041e-05 0.0030646474498709497 4.736766936390724e-06 2.7097432804496286e-07 4.188221512226873e-10 0.002214207782531761 3.4223141115422983e-06 0.22547491951106685 3.6383494679115806e-05
59852.27843750625 0.22769739063070732 3.622402578427938e-05 0.003039861596778596 4.738687260976152e-06 2.6878277746807535e-07 4.1899194519497164e-10 0.002196300003672536 3.42370154605527e-06 0.22550109062703477 3.638546105653464e-05
59852.27864013322 0.22762028354735553 3.621925505749809e-05 0.0030754131399919286 4.736444404299203e-06 2.71926224044157e-07 4.1879363312453657e-10 0.0022219859936441684 3.4220810821061743e-06 0.22539829755371135 3.6380559037109506e-05
59852.278842760184 0.22771547797537478 3.622340253356906e-05 0.0030682720998789935 4.7347052890404354e-06 2.712948174703841e-07 4.186398615745147e-10 0.0022168265921625727 3.420824571331715e-06 0.2254986513832122 3.6384569969381306e-05
59852.27904538715 0.2277409523358456 3.622490056527677e-05 0.003087436538548328 4.734771026354194e-06 2.7298932588472083e-07 4.1864567402919815e-10 0.002230672899101167 3.4208720665409053e-06 0.22551027943674443 3.638606583102698e-05
59852.27924801412 0.2276494537025366 3.622042190053621e-05 0.003066879978586855 4.734661322010374e-06 2.711717269231467e-07 4.186359740355328e-10 0.002215820784529003 3.420792805152495e-06 0.2254336329180076 3.63815995534642e-05
59852.27945064109 0.227716747842532 3.6224942586512434e-05 0.003071274374461702 4.735069883629658e-06 2.715602768261381e-07 4.186720988140143e-10 0.002218995735548579 3.4210879909224278e-06 0.22549775210698345 3.638612796709422e-05
59852.27965326806 0.22775769444683966 3.622916363139543e-05 0.00308016446552251 4.739498815864429e-06 2.7234633345772963e-07 4.1906370240167144e-10 0.0022254188263400136 3.42428789446205e-06 0.22553227562049966 3.639063128079237e-05
59852.27985589502 0.22767159479809992 3.622719553353231e-05 0.0030651205633557936 4.736280444759272e-06 2.710161604614942e-07 4.187791359182882e-10 0.002214549607024561 3.421962621338574e-06 0.22545704519107537 3.638845317414058e-05
59852.28005852199 0.22768863379149862 3.622362258196828e-05 0.003079803654654772 4.735925910956251e-06 2.72314430772662e-07 4.187477882475971e-10 0.002225158140488073 3.4217064706658913e-06 0.22546347565101055 3.638487196806221e-05
59852.28026114896 0.22769293174541655 3.6228721681877594e-05 0.003048896322755134 4.7375646311938345e-06 2.695816226339902e-07 4.188926829287949e-10 0.0022028275931905844 3.4228904460375453e-06 0.22549010415222598 3.639005982007343e-05
59852.280463775925 0.22767997457933573 3.622850368274449e-05 0.0030607086645287403 4.736492920932772e-06 2.706260629577459e-07 4.187979229367892e-10 0.002211362010122015 3.422116135373928e-06 0.22546861256921372 3.638976996265046e-05
59852.28066640289 0.2276301241521891 3.622208029516526e-05 0.0030512472089448436 4.738157690153202e-06 2.697894866105117e-07 4.189451208537551e-10 0.0022045261084626495 3.4233189311356884e-06 0.22542559804372647 3.638348819744571e-05
