WASP80b/WASP80b_WLP8/Results/ROEBA_Results/ApertureSweep_Results/WASP80b_WLP8_nrca3_level3_asn_phot.ecsv
# %ECSV 0.9
# ---
# datatype:
# - {name: MJD, datatype: float64}
# - {name: aperture_sum, unit: Jy, datatype: float64}
# - {name: aperture_sum_err, unit: Jy, datatype: float64}
# - {name: annulus_sum, unit: Jy, datatype: float64}
# - {name: annulus_sum_err, unit: Jy, datatype: float64}
# - {name: annulus_mean, unit: Jy, datatype: float64}
# - {name: annulus_mean_err, unit: Jy, datatype: float64}
# - {name: aperture_bkg, unit: Jy, datatype: float64}
# - {name: aperture_bkg_err, unit: Jy, datatype: float64}
# - {name: net_aperture_sum, unit: Jy, datatype: float64}
# - {name: net_aperture_sum_err, unit: Jy, datatype: float64}
# meta: !!omap
# - {instrument: NIRCAM}
# - {detector: NRCA3}
# - {channel: SHORT}
# - {subarray: SUBGRISM256}
# - {filter: F210M}
# - {pupil: WLP8}
# - {target_name: UNKNOWN}
# - {xcenter: 1055.0}
# - {ycenter: 166.0}
# - ra_icrs: !numpy.ndarray
#     buffer: !!binary |
#       aE5BSnpLcnlja0E9
#     dtype: float64
#     order: C
#     shape: !!python/tuple []
# - dec_icrs: !numpy.ndarray
#     buffer: !!binary |
#       aHllR0pMQW5BY0E9
#     dtype: float64
#     order: C
#     shape: !!python/tuple []
# - {apertures: Photometry measured in a circular aperture of r=51.0 pixels.  Background calculated as the mean in a circular annulus
#     with r_inner=80.0 pixels and r_outer=100.0 pixels.}
# - {number_of_integrations: 1227}
# - __serialized_columns__:
#     annulus_mean:
#       __class__: astropy.units.quantity.Quantity
#       unit: &id001 !astropy.units.Unit {unit: Jy}
#       value: !astropy.table.SerializedColumn {name: annulus_mean}
#     annulus_mean_err:
#       __class__: astropy.units.quantity.Quantity
#       unit: *id001
#       value: !astropy.table.SerializedColumn {name: annulus_mean_err}
#     annulus_sum:
#       __class__: astropy.units.quantity.Quantity
#       unit: *id001
#       value: !astropy.table.SerializedColumn {name: annulus_sum}
#     annulus_sum_err:
#       __class__: astropy.units.quantity.Quantity
#       unit: *id001
#       value: !astropy.table.SerializedColumn {name: annulus_sum_err}
#     aperture_bkg:
#       __class__: astropy.units.quantity.Quantity
#       unit: *id001
#       value: !astropy.table.SerializedColumn {name: aperture_bkg}
#     aperture_bkg_err:
#       __class__: astropy.units.quantity.Quantity
#       unit: *id001
#       value: !astropy.table.SerializedColumn {name: aperture_bkg_err}
#     aperture_sum:
#       __class__: astropy.units.quantity.Quantity
#       unit: *id001
#       value: !astropy.table.SerializedColumn {name: aperture_sum}
#     aperture_sum_err:
#       __class__: astropy.units.quantity.Quantity
#       unit: *id001
#       value: !astropy.table.SerializedColumn {name: aperture_sum_err}
#     net_aperture_sum:
#       __class__: astropy.units.quantity.Quantity
#       unit: *id001
#       value: !astropy.table.SerializedColumn {name: net_aperture_sum}
#     net_aperture_sum_err:
#       __class__: astropy.units.quantity.Quantity
#       unit: *id001
#       value: !astropy.table.SerializedColumn {name: net_aperture_sum_err}
# schema: astropy-2.0
MJD aperture_sum aperture_sum_err annulus_sum annulus_sum_err annulus_mean annulus_mean_err aperture_bkg aperture_bkg_err net_aperture_sum net_aperture_sum_err
[from data line 69]
59852.21197586088 0.22774547524256772 3.622711816398372e-05 0.0030966096165165507 4.7310013310961424e-06 2.7380040405250414e-07 4.183123597879376e-10 0.0022373004479332077 3.418148461716963e-06 0.2255081747946345 3.638801766204882e-05
59852.21217848785 0.22767620162173874 3.622160753838084e-05 0.003061843104181135 4.730890421165924e-06 2.7072636944570037e-07 4.183025531970308e-10 0.0022121816427708696 3.4180683292923802e-06 0.22546401997896787 3.6382523878480444e-05
59852.21238111481 0.22781289667620544 3.6229713796902446e-05 0.0030768605518878287 4.73212373019109e-06 2.7205420335411393e-07 4.184116016568725e-10 0.002223031748738956 3.418959395063063e-06 0.2255898649274665 3.639067799795098e-05
59852.212583741784 0.22765002748749477 3.622293173275654e-05 0.003065900467655072 4.736593111964592e-06 2.710851191416991e-07 4.1880678176899336e-10 0.0022151130878807898 3.4221885233944175e-06 0.225434914399614 3.63842295178226e-05
59852.21278636875 0.22769900428097245 3.622444396675387e-05 0.0030525225908953494 4.743144555345637e-06 2.6990225513370794e-07 4.1938605654592673e-10 0.00220544757192189 3.4269219412372226e-06 0.22549355670905055 3.638618054552887e-05
59852.212988995714 0.2276730809580736 3.6221111785179174e-05 0.0030668130860224217 4.733665046095274e-06 2.7116581232187693e-07 4.1854788390410414e-10 0.0022157724546512 3.420072995803835e-06 0.22545730850342238 3.638221870984605e-05
59852.213191622686 0.22766088548223948 3.6223673517124595e-05 0.0030593904054503985 4.73121371805255e-06 2.7050950326408264e-07 4.183311389179156e-10 0.002210409567937913 3.418301911292967e-06 0.22545047591430156 3.6384602664203755e-05
59852.21339424965 0.22766362720221361 3.622062812774624e-05 0.003081055756332449 4.731598424302863e-06 2.7242514086780416e-07 4.1836515441867995e-10 0.0022260627839501943 3.418579861558819e-06 0.22543756441826343 3.638159686212712e-05
59852.21359687662 0.2277125768796794 3.623572858412303e-05 0.0030720250083274177 4.730846900402697e-06 2.7162664743179417e-07 4.182987051167004e-10 0.0022195380685165592 3.4180368855409487e-06 0.22549303881116287 3.639657953947251e-05
59852.21379950359 0.2276484416127537 3.621973634595825e-05 0.0030883822346308275 4.745682366469907e-06 2.7307294377704995e-07 4.196104483154051e-10 0.0022313561645207728 3.4287555097745074e-06 0.2254170854482329 3.6381666609936084e-05
59852.21400213055 0.22771814436145987 3.6224665642490594e-05 0.0030701266615584116 4.733983062175966e-06 2.7145879672513315e-07 4.1857600269922903e-10 0.0022181665129759527 3.420302762422135e-06 0.2254999778484839 3.6385778429173e-05
59852.214204757525 0.22772154796789199 3.622376464952625e-05 0.0030614292589025947 4.7354952383148825e-06 2.706897774891699e-07 4.1870970842552586e-10 0.0022118826395571244 3.421395309682503e-06 0.22550966532833486 3.638498414524026e-05
59852.21440738449 0.22766708882710374 3.6220356202382594e-05 0.003068704202857592 4.734931384373571e-06 2.713330237620334e-07 4.1865985279111385e-10 0.0022171387865646103 3.420987925209905e-06 0.22544995004053914 3.638155249315108e-05
59852.214610011455 0.22766604159066986 3.622346019800078e-05 0.003087275687914767 4.7334062550592404e-06 2.729751035661482e-07 4.1852500175265273e-10 0.0022305566845184192 3.4198860192803013e-06 0.22543548490615145 3.6384539149218525e-05
59852.21481263843 0.22772546630119334 3.622433734934902e-05 0.003072407928800436 4.730827482114632e-06 2.7166050503517857e-07 4.182969881630716e-10 0.002219814728558315 3.418022855827822e-06 0.22550565157263502 3.638523734486837e-05
59852.21501526539 0.22764326873798343 3.621998588658611e-05 0.0030604260267236578 4.734158463696671e-06 2.706010722889773e-07 4.185915115986991e-10 0.0022111578043078426 3.420429490020845e-06 0.2254321109336756 3.6381131311721204e-05
59852.215217892364 0.22766377061154985 3.622569644484103e-05 0.0030413333906395834 4.730754228698105e-06 2.689129126170689e-07 4.182905111389945e-10 0.0021973633747370993 3.417969930234381e-06 0.22546640723681274 3.6386585458898924e-05
59852.21542051933 0.2277139806919478 3.622408027899916e-05 0.0030176697564171496 4.7306078602195825e-06 2.6682058797372506e-07 4.1827756932406694e-10 0.0021802663990113905 3.4178641790086487e-06 0.2255337142929364 3.638496650548859e-05
59852.215623146294 0.2277072398541406 3.6223549599385196e-05 0.003070000021073396 4.735196331216434e-06 2.714475992478077e-07 4.1868327923539067e-10 0.0022180750152255286 3.421179349303874e-06 0.22548916483891507 3.6384749741055287e-05
59852.215825773266 0.22768081842933216 3.6223676705393613e-05 0.0030476933336239043 4.733744389350229e-06 2.694752550413674e-07 4.185548993881192e-10 0.0022019584335432707 3.4201303213055403e-06 0.2254788599957889 3.638477766142854e-05
59852.21602840023 0.22768282819700175 3.62216833159812e-05 0.003092509019368455 4.730910010589323e-06 2.7343783166042197e-07 4.183042852823454e-10 0.0022343377664937086 3.4180824826507857e-06 0.22544849043050805 3.638260065060543e-05
59852.216231027196 0.22767268101660157 3.6221038159031644e-05 0.0030516679311493925 4.7320303715997e-06 2.6982668662080196e-07 4.1840334694503925e-10 0.002204830080255436 3.418891943480783e-06 0.22546785093634614 3.6382034404898586e-05
59852.21643365417 0.227652613966977 3.622248475818104e-05 0.003049247035614009 4.730726452875043e-06 2.696126324590434e-07 4.1828805521702855e-10 0.0022030809832311216 3.4179498622022187e-06 0.22544953298374587 3.638338608921915e-05
59852.21663628113 0.2276469023326037 3.6223326117475135e-05 0.0030663028967784865 4.73083391091449e-06 2.711207016884966e-07 4.182975565937802e-10 0.0022154038429224566 3.418027500635719e-06 0.22543149848968125 3.638423102125505e-05
59852.216838908105 0.2276875938848516 3.622200224835408e-05 0.003061733680137853 4.730789596905984e-06 2.7071669423604405e-07 4.1829363837516803e-10 0.002212102583899599 3.417995483764574e-06 0.225475491300952 3.638290999915761e-05
59852.21704153507 0.22765456288041386 3.622872769134506e-05 0.003052421320567032 4.735648170320877e-06 2.6989330087074113e-07 4.1872323058369865e-10 0.0022053744041096806 3.421505803056834e-06 0.22544918847630419 3.638993558793398e-05
59852.217244162035 0.22767127178718705 3.6221307780971476e-05 0.003057416136521216 4.730783834133126e-06 2.7033493956459816e-07 4.182931288341756e-10 0.0022089831586365786 3.4179913201611836e-06 0.22546228862855047 3.6382218212040924e-05
59852.21744678901 0.22766648785753668 3.621956393574556e-05 0.0030509476881795845 4.731523590245784e-06 2.697630031603175e-07 4.183585376352934e-10 0.00220430970470975 3.418525793952579e-06 0.22546217815282693 3.638053229818771e-05
59852.21764941597 0.22771336026713235 3.622189189872957e-05 0.0030745018824746362 4.731271550646728e-06 2.7184565118954214e-07 4.183362524419352e-10 0.0022213276100879246 3.4183436953422608e-06 0.22549203265704443 3.638283285208475e-05
59852.21785204294 0.22764617804856255 3.6227124846595014e-05 0.0030754707902791497 4.7334115479222375e-06 2.7193132144870247e-07 4.185254697444911e-10 0.0022220276459766855 3.4198898433738166e-06 0.22542415040258587 3.6388187934982326e-05
59852.21805466991 0.22773003105620063 3.6224422566819214e-05 0.0030913970929854176 4.731121943388486e-06 2.733395157825249e-07 4.183230242560065e-10 0.0022335343996819643 3.4182356040981806e-06 0.22549649665651866 3.638534217160264e-05
59852.218257296874 0.22768324482699528 3.622262751959886e-05 0.003045474125024682 4.731231239875546e-06 2.6927903392007945e-07 4.1833268818721666e-10 0.0022003550553303325 3.418314570810082e-06 0.22548288977166495 3.63835624826461e-05
59852.21845992384 0.22772046270174748 3.622291608198042e-05 0.003074754448464946 4.739123834127547e-06 2.7186798292610585e-07 4.190305467366748e-10 0.0022215100890159234 3.4240169701571527e-06 0.22549895261273156 3.6384385960108216e-05
59852.21866255081 0.22769498177835595 3.622222338255451e-05 0.0030816711302672946 4.730839453409318e-06 2.724795518697934e-07 4.182980466579185e-10 0.0022265073916181203 3.4180315050882324e-06 0.22546847438673784 3.638313353939507e-05
59852.218865177776 0.22777256118668038 3.622663718645106e-05 0.003099692523900152 4.7352870982164286e-06 2.740729929131678e-07 4.186913048002344e-10 0.0022395278485178595 3.4212449284613694e-06 0.22553303333816252 3.6387829815740335e-05
59852.21906780475 0.2277439829788431 3.6227064812601314e-05 0.0030373891076824282 4.73205159532317e-06 2.6856416143396645e-07 4.184052235342065e-10 0.0021945136303005543 3.4189072776209904e-06 0.22554946934854256 3.638803583472713e-05
59852.21927043171 0.22771090020921497 3.622276935383434e-05 0.0030795487818378515 4.7309366254416354e-06 2.7229189506784385e-07 4.183066385519594e-10 0.002224973994877848 3.4181017118815816e-06 0.22548592621433713 3.638368369164739e-05
59852.21947305868 0.22771087354514155 3.622676067174682e-05 0.0030492398413396156 4.731420196574923e-06 2.6961199634552584e-07 4.183493956276256e-10 0.0022030757853678724 3.4184510920253818e-06 0.22550779775977367 3.6387690180012685e-05
59852.21967568565 0.22769034888537382 3.622102642095454e-05 0.0030731945929594264 4.737270436266238e-06 2.7173006141821e-07 4.1886667038603963e-10 0.0022203830934131854 3.422677890202357e-06 0.22546996579196063 3.638237868704529e-05
59852.219878312615 0.22764781275421392 3.622138133565665e-05 0.0030685868534949794 4.7308411229895416e-06 2.7132264780029535e-07 4.1829819428122153e-10 0.0022170540016501227 3.4180327113599436e-06 0.2254307587525638 3.638229532999509e-05
59852.22008093958 0.227684575850248 3.622327193966002e-05 0.0030494363896138065 4.732058583865047e-06 2.696293750285223e-07 4.184058414569758e-10 0.002203217791495975 3.4189123268424967e-06 0.22548135805875202 3.6384260216654074e-05
59852.22028356655 0.22769333937526265 3.622266334717067e-05 0.0030506945626036295 4.7307947375372175e-06 2.6974062194551954e-07 4.182940929067632e-10 0.002204126821481122 3.4179991978706394e-06 0.22548921255378152 3.638356852315487e-05
59852.22048619352 0.22771262655173624 3.622563867420456e-05 0.0030911028326579726 4.733171947133141e-06 2.733134974571534e-07 4.1850428438340583e-10 0.002233321796595385 3.4197167318036944e-06 0.22547930475514086 3.638669207113781e-05
59852.22068882049 0.22771541593883893 3.6223019059086966e-05 0.0030750718274354357 4.731644772347767e-06 2.7189604538832077e-07 4.183692524855961e-10 0.0022217393953221022 3.4186133480212617e-06 0.22549367654351682 3.6383980361942906e-05
59852.220891447454 0.2276859785931201 3.622189114746102e-05 0.003065550067108142 4.731405446701772e-06 2.710541369310846e-07 4.183480914525023e-10 0.0022148599234856326 3.41844043524203e-06 0.22547111866963446 3.638284119345014e-05
59852.22109407442 0.22771372623166855 3.622459690367754e-05 0.003038517506468402 4.731918072634741e-06 2.68663933792059e-07 4.1839341753649626e-10 0.00219532889842342 3.4188108074786e-06 0.22551839733324514 3.638556977939547e-05
59852.22129670139 0.22771686049122553 3.6227629127784425e-05 0.0030649092533882637 4.732387047200893e-06 2.7099747655824033e-07 4.1843488399226713e-10 0.0022143969355730205 3.4191496416026453e-06 0.2255024635556525 3.638862042578649e-05
59852.221499328356 0.2277565353356764 3.623473284615255e-05 0.003093898941546746 4.733962709655505e-06 2.7356072776330423e-07 4.1857420314132036e-10 0.002235341985267524 3.4202880577261028e-06 0.22552119335040888 3.6395799686637886e-05
59852.22170195532 0.22769431572610585 3.622334308081919e-05 0.0030718844203343146 4.730828818002415e-06 2.716142167239932e-07 4.182971062814849e-10 0.002219436493691542 3.418023821006745e-06 0.2254748792324143 3.638424756390739e-05
59852.22190458229 0.22770493809868453 3.6222843607184434e-05 0.003043289751161936 4.732376007623708e-06 2.690858928657368e-07 4.1843390787933454e-10 0.002198776845214499 3.4191416655081294e-06 0.22550616125347003 3.638385533061822e-05
59852.22210720926 0.22765252741840564 3.622011689079946e-05 0.0030743694660935283 4.730891976896986e-06 2.7183394301087567e-07 4.1830269075385786e-10 0.0022212319392525743 3.4180694533080726e-06 0.22543129547915305 3.638103992976031e-05
59852.22230983623 0.22770340116234983 3.6224507447193454e-05 0.0030689809934585964 4.731497799746062e-06 2.7135749742445074e-07 4.183562572544514e-10 0.002217338767773836 3.41850716031653e-06 0.225486062394576 3.6385452188984944e-05
59852.222512463195 0.22772264697545283 3.6227912823236314e-05 0.00305459939149408 4.730762856168162e-06 2.7008588462321026e-07 4.182912739748312e-10 0.002206948060354473 3.417976163581497e-06 0.22551569891509834 3.638879262331771e-05
59852.22271509016 0.22772415756941267 3.623049233877802e-05 0.0030543894864456713 4.730749800913442e-06 2.7006732494208017e-07 4.1829011963687446e-10 0.0022067964039569976 3.4179667311599616e-06 0.22551736116545568 3.639135984935942e-05
59852.22291771713 0.22762241776271244 3.6217602753397184e-05 0.0030538477433388273 4.734024747265544e-06 2.700194243346689e-07 4.1857968847037325e-10 0.0022064049945623027 3.4203328798993555e-06 0.22541601276815015 3.637874965157824e-05
59852.2231203441 0.22769708721622223 3.622335002582843e-05 0.003060742701127674 4.730768625043146e-06 2.7062907245383835e-07 4.182917840553699e-10 0.0022113866015647447 3.4179803315936727e-06 0.22548570061465747 3.6384250392729624e-05
59852.22332297106 0.22766834240978712 3.622471119321317e-05 0.0030733544287433728 4.7309918385470955e-06 2.7174419400437555e-07 4.183115204623246e-10 0.002220498574767087 3.4181416033502763e-06 0.22544784383502003 3.638562069076543e-05
59852.223525598034 0.22771835765862083 3.6224524532666594e-05 0.003066609435462304 4.733847403684582e-06 2.71147805658929e-07 4.185640078550756e-10 0.0022156253171215145 3.4202047491621103e-06 0.2255027323414993 3.638562873091456e-05
59852.223728225 0.2276473762515485 3.622118821361689e-05 0.003041367224256653 4.735264965013331e-06 2.68915904165624e-07 4.186893477954125e-10 0.0021973878195254313 3.4212289372221316e-06 0.22544998843202305 3.638240348090193e-05
59852.22393085197 0.22772649138599368 3.6225207255620604e-05 0.003053322983471168 4.730760437279091e-06 2.6997302537529435e-07 4.1829106009807976e-10 0.0022060258555579187 3.417974415934143e-06 0.22552046553043575 3.638609885410427e-05
59852.224133478936 0.22764510606636681 3.622258696183482e-05 0.0030663752128866984 4.733099964550466e-06 2.7112709583632276e-07 4.1849791972571186e-10 0.00221545609131064 3.419664724387712e-06 0.22542964997505618 3.638364897910747e-05
59852.2243361059 0.22768331283486953 3.622228254564746e-05 0.0030762095779875544 4.730864467274695e-06 2.7199664462408477e-07 4.183002583692077e-10 0.002222561420096008 3.4180495776059673e-06 0.22546075141477354 3.6383194138663655e-05
59852.22453873287 0.22765437819312717 3.6222885017630815e-05 0.00303994428673166 4.730755831370839e-06 2.6879008886517207e-07 4.182906528463766e-10 0.002196359747163624 3.417971088165431e-06 0.22545801844596355 3.638378657259354e-05
59852.22474135984 0.22768860104291877 3.623703203683121e-05 0.0030722307700235593 4.731282318427534e-06 2.7164484076014965e-07 4.1833720452279163e-10 0.0022196867313420215 3.418351475063894e-06 0.22546891431157676 3.639790677560185e-05
59852.2249439868 0.22769855839085154 3.622624210204459e-05 0.0030883808172150777 4.730941528406272e-06 2.7307281844998165e-07 4.183070720692137e-10 0.002231355140437894 3.418105254273532e-06 0.22546720325041364 3.6387141415137856e-05
59852.225146613775 0.2277529852100745 3.622628145266821e-05 0.0030923413539609024 4.730904320826571e-06 2.7342300678353446e-07 4.183037821968637e-10 0.002234216628236752 3.4180783717971973e-06 0.22551876858183775 3.6387178066506895e-05
59852.22534924074 0.22769072162490522 3.6223580638859003e-05 0.003081000957195562 4.7308620665653735e-06 2.7242029556029706e-07 4.183000460998991e-10 0.0022260231915737934 3.418047843093482e-06 0.22546469843333142 3.638448632807115e-05
