Original_Data_Set_NRCA3_DataChallengeSimulation/Results/ROEBA_Results/ApertureSweep_Results/DataChallengeSimulation_nrca3_level3_asn_phot.ecsv
# %ECSV 0.9
# ---
# datatype:
# - {name: MJD, datatype: float64}
# - {name: aperture_sum, unit: Jy, datatype: float64}
# - {name: aperture_sum_err, unit: Jy, datatype: float64}
# - {name: annulus_sum, unit: Jy, datatype: float64}
# - {name: annulus_sum_err, unit: Jy, datatype: float64}
# - {name: annulus_mean, unit: Jy, datatype: float64}
# - {name: annulus_mean_err, unit: Jy, datatype: float64}
# - {name: aperture_bkg, unit: Jy, datatype: float64}
# - {name: aperture_bkg_err, unit: Jy, datatype: float64}
# - {name: net_aperture_sum, unit: Jy, datatype: float64}
# - {name: net_aperture_sum_err, unit: Jy, datatype: float64}
# meta: !!omap
# - {instrument: NIRCAM}
# - {detector: NRCA3}
# - {channel: SHORT}
# - {subarray: SUBGRISM64}
# - {filter: WLP4}
# - {pupil: CLEAR}
# - {target_name: UNKNOWN}
# - {xcenter: 1054.0}
# - {ycenter: 22.0}
# - ra_icrs: !numpy.ndarray
#     buffer: !!binary |
#       RjByVEdwN3haVUE9
#     dtype: float64
#     order: C
#     shape: !!python/tuple []
# - dec_icrs: !numpy.ndarray
#     buffer: !!binary |
#       Wkg2dmxQdXpPa0E9
#     dtype: float64
#     order: C
#     shape: !!python/tuple []
# - {apertures: Photometry measured in a circular aperture of r=21.0 pixels.  Background calculated as the mean in a circular annulus
#     with r_inner=80.0 pixels and r_outer=100.0 pixels.}
# - {number_of_integrations: 2198}
# - __serialized_columns__:
#     annulus_mean:
#       __class__: astropy.units.quantity.Quantity
#       unit: &id001 !astropy.units.Unit {unit: Jy}
#       value: !astropy.table.SerializedColumn {name: annulus_mean}
#     annulus_mean_err:
#       __class__: astropy.units.quantity.Quantity
#       unit: *id001
#       value: !astropy.table.SerializedColumn {name: annulus_mean_err}
#     annulus_sum:
#       __class__: astropy.units.quantity.Quantity
#       unit: *id001
#       value: !astropy.table.SerializedColumn {name: annulus_sum}
#     annulus_sum_err:
#       __class__: astropy.units.quantity.Quantity
#       unit: *id001
#       value: !astropy.table.SerializedColumn {name: annulus_sum_err}
#     aperture_bkg:
#       __class__: astropy.units.quantity.Quantity
#       unit: *id001
#       value: !astropy.table.SerializedColumn {name: aperture_bkg}
#     aperture_bkg_err:
#       __class__: astropy.units.quantity.Quantity
#       unit: *id001
#       value: !astropy.table.SerializedColumn {name: aperture_bkg_err}
#     aperture_sum:
#       __class__: astropy.units.quantity.Quantity
#       unit: *id001
#       value: !astropy.table.SerializedColumn {name: aperture_sum}
#     aperture_sum_err:
#       __class__: astropy.units.quantity.Quantity
#       unit: *id001
#       value: !astropy.table.SerializedColumn {name: aperture_sum_err}
#     net_aperture_sum:
#       __class__: astropy.units.quantity.Quantity
#       unit: *id001
#       value: !astropy.table.SerializedColumn {name: net_aperture_sum}
#     net_aperture_sum_err:
#       __class__: astropy.units.quantity.Quantity
#       unit: *id001
#       value: !astropy.table.SerializedColumn {name: net_aperture_sum_err}
# schema: astropy-2.0
MJD aperture_sum aperture_sum_err annulus_sum annulus_sum_err annulus_mean annulus_mean_err aperture_bkg aperture_bkg_err net_aperture_sum net_aperture_sum_err
[from data line 480]
59491.97132541805 1.089757462506623 0.0003505991220182132 0.0024350694040028873 4.8707237610493746e-05 2.1530740689938615e-07 4.306665350034198e-09 0.0002982960019903537 5.966636607285484e-06 1.0894591665046327 0.00035064988965112384
59491.971360898264 1.0894792386309966 0.00035055935866202674 0.0025980431241834157 4.8707411735026756e-05 2.2971744754427862e-07 4.306680746023166e-09 0.0003182602827124684 5.966657937540778e-06 1.089160978348284 0.0003506101324155866
59491.971396378474 1.0892335061443257 0.0003505597672967267 0.0024565130635074563 4.882631160989823e-05 2.172034426816815e-07 4.317193803144723e-09 0.0003009228502796634 5.981223172212533e-06 1.088932583294046 0.00035061078916338417
59491.97143185868 1.0899772184639778 0.00035063553490323625 0.0025277620431762684 4.870717737976285e-05 2.2350323562865117e-07 4.306660024468338e-09 0.0003096508502890929 5.966629229020949e-06 1.0896675676136887 0.0003506862971392455
59491.97146733889 1.0891131205727465 0.0003505123284819468 0.0024961583842150552 4.870727294021032e-05 2.2070885866005808e-07 4.306668473866993e-09 0.00030577940206634425 5.966640935175764e-06 1.08880734117068 0.00035056310875773207
59491.9715028191 1.089303700044197 0.0003505305453582996 0.002591739139618141 4.870712408052312e-05 2.2916005293053502e-07 4.306655311780857e-09 0.00031748804460322226 5.966622699864082e-06 1.0889862119995937 0.00035058132268509326
59491.97153829931 1.0890166908204861 0.0003505086605990959 0.002664121707387246 4.870729730808554e-05 2.3556007707172234e-07 4.306670628460212e-09 0.00032635490915493764 5.966643920240478e-06 1.0886903359113311 0.00035055944145699906
59491.97157377951 1.089160394073703 0.0003505218256176619 0.0026276369706534144 4.87073066233305e-05 2.3233411807250247e-07 4.306671452108701e-09 0.00032188552890504324 5.966645061357985e-06 1.0888385085447978 0.000350572604588018
59491.97160925972 1.0888364050837267 0.00035049006726661823 0.002643918790646067 4.870733761070219e-05 2.3377374703603754e-07 4.306674191993912e-09 0.00032388005185414324 5.966648857311019e-06 1.0885125250318726 0.0003505408509020668
59491.97164473993 1.089067394584657 0.00035050906707639304 0.0024369457233964498 4.8707008661256655e-05 2.1547330995844427e-07 4.306645106477087e-09 0.0002985258511160651 5.96660856100394e-06 1.0887688687335408 0.00035055984727359126
59491.97168022014 1.0889122998735146 0.00035050173749498503 0.0026369314832768364 4.870732990252024e-05 2.331559334211956e-07 4.306673510440989e-09 0.00032302410670141245 5.966647913058728e-06 1.0885892757668132 0.000350552519423726
59491.97171570035 1.0890646153777324 0.0003505102592361594 0.002440557502130062 4.8707238767053654e-05 2.1579266131333792e-07 4.306665452296546e-09 0.00029896829401093256 5.966636748964073e-06 1.0887656470837215 0.00035056103974043343
59491.97175118056 1.0891274377866744 0.00035053869074903394 0.0025583869766029423 4.870719669984096e-05 2.262110742601597e-07 4.3066617327383005e-09 0.00031340240463386044 5.966631595730518e-06 1.0888140353820406 0.00035058946704749416
59491.97178666076 1.0889158916798856 0.0003505172278371612 0.002469745422755825 4.870713716079426e-05 2.183734401167624e-07 4.306656468330751e-09 0.00030254381428758854 5.966624302197297e-06 1.088613347865598 0.00035056800712017624
59491.97182214097 1.0890249344712446 0.0003505164579647841 0.00241445816111312 4.870708614715544e-05 2.1348497290540052e-07 4.30665195773476e-09 0.0002957711247363572 5.966618053026541e-06 1.0887291633465082 0.000350567237252954
59491.97185762118 1.0890552478716495 0.000350510709411152 0.0024632019035137984 4.8707028196017894e-05 2.1779486598754826e-07 4.306646833729205e-09 0.0003017422331804403 5.966610954012192e-06 1.0887535056384692 0.000350561489411181
59491.97189310139 1.088773497018427 0.00035048318661482045 0.00257721672660864 4.8707087887035025e-05 2.2787598969937714e-07 4.306652111573891e-09 0.00031570904900955836 5.966618266161791e-06 1.0884577879694175 0.00035053397072639503
59491.971928581595 1.089128157821328 0.0003505258531957643 0.0024221319847664642 4.8707219865889804e-05 2.141634878869812e-07 4.306663781066737e-09 0.00029671116813389186 5.966634433571501e-06 1.0888314466531943 0.00035057663140186966
59491.971964061806 1.0887345897634717 0.0003504755763741005 0.0025733482090207933 4.870730255177745e-05 2.2753393764574175e-07 4.306671092104371e-09 0.00031523515560504716 5.966644562592737e-06 1.0884193546078667 0.00035052636203585923
59491.97199954202 1.0891284547975333 0.0003505281963216719 0.002426518268810017 4.870716309300205e-05 2.145513205466126e-07 4.306658761241337e-09 0.0002972484879292271 5.966627478892751e-06 1.088831206309604 0.0003505789740700324
59491.97203502222 1.0885749885971232 0.00035047242140242126 0.002577144097592979 4.870730396368266e-05 2.2786956788445807e-07 4.306671216944201e-09 0.0003157001519551399 5.966644735551126e-06 1.088259288445168 0.0003505232075242332
59491.97207050243 1.0888372185828792 0.0003505003608348232 0.0023697195465502844 4.8707022483618144e-05 2.095292108749792e-07 4.306646328642173e-09 0.00029029064445240985 5.966610254243222e-06 1.0885469279384268 0.00035055114232201165
59491.97210598264 1.0892667432456187 0.0003505223537565949 0.002678557694184733 4.87073058406583e-05 2.3683649854796088e-07 4.306671382905285e-09 0.0003281233175376298 5.966644965480641e-06 1.088938619928081 0.0003505731326488206
59491.972141462844 1.0894510179350803 0.00035056976901350626 0.0024705073716521746 4.870713365210845e-05 2.184408111907832e-07 4.3066561580948115e-09 0.00030263715302739135 5.966623872383285e-06 1.0891483807820528 0.00035062054067983185
59491.972176943054 1.0885479248374978 0.00035044770024674003 0.002649106315545361 4.870737264515205e-05 2.3423242494166805e-07 4.306677289719396e-09 0.0003245155236543067 5.966653149031125e-06 1.0882234093138436 0.00035049849009379457
59491.972212423265 1.0884554176644858 0.0003504190356552015 0.002423952583723703 4.8707089495330403e-05 2.1432446417777702e-07 4.306652253778425e-09 0.0002969341915061536 5.966618463177975e-06 1.0881584834729796 0.0003504698290657935
59491.972247903475 1.0880745974861639 0.0003503862087681658 0.0024829518122341933 4.870714672973479e-05 2.1954114132002858e-07 4.306657314410854e-09 0.00030416159699868866 5.966625474392511e-06 1.087770435889165 0.00035043700705616175
59491.97228338368 1.0880261562874098 0.00035040600307034573 0.00267791951426312 4.872236945045733e-05 2.367800710540127e-07 4.308003298438798e-09 0.0003280451404972322 5.968490257681023e-06 1.0876981111469126 0.0003504568302426009
59491.97231886389 1.087892225563539 0.00035039865672275845 0.002612396333018241 4.870724987094079e-05 2.3098654984166345e-07 4.306666434095727e-09 0.0003200185507947345 5.966638109190247e-06 1.0875722070127443 0.00035044945342151634
59491.9723543441 1.0888705694164094 0.0003504819506882684 0.002359507636188708 4.8707195572276574e-05 2.0862627975694796e-07 4.306661633039719e-09 0.00028903968543311673 5.96663145760388e-06 1.0885815297309762 0.00035053273520343955
59491.9723898243 1.088718012587093 0.0003504926293128908 0.0024148618045751885 4.8707178613712965e-05 2.1352066282330879e-07 4.306660133573483e-09 0.0002958205710604606 5.966629380179838e-06 1.0884221920160326 0.0003505434122456503
59491.97242530451 1.0884134043299016 0.00035046473540365706 0.0026538532414140466 4.870733492573073e-05 2.346521453397192e-07 4.306673954590312e-09 0.0003250970220732207 5.966648528402015e-06 1.0880883073078285 0.0003505155227036555
59491.972460784724 1.0884526566838821 0.0003504393045721066 0.002663764062390709 4.8707278126837146e-05 2.3552845431112735e-07 4.306668932465492e-09 0.0003263110976428618 5.966641570537551e-06 1.0881263455862393 0.0003504900954386771
59491.97249626493 1.0882477593415265 0.00035042906358770924 0.002522250809120815 4.878869781279079e-05 2.230159355495057e-07 4.313868013290221e-09 0.00030897572411729983 5.976615482066872e-06 1.0879387836174093 0.0003504800258781936
59491.97253174514 1.0889078419552427 0.00035049048292411824 0.002518320695775195 4.8707134997942505e-05 2.2266843723513525e-07 4.306656277092669e-09 0.0003084942852324614 5.966624037247957e-06 1.0885993476700102 0.0003505412660768821
59491.97256722535 1.0887659773522793 0.0003504714088969359 0.002515331837075402 4.8707106195755484e-05 2.2240416410387122e-07 4.306653730420204e-09 0.00030812815004173675 5.966620508980046e-06 1.0884578492022376 0.000350522194753059
59491.97260270556 1.088033747384237 0.00035042531932832097 0.0024495738782300187 4.8707379539675045e-05 2.1658988399394e-07 4.306677899329072e-09 0.00030007280008317725 5.9666539936101935e-06 1.0877336745841537 0.00035047611243312315
59491.97263818576 1.087720193845645 0.000350366964448709 0.00245464012274819 4.8709471546298235e-05 2.1703783835948402e-07 4.306862873326328e-09 0.0003006934150366533 5.966910264421533e-06 1.0874195004306082 0.0003504177703757425
59491.97267366597 1.0881126269988521 0.00035037964012864356 0.002344919370223697 4.87070277641395e-05 2.0733639384613088e-07 4.306646795542771e-09 0.0002872526228524029 5.966610901107088e-06 1.0878253743759998 0.00035043043912069477
59491.97270914618 1.087940314348142 0.0003503978980955415 0.0023412421837318083 4.870701961351301e-05 2.0701125917565596e-07 4.306646074869163e-09 0.0002868021675071465 5.966609902655344e-06 1.087653512180635 0.00035044869442402545
59491.972744626386 1.0884760609661832 0.00035046223134845933 0.002556290013442971 4.870718154672193e-05 2.2602566200883133e-07 4.306660392908413e-09 0.00031314552664676393 5.966629739473436e-06 1.0881629154395365 0.0003505130186914446
59491.9727801066 1.087536584058926 0.0003503530126942321 0.0024128496779884084 4.8707135513231055e-05 2.1334275177196841e-07 4.30665632265418e-09 0.00029557408555358 5.966624100370804e-06 1.0872410099733725 0.00035040381577128966
59491.97281558681 1.088215591671308 0.0003504402817359119 0.0024623725308269076 4.87072523564202e-05 2.177215333415571e-07 4.3066666538603565e-09 0.0003016406350262962 5.966638413661474e-06 1.0879139510362819 0.0003504910724071366
59491.97285106702 1.0877211146704648 0.00035035909445768837 0.002575190573717882 4.87072226782577e-05 2.276968384504749e-07 4.306664029734655e-09 0.0003154608452804405 5.966634778086569e-06 1.0874056538251844 0.00035040989683481614
59491.97288654722 1.0880652344031794 0.00035039689184477755 0.0024965563373600458 4.870722665058708e-05 2.2074404544347152e-07 4.306664380965686e-09 0.0003058281513266056 5.966635264696917e-06 1.0877594062518527 0.00035044768875092135
59491.97292202743 1.0884399079149156 0.00035045873431238704 0.002860067766141621 4.870743068433245e-05 2.5288551253290777e-07 4.306682421509649e-09 0.0003503583013523486 5.966660258830725e-06 1.0880895496135632 0.00035050952268160214
59491.97295750764 1.0877361958638652 0.00035033959702853926 0.0025012238505358313 4.8707217725887497e-05 2.2115674421784533e-07 4.306663591848989e-09 0.00030639992169063934 5.966634171421218e-06 1.0874297959421746 0.0003503904022222282
59491.972992987845 1.087436658667308 0.0003503414814628065 0.0026008922746648443 4.870722474101589e-05 2.2996936775690752e-07 4.306664212122523e-09 0.0003186093036464434 5.9666350307744464e-06 1.0871180493636616 0.00035039228639789497
59491.973028468055 1.0876564237147734 0.0003504782411636069 0.0027050459336814365 4.870727911381987e-05 2.3917857313112887e-07 4.306669019733925e-09 0.000331368126875976 5.966641691442935e-06 1.0873250555878975 0.00035052902639041105
59491.973063948266 1.0873109964079124 0.0003503298678279134 0.002639161784037657 4.870730293318976e-05 2.3335313530489904e-07 4.306671125828625e-09 0.00032329731854461295 5.966644609315746e-06 1.0869876990893679 0.0003503806746100834
59491.97309942847 1.0881550295845082 0.00035039926426172024 0.002509301999974004 4.8707143862050466e-05 2.218710094479121e-07 4.30665706085189e-09 0.0003073894949968155 5.966625123101183e-06 1.0878476400895114 0.0003504500606513209
59491.97313490868 1.0873823459627243 0.00035032741853568446 0.002399170286031492 4.870718294335377e-05 2.1213322796728242e-07 4.3066605163977806e-09 0.00029389836003885773 5.966629910560837e-06 1.0870884476026854 0.0003503782254227083
59491.97317038889 1.0873139154038374 0.0003503265352601278 0.002421178996273367 4.8707135530899315e-05 2.1407922520398892e-07 4.306656324216397e-09 0.0002965944270434875 5.966624102535167e-06 1.087017320976794 0.0003503773421763264
59491.9732058691 1.0875237842950862 0.00035032824132304164 0.002552021708635627 4.8707261589076836e-05 2.2564826100399151e-07 4.306667470206436e-09 0.0003126226593078643 5.966639544661913e-06 1.0872111616357785 0.0003503790482548168
59491.973241349304 1.0874115072758501 0.000350331604911141 0.002421130729661267 4.870718405859655e-05 2.1407495749848775e-07 4.306660615006892e-09 0.00029658851438350516 5.966630047178077e-06 1.0871149187614666 0.0003503824111934497
59491.973276829514 1.0880020740955674 0.00035042230052313874 0.002696451490338442 4.8707317942648784e-05 2.384186574971506e-07 4.306672452956178e-09 0.00033031530756645914 5.966646447974476e-06 1.087671758788001 0.00035047309393698695
59491.973312309725 1.0876356345048563 0.0003503519290909427 0.002612060506378103 4.870712469161305e-05 2.3095685624733015e-07 4.30665536581307e-09 0.0003199774120313176 5.966622774722598e-06 1.087315657092825 0.00035040273230253327
59491.97334778993 1.0869457315261775 0.0003502645969345667 0.002382925780128804 4.870696316903915e-05 2.106968982936723e-07 4.306641084081927e-09 0.0002919084080657785 5.966602988207296e-06 1.0866538231181118 0.0003503154124741779
59491.97338327014 1.0876381181353976 0.0003503549306078715 0.0026563435586556003 4.8707268859558504e-05 2.3487233772797491e-07 4.3066681130581554e-09 0.00032540208593531103 5.966640435295917e-06 1.0873127160494622 0.00035040573368501056
59491.97341875035 1.0871338343996286 0.00035029327000906394 0.0026891219647371374 4.870721895210544e-05 2.377705851471694e-07 4.30666370027046e-09 0.00032941744068029936 5.9666343216329175e-06 1.0868044169589484 0.00035034408192343005
59491.97345423055 1.0872177595528423 0.0003502793885251443 0.0025875704933495526 4.870708957494165e-05 2.2879146367517535e-07 4.3066522608176035e-09 0.0003169773854353202 5.966618472930351e-06 1.086900782167407 0.00035033020218295553
59491.97348971076 1.0876566601322446 0.0003503433845180142 0.0025691635943956553 4.8707129561635075e-05 2.2716393647767212e-07 4.306655796417557e-09 0.00031472254031346777 5.966623371300296e-06 1.087341937591931 0.0003503941889786303
59491.97352519097 1.086600978644865 0.00035026236049149907 0.0026775925244965017 4.870731096518915e-05 2.367511588108473e-07 4.3066718360132946e-09 0.00032800508425082146 5.966645593235672e-06 1.086272973560614 0.00035031317708118277
59491.973560671184 1.0866920194701748 0.0003502458469165623 0.0024675329100818755 4.885032479331097e-05 2.1817781104525545e-07 4.319317034722229e-09 0.00030227278148502976 5.984164787180594e-06 1.0863897466886898 0.0003502969647463422
59491.97359615139 1.0871717656557034 0.0003503220188579656 0.0025921022332797334 4.870719871809206e-05 2.291921574588949e-07 4.3066619111908776e-09 0.0003175325235767673 5.966631842966277e-06 1.0868542331321267 0.000350372826560894
59491.9736316316 1.087408857732267 0.0003503192290976156 0.0024431558180094343 4.87072001079887e-05 2.1602240287773586e-07 4.306662034084722e-09 0.0002992865877061557 5.966632013228616e-06 1.0871095711445609 0.00035037003720799094
59491.97366711181 1.0872113309323614 0.00035031026221062306 0.0025690342672227205 4.870711449144623e-05 2.2715250144497842e-07 4.306654463920309e-09 0.0003147066977347833 5.966621525202164e-06 1.0868966242346267 0.00035036107144273393
59491.97370259201 1.0873003656843947 0.00035031258829727274 0.0024507748496197515 4.8707103689934026e-05 2.166960731790444e-07 4.306653508856942e-09 0.00030021991907841955 5.966620202016918e-06 1.0870001457653162 0.00035036339716952396
