Original_Data_Set_NRCA3_DataChallengeSimulation/Results/ROEBA_Results/ApertureSweep_Results/DataChallengeSimulation_nrca3_level3_asn_phot.ecsv
# %ECSV 0.9
# ---
# datatype:
# - {name: MJD, datatype: float64}
# - {name: aperture_sum, unit: Jy, datatype: float64}
# - {name: aperture_sum_err, unit: Jy, datatype: float64}
# - {name: annulus_sum, unit: Jy, datatype: float64}
# - {name: annulus_sum_err, unit: Jy, datatype: float64}
# - {name: annulus_mean, unit: Jy, datatype: float64}
# - {name: annulus_mean_err, unit: Jy, datatype: float64}
# - {name: aperture_bkg, unit: Jy, datatype: float64}
# - {name: aperture_bkg_err, unit: Jy, datatype: float64}
# - {name: net_aperture_sum, unit: Jy, datatype: float64}
# - {name: net_aperture_sum_err, unit: Jy, datatype: float64}
# meta: !!omap
# - {instrument: NIRCAM}
# - {detector: NRCA3}
# - {channel: SHORT}
# - {subarray: SUBGRISM64}
# - {filter: WLP4}
# - {pupil: CLEAR}
# - {target_name: UNKNOWN}
# - {xcenter: 1054.0}
# - {ycenter: 22.0}
# - ra_icrs: !numpy.ndarray
#     buffer: !!binary |
#       RjByVEdwN3haVUE9
#     dtype: float64
#     order: C
#     shape: !!python/tuple []
# - dec_icrs: !numpy.ndarray
#     buffer: !!binary |
#       Wkg2dmxQdXpPa0E9
#     dtype: float64
#     order: C
#     shape: !!python/tuple []
# - {apertures: Photometry measured in a circular aperture of r=21.0 pixels.  Background calculated as the mean in a circular annulus
#     with r_inner=80.0 pixels and r_outer=100.0 pixels.}
# - {number_of_integrations: 2198}
# - __serialized_columns__:
#     annulus_mean:
#       __class__: astropy.units.quantity.Quantity
#       unit: &id001 !astropy.units.Unit {unit: Jy}
#       value: !astropy.table.SerializedColumn {name: annulus_mean}
#     annulus_mean_err:
#       __class__: astropy.units.quantity.Quantity
#       unit: *id001
#       value: !astropy.table.SerializedColumn {name: annulus_mean_err}
#     annulus_sum:
#       __class__: astropy.units.quantity.Quantity
#       unit: *id001
#       value: !astropy.table.SerializedColumn {name: annulus_sum}
#     annulus_sum_err:
#       __class__: astropy.units.quantity.Quantity
#       unit: *id001
#       value: !astropy.table.SerializedColumn {name: annulus_sum_err}
#     aperture_bkg:
#       __class__: astropy.units.quantity.Quantity
#       unit: *id001
#       value: !astropy.table.SerializedColumn {name: aperture_bkg}
#     aperture_bkg_err:
#       __class__: astropy.units.quantity.Quantity
#       unit: *id001
#       value: !astropy.table.SerializedColumn {name: aperture_bkg_err}
#     aperture_sum:
#       __class__: astropy.units.quantity.Quantity
#       unit: *id001
#       value: !astropy.table.SerializedColumn {name: aperture_sum}
#     aperture_sum_err:
#       __class__: astropy.units.quantity.Quantity
#       unit: *id001
#       value: !astropy.table.SerializedColumn {name: aperture_sum_err}
#     net_aperture_sum:
#       __class__: astropy.units.quantity.Quantity
#       unit: *id001
#       value: !astropy.table.SerializedColumn {name: net_aperture_sum}
#     net_aperture_sum_err:
#       __class__: astropy.units.quantity.Quantity
#       unit: *id001
#       value: !astropy.table.SerializedColumn {name: net_aperture_sum_err}
# schema: astropy-2.0
MJD aperture_sum aperture_sum_err annulus_sum annulus_sum_err annulus_mean annulus_mean_err aperture_bkg aperture_bkg_err net_aperture_sum net_aperture_sum_err
[from data line 138]
59491.959191186805 1.090815344659349 0.00035103457770246926 0.0024117616322279745 4.871663321264602e-05 2.1324654740469996e-07 4.307496103659676e-09 0.00029544079994792686 5.967787568549137e-06 1.090519903859401 0.00035108530192990746
59491.959226667015 1.09085863232254 0.0003510472342878675 0.0024477324581693993 4.877391081373339e-05 2.164270667134088e-07 4.312560555516065e-09 0.00029984722612575143 5.97480407468234e-06 1.0905587850964142 0.0003510980760199232
59491.959262147226 1.0908998940948758 0.00035106633236389994 0.0027932650314773043 4.8717141156581223e-05 2.4697885395852866e-07 4.307541015764176e-09 0.00034217496635596974 5.9678497916812e-06 1.0905577191285198 0.0003511170530614774
59491.95929762743 1.0913175921086702 0.00035112583672654784 0.002539145038419137 4.8716814669278176e-05 2.2450971338425897e-07 4.3075121479485445e-09 0.00031104526720634426 5.967809796986576e-06 1.0910065468414638 0.0003511765481502023
59491.95933310764 1.090320873112272 0.0003509706764973666 0.0023635839134803108 4.871662263384193e-05 2.0898670180159896e-07 4.3074951682880294e-09 0.00028953902940133803 5.9677862726456365e-06 1.0900313340828707 0.00035102140993679455
59491.95936858785 1.090770244269928 0.00035105153548669205 0.002385843823775557 4.871659585258555e-05 2.1095490999952708e-07 4.307492800305066e-09 0.0002922658684125057 5.96778299194173e-06 1.0904779784015155 0.00035110225718642586
59491.95940406805 1.090601920986074 0.0003510164846054571 0.0024845642051728317 4.87166186093711e-05 2.1968370815691235e-07 4.307494812446682e-09 0.0003043591151336719 5.96778577964796e-06 1.0902975618709403 0.0003510672114166814
59491.95943954826 1.0907101257849423 0.00035101535712112937 0.0024455572579604404 4.871679917357732e-05 2.162347367881475e-07 4.3075107778277736e-09 0.00029958076410015395 5.967807898763222e-06 1.0904105450208421 0.00035106608447127235
59491.959475028474 1.0908610427386645 0.00035103826109931613 0.002668342086710771 4.8716997728947305e-05 2.3593324053342336e-07 4.307528333977002e-09 0.0003268719056220695 5.967832221796045e-06 1.0905341708330425 0.0003510889855536046
59491.95951050868 1.0910325169748116 0.00035105974688160753 0.0025746893807206 4.871672613255771e-05 2.276525232599413e-07 4.307504319583707e-09 0.0003153994491382735 5.9677989512383195e-06 1.0907171175256734 0.00035111046766637526
59491.95954598889 1.0901137645509633 0.00035095127822017846 0.0026425969099024855 4.8716976852283354e-05 2.3365686711686032e-07 4.307526488074633e-09 0.0003237181214630545 5.9678296644047105e-06 1.0897900464295003 0.00035100201520116725
59491.9595814691 1.0905700965143226 0.0003510154307475555 0.0026335680209757747 4.907730808882503e-05 2.328585380594638e-07 4.339386764433535e-09 0.0003226120825695324 6.0119702408810666e-06 1.0902474844317531 0.00035106691158391613
59491.95961694931 1.090969142484366 0.00035107007166898724 0.002437815617698284 4.871681579342441e-05 2.155502255018356e-07 4.307512247344895e-09 0.0002986324131680398 5.9678099346944905e-06 1.090670510071198 0.0003511207911489784
59491.95965242951 1.0908142011324702 0.00035105528106891247 0.0026295728359668562 4.8716936643205974e-05 2.325052861468327e-07 4.307522932811621e-09 0.0003221226724059399 5.967824738792732e-06 1.0904920784600642 0.00035110600293712733
59491.95968790972 1.0904966685757147 0.0003510189517890481 0.002659210120519394 4.8717160390466385e-05 2.3512579744480904e-07 4.307542716413009e-09 0.00032575323976362575 5.967852147832132e-06 1.0901709153359511 0.0003510696793719738
59491.95972338993 1.0914304956940737 0.0003511261541740624 0.0024752531302574625 4.871705013815558e-05 2.1886042838009016e-07 4.307532967968424e-09 0.0003032185084565392 5.967838641924058e-06 1.091127277185617 0.0003511768660420608
59491.959758870136 1.0904693964219074 0.00035100163523765673 0.002582302847528467 4.8717144771050726e-05 2.283257015246847e-07 4.307541335353448e-09 0.0003163320988222372 5.967850234453715e-06 1.0901530643230852 0.0003510523652903223
59491.95979435035 1.0907665827004622 0.00035102697648783417 0.0026373820267829432 4.871724307224199e-05 2.331957702134594e-07 4.307550027087059e-09 0.00032307929828091054 5.967862276349643e-06 1.0904435034021813 0.0003510777030834341
59491.95982983056 1.0911923840725795 0.000351081275552424 0.002469438135788593 4.8717052030069924e-05 2.1834626998354981e-07 4.307533135250379e-09 0.0003025061716341027 5.967838873683565e-06 1.0908898779009453 0.000351131993905909
59491.95986531076 1.0905709247452768 0.0003510044570789752 0.0025836596236925905 4.871702402210751e-05 2.2844566687645666e-07 4.307530658802789e-09 0.00031649830390234233 5.967835442708171e-06 1.0902544264413745 0.00035105518647240833
59491.95990079097 1.0907588120605196 0.00035101407844375065 0.0026905523398907975 4.889610033712805e-05 2.3789705807838096e-07 4.323364481428456e-09 0.0003295926616366227 5.989772291298186e-06 1.090429219398883 0.0003510651800418508
59491.95993627118 1.0908004662374546 0.0003510121881851074 0.002522110596928038 4.8717149749522354e-05 2.2300353806974892e-07 4.307541775546985e-09 0.00030895854812368464 5.967850844316488e-06 1.090491507689331 0.0003510629167231954
59491.95997175139 1.0907183678793186 0.00035104202653158816 0.0023798399080766485 4.871714939812312e-05 2.104240472987558e-07 4.307541744476472e-09 0.00029153038873938944 5.967850801270082e-06 1.0904268374905792 0.00035109275075767435
59491.960007231595 1.091218007856137 0.0003510805513614667 0.002659805644411306 4.87171907356995e-05 2.3517845331765746e-07 4.307545399520703e-09 0.000325826191440385 5.967855865123189e-06 1.0908921816646968 0.0003511312701083433
59491.960042711806 1.090372708882183 0.0003510056180401066 0.0024400543406811015 4.88483848210943e-05 2.1574817207346274e-07 4.319145503517926e-09 0.00029890665673343493 5.9839271405840514e-06 1.0900738022254497 0.00035105662118772385
59491.960078192016 1.0906332743938498 0.00035102983179061045 0.0026009540499161115 4.872855258550471e-05 2.299748298883519e-07 4.308550007609129e-09 0.0003186168711147236 5.969247691724327e-06 1.0903146575227352 0.0003510805815264487
59491.96011367222 1.0909989484846254 0.0003510654410535571 0.002473304411529086 4.8717119214429386e-05 2.1868812381435855e-07 4.307539075651995e-09 0.000302979790412313 5.9678471037676e-06 1.090695968694213 0.00035111616183420343
59491.96014915243 1.0911600839426883 0.00035107919903640874 0.0023587083334027058 4.8717116314294074e-05 2.085556058739372e-07 4.3075388192237335e-09 0.00028894177084183147 5.967846748501025e-06 1.0908711421718464 0.00035112991782367377
59491.96018463264 1.0906689435240597 0.00035102889519478486 0.002455801982038965 4.871715036978168e-05 2.1714056927576404e-07 4.307541830389951e-09 0.0003008357427997732 5.9678509202982555e-06 1.09036810778126 0.000351079621320119
59491.960220112844 1.0904209714257296 0.0003509796363751395 0.002575016589390845 4.8717164349480315e-05 2.276814548584369e-07 4.3075430664666956e-09 0.00031543953220037853 5.967852632811338e-06 1.090105531893529 0.0003510303696478014
59491.960255593054 1.0907382792191225 0.0003510182986906001 0.002362036453079207 4.871692891998222e-05 2.0884987626155752e-07 4.3075222499287114e-09 0.00028934946550220286 5.967823792697822e-06 1.0904489297536202 0.00035106902588588477
59491.960291073265 1.090783009316986 0.00035104815025154164 0.002703483972927131 4.871726655506954e-05 2.390404654783715e-07 4.307552103424883e-09 0.00033117678668357356 5.967865152996019e-06 1.0904518325303023 0.00035109887383686283
59491.960326553475 1.0909092705305408 0.00035102969814157644 0.0026133251945168598 4.871714009249666e-05 2.3106867922997063e-07 4.307540921678444e-09 0.0003201323363283153 5.967849661330841e-06 1.0905891381942125 0.0003510804241294956
59491.96036203368 1.0907484332067896 0.0003510342436659487 0.002390758408253274 4.8717130208147434e-05 2.113894546733445e-07 4.307540047710089e-09 0.000292867905011026 5.9678484504980605e-06 1.0904555653017787 0.00035108496897653246
59491.96039751389 1.091140811665662 0.00035107998771712913 0.0023600455673599657 4.871699709023536e-05 2.086738433152529e-07 4.307528277502466e-09 0.0002891055820015958 5.967832143553831e-06 1.0908517060836604 0.0003511307061422473
59491.9604329941 1.090908330052756 0.00035104943248989685 0.002459355861998655 4.871699855451089e-05 2.17454801255064e-07 4.307528406972849e-09 0.00030127109309483526 5.967832322927583e-06 1.0906070589596613 0.0003511001553319412
59491.9604684743 1.0910008879786277 0.0003510779135456893 0.0025306188632302435 4.871718789939833e-05 2.2375583398038128e-07 4.307545148736619e-09 0.00031000081074570484 5.967855517676296e-06 1.090690887167882 0.00035112863266767967
59491.96050395451 1.090772295319856 0.0003510411858436655 0.002763549653527701 4.871731104256447e-05 2.4435143768823795e-07 4.307556036983063e-09 0.0003385348325571433 5.967870602714148e-06 1.090433760487299 0.0003510919105277956
59491.96053943472 1.0908362392442286 0.00035102658519478027 0.00273052116493072 4.871734046118372e-05 2.414310781198692e-07 4.3075586381601035e-09 0.0003344888427040132 5.967874206495006e-06 1.0905017504015246 0.0003510773120497149
59491.960574914934 1.090745448447703 0.00035104733528481684 0.0024452910435869167 4.8717234324667466e-05 2.1621119826955395e-07 4.307549253631656e-09 0.0002995481528393973 5.967861204771764e-06 1.0904459002948637 0.00035109805892076653
59491.96061039514 1.090788413928656 0.0003510038852986704 0.0025444215491862553 4.8717084299738605e-05 2.2497625936807258e-07 4.307535988515537e-09 0.0003116916397753163 5.967842826717979e-06 1.0904767222888807 0.00035105461490025534
59491.96064587535 1.0906607419102972 0.0003510144750435664 0.00246543640811718 4.871712998748121e-05 2.1799243957254257e-07 4.307540028198911e-09 0.0003020159599943545 5.967848423466447e-06 1.0903587259503027 0.00035106520321005324
59491.96068135556 1.090110066641853 0.00035095431802702377 0.00253231012798033 4.871716736808282e-05 2.2390537461652204e-07 4.307543333369757e-09 0.0003102079906775904 5.967853002590145e-06 1.0897998586511755 0.0003510050549654148
59491.96071683576 1.0905074071990963 0.00035099731239965706 0.002397768501346511 4.871687933269872e-05 2.1200928298852397e-07 4.307517865450221e-09 0.0002937266414149476 5.967817718255593e-06 1.0902136805576814 0.0003510480425242403
59491.96075231597 1.090781644084585 0.00035103951856502755 0.002434325839525343 4.87170411740195e-05 2.152416613648813e-07 4.307532175364775e-09 0.00029820491534185455 5.967837543817388e-06 1.090483439169243 0.0003510902429281049
59491.96078779618 1.0914662814531912 0.00035111332959548975 0.0023940288595506705 4.871710478629332e-05 2.116786260567456e-07 4.307537799924676e-09 0.00029326853529495714 5.967845336320932e-06 1.0911730129178963 0.00035116404342926295
59491.960823276386 1.0903816918648541 0.00035098829221112855 0.0025738201978332746 4.871698924360893e-05 2.2757567061940313e-07 4.307527583708365e-09 0.00031529297423457615 5.967831182342093e-06 1.0900663988906196 0.0003510390238681527
59491.960858756596 1.0907229585348264 0.00035101530497233204 0.0025757129775221465 4.871698155609214e-05 2.2774302908810752e-07 4.307526903982644e-09 0.00031552483974646293 5.967830240621287e-06 1.09040743369508 0.00035106603270980256
59491.96089423681 1.090634899778793 0.00035102083933257204 0.0025590999556403056 4.871705403135715e-05 2.2627411544800263e-07 4.3075333122030206e-09 0.0003134897445659374 5.96783911884125e-06 1.090321410034227 0.00035107156642128076
59491.96092971702 1.0905229068990907 0.00035099569660827903 0.002535839176657218 4.871711118270392e-05 2.2421741102837683e-07 4.307538365491545e-09 0.00031064029914050923 5.96784611988123e-06 1.0902122665999503 0.00035104642744919316
59491.96096519722 1.0909059376133488 0.0003510537582946407 0.0026572991117399915 4.871717401716944e-05 2.3495682717062355e-07 4.307543921278092e-09 0.0003255191411881489 5.967853817103257e-06 1.0905804184721606 0.00035110448087709496
59491.96100067743 1.090712888794167 0.00035101495790134464 0.0028485461356030288 4.871731253704849e-05 2.518667767258547e-07 4.3075561691244625e-09 0.00034894690161137106 5.967870785788441e-06 1.0903639418925557 0.0003510656863782027
59491.96103615764 1.0907132720047046 0.0003510300636064579 0.0026738955724418946 4.8717213360402874e-05 2.364242764809226e-07 4.3075473999836906e-09 0.0003275522076241321 5.967858636649352e-06 1.0903857197970805 0.0003510807896941399
59491.961071637845 1.0909476137886913 0.0003510475330052159 0.002352722707830843 4.871694736757215e-05 2.0802636037545984e-07 4.307523881053781e-09 0.00028820853170927825 5.967826052527589e-06 1.090659405256982 0.00035109825601509524
59491.961107118055 1.0904889339493464 0.00035100530327062096 0.002681054905936452 4.871725987374235e-05 2.3705730054475715e-07 4.307551512665856e-09 0.0003284292259772154 5.967864334533439e-06 1.0901605047233691 0.00035105603303292767
59491.961142598266 1.0906402960325985 0.0003510110670767096 0.002516685505126832 4.871710096890082e-05 2.225238546381438e-07 4.307537462393072e-09 0.0003082939743780369 5.96784486869035e-06 1.0903320020582206 0.000351061795675216
59491.96117807847 1.0911194110380804 0.00035106859250370816 0.002458076481783102 4.871699021502183e-05 2.1734167920761997e-07 4.307527669600123e-09 0.00030111436901843 5.967831301340173e-06 1.090818296669062 0.0003511193125605254
59491.96121355868 1.0907557829892414 0.00035101083290229283 0.0025423222187030557 4.871712849734119e-05 2.2479063779941442e-07 4.307539896441606e-09 0.0003114344717911243 5.967848240924295e-06 1.0904443485174502 0.0003510615615919636
59491.96124903889 1.0906014103653872 0.0003510284869940509 0.0028686057656909557 4.8717350837027935e-05 2.536404374397927e-07 4.3075595555861565e-09 0.00035140420629714206 5.967875477535923e-06 1.09025000615909 0.00035107921359580366
59491.9612845191 1.0914040787394832 0.0003510905682417442 0.002452059964895007 4.8717017272893336e-05 2.1680970231709986e-07 4.307530062041234e-09 0.00030037734569963835 5.967834615929433e-06 1.0911037013937837 0.0003511412851806434
59491.961319999304 1.0906473814226303 0.00035101598213477887 0.0023543621527375076 4.87170712169258e-05 2.0817131913147236e-07 4.30753483174091e-09 0.0002884093637103447 5.967841224073409e-06 1.09035897205892 0.00035106670996111147
59491.961355479514 1.0911806463377585 0.00035107137985585803 0.002402096276451034 4.871708047038344e-05 2.1239194232212114e-07 4.307535649926201e-09 0.0002942567938652517 5.967842357621971e-06 1.0908863895438932 0.0003511220996979563
59491.961390959725 1.0906514242377474 0.0003510190028656667 0.0024667560456208375 4.871722657900508e-05 2.1810912114576288e-07 4.307548568764736e-09 0.0003021776155885526 5.9678602559281215e-06 1.090349246622159 0.00035106973057904206
59491.96142643993 1.0912507479212197 0.0003510947888499133 0.0026704150817537134 4.8717264654672283e-05 2.361165335379174e-07 4.307551935392873e-09 0.0003271258475148299 5.967864920197354e-06 1.0909236220737049 0.00035114550569425055
59491.96146192014 1.0908508212400312 0.0003510505653010347 0.0024892500733765185 4.871715201639365e-05 2.2009802987207562e-07 4.307541975982414e-09 0.00030493313398862354 5.967851122008222e-06 1.0905458881060426 0.0003511012882989615
59491.96149740035 1.0906781355514306 0.0003510302899775334 0.0026806883625136845 4.8717250361635105e-05 2.3702489099053978e-07 4.3075506716109185e-09 0.0003283843244079264 5.967863169300301e-06 1.0903497512270226 0.00035108101610955655
59491.96153288055 1.0905647141696109 0.00035099865419387723 0.0028283880227244983 4.8717195365331234e-05 2.500844082213977e-07 4.307545808870023e-09 0.000346477532783751 5.967856432253077e-06 1.0902182366368272 0.0003510493847826955
