Original_Data_Set_NRCA3_DataChallengeSimulation/Results/ROEBA_Results/ApertureSweep_Results/DataChallengeSimulation_nrca3_level3_asn_phot.ecsv
# %ECSV 0.9
# ---
# datatype:
# - {name: MJD, datatype: float64}
# - {name: aperture_sum, unit: Jy, datatype: float64}
# - {name: aperture_sum_err, unit: Jy, datatype: float64}
# - {name: annulus_sum, unit: Jy, datatype: float64}
# - {name: annulus_sum_err, unit: Jy, datatype: float64}
# - {name: annulus_mean, unit: Jy, datatype: float64}
# - {name: annulus_mean_err, unit: Jy, datatype: float64}
# - {name: aperture_bkg, unit: Jy, datatype: float64}
# - {name: aperture_bkg_err, unit: Jy, datatype: float64}
# - {name: net_aperture_sum, unit: Jy, datatype: float64}
# - {name: net_aperture_sum_err, unit: Jy, datatype: float64}
# meta: !!omap
# - {instrument: NIRCAM}
# - {detector: NRCA3}
# - {channel: SHORT}
# - {subarray: SUBGRISM64}
# - {filter: WLP4}
# - {pupil: CLEAR}
# - {target_name: UNKNOWN}
# - {xcenter: 1054.0}
# - {ycenter: 22.0}
# - ra_icrs: !numpy.ndarray
#     buffer: !!binary |
#       RjByVEdwN3haVUE9
#     dtype: float64
#     order: C
#     shape: !!python/tuple []
# - dec_icrs: !numpy.ndarray
#     buffer: !!binary |
#       Wkg2dmxQdXpPa0E9
#     dtype: float64
#     order: C
#     shape: !!python/tuple []
# - {apertures: Photometry measured in a circular aperture of r=21.0 pixels.  Background calculated as the mean in a circular annulus
#     with r_inner=80.0 pixels and r_outer=100.0 pixels.}
# - {number_of_integrations: 2198}
# - __serialized_columns__:
#     annulus_mean:
#       __class__: astropy.units.quantity.Quantity
#       unit: &id001 !astropy.units.Unit {unit: Jy}
#       value: !astropy.table.SerializedColumn {name: annulus_mean}
#     annulus_mean_err:
#       __class__: astropy.units.quantity.Quantity
#       unit: *id001
#       value: !astropy.table.SerializedColumn {name: annulus_mean_err}
#     annulus_sum:
#       __class__: astropy.units.quantity.Quantity
#       unit: *id001
#       value: !astropy.table.SerializedColumn {name: annulus_sum}
#     annulus_sum_err:
#       __class__: astropy.units.quantity.Quantity
#       unit: *id001
#       value: !astropy.table.SerializedColumn {name: annulus_sum_err}
#     aperture_bkg:
#       __class__: astropy.units.quantity.Quantity
#       unit: *id001
#       value: !astropy.table.SerializedColumn {name: aperture_bkg}
#     aperture_bkg_err:
#       __class__: astropy.units.quantity.Quantity
#       unit: *id001
#       value: !astropy.table.SerializedColumn {name: aperture_bkg_err}
#     aperture_sum:
#       __class__: astropy.units.quantity.Quantity
#       unit: *id001
#       value: !astropy.table.SerializedColumn {name: aperture_sum}
#     aperture_sum_err:
#       __class__: astropy.units.quantity.Quantity
#       unit: *id001
#       value: !astropy.table.SerializedColumn {name: aperture_sum_err}
#     net_aperture_sum:
#       __class__: astropy.units.quantity.Quantity
#       unit: *id001
#       value: !astropy.table.SerializedColumn {name: net_aperture_sum}
#     net_aperture_sum_err:
#       __class__: astropy.units.quantity.Quantity
#       unit: *id001
#       value: !astropy.table.SerializedColumn {name: net_aperture_sum_err}
# schema: astropy-2.0
MJD aperture_sum aperture_sum_err annulus_sum annulus_sum_err annulus_mean annulus_mean_err aperture_bkg aperture_bkg_err net_aperture_sum net_aperture_sum_err
[from data line 1166]
59491.99566484097 1.0839404056346473 0.00034948865129891705 0.002554641260330045 4.869604898769767e-05 2.2587988022668674e-07 4.305676058576206e-09 0.0003129435543904305 5.965266000992965e-06 1.0836274620802568 0.00034953955682468706
59491.99570032118 1.0831474966197545 0.0003494264316062848 0.002416413010191487 4.869611734668945e-05 2.136578195130787e-07 4.305682102838121e-09 0.00029601059374845717 5.965274374969458e-06 1.0828514860260061 0.00034947734633802846
59491.995735801385 1.0838396898988374 0.00034947664488312074 0.0026771535018413044 4.869622220690484e-05 2.367123406854562e-07 4.3056913745167945e-09 0.0003279513039755598 5.965287220345843e-06 1.0835117385948618 0.0003495275525196606
59491.995771281596 1.0834654285435354 0.00034942500586334057 0.0025298594919318366 4.869604869552217e-05 2.2368869081605706e-07 4.30567603274222e-09 0.00030990778776164996 5.9652659652014655e-06 1.0831555207557737 0.0003494759206592511
59491.995806761806 1.083408972535643 0.00034939725255641815 0.002577053163626506 4.869604530246384e-05 2.2786152755653636e-07 4.305675732729995e-09 0.000315689012544247 5.9652655495518205e-06 1.0830932835230989 0.00034944817138890587
59491.99584224202 1.083606004322734 0.000349431245573287 0.002540456513318112 4.86961720579084e-05 2.246256732247661e-07 4.305686940371976e-09 0.0003112059228814687 5.965281077093779e-06 1.0832947983998527 0.0003494821597181
59491.99587772222 1.083420343827167 0.0003494387070410455 0.00264788926829964 4.869619626394419e-05 2.3412481433881644e-07 4.3056890806554475e-09 0.0003243664353667059 5.965284042333164e-06 1.0830959773918003 0.0003494896201494736
59491.99591320243 1.0833484299771878 0.00034938302642851236 0.0025885062196497268 4.8696082284362927e-05 2.2887420004520522e-07 4.305679002647797e-09 0.0003170920119070915 5.965270079834459e-06 1.0830313379652807 0.0003494339474113412
59491.99594868264 1.083358221578748 0.00034938821830029235 0.002446075263005808 4.869609224770836e-05 2.1628053849010128e-07 4.30567988360095e-09 0.00029964421971821146 5.965271300344275e-06 1.0830585773590298 0.0003494391385473863
59491.995984162844 1.0834417828245824 0.00034943114041872735 0.0024379918910859876 4.869610718238653e-05 2.155658114912737e-07 4.3056812041164245e-09 0.0002986540066580335 5.965273129842349e-06 1.0831431288179243 0.00034948205444320886
59491.996019643055 1.0827615995442899 0.00034933473969504304 0.002690357742161718 4.8696299150806756e-05 2.3787985186143793e-07 4.305698177851423e-09 0.00032956882341481043 5.965296645973828e-06 1.082432030720875 0.0003493856681689705
59491.996055123265 1.0831949253041808 0.0003494105977570094 0.002431482374729569 4.869627878426961e-05 2.149902438772395e-07 4.305696377054167e-09 0.0002978565909043722 5.965294151073027e-06 1.0828970687132764 0.0003494615151332396
59491.996090603476 1.0831730527081649 0.0003493832068350058 0.002565534844426581 4.869621645988069e-05 2.2684308453610394e-07 4.3056908663682935e-09 0.00031427801844225616 5.9652865163353845e-06 1.0828587746897227 0.0003494341280721367
59491.99612608368 1.0831123365194792 0.00034936216938453307 0.0026080818923696417 4.869620599118218e-05 2.3060506953282947e-07 4.305689940732119e-09 0.0003194900318152811 5.965285233919818e-06 1.082792846487664 0.00034941309366563414
59491.99616156389 1.0832783099772247 0.00034938868792883327 0.002323377961072381 4.869592768887322e-05 2.0543171509746592e-07 4.305665333405371e-09 0.0002846138002313667 5.96525114188697e-06 1.0829936961769935 0.00034943960776336936
59491.9961970441 1.0838446388644583 0.00034946076894829805 0.0023528678468082136 4.869598343034116e-05 2.0803919347861754e-07 4.305670262033237e-09 0.00028822631123400617 5.965257970216792e-06 1.0835564125532242 0.00034951167839800004
59491.9962325243 1.0834002872671 0.00034940763832223343 0.0025809128758805967 4.8696052671758905e-05 2.2820280104773127e-07 4.305676384318737e-09 0.0003161618272953731 5.9652664522904655e-06 1.0830841254398047 0.00034945855565684397
59491.996268004514 1.0832513392133658 0.0003493981571788286 0.0025608751332009774 4.8696212875846544e-05 2.2643107560558415e-07 4.305690549470099e-09 0.00031370720381711974 5.965286077291201e-06 1.0829376320095487 0.0003494490762299213
59491.996303484724 1.0838515204130696 0.0003494697218271251 0.0025787097107474624 4.869605132574987e-05 2.280079984802946e-07 4.305676265305409e-09 0.00031589193956656415 5.96526628740436e-06 1.0835356284735032 0.0003495206301147442
59491.99633896493 1.0836030647987183 0.00034942856924111224 0.0026358094865001785 4.869617209312554e-05 2.3305672712500767e-07 4.305686943485854e-09 0.0003228866620962719 5.965281081407879e-06 1.083280178136622 0.000349479483775902
59491.99637444514 1.0834498898273637 0.0003494302771428954 0.0025845610258852575 4.869601722259699e-05 2.2852536832905488e-07 4.305673249924655e-09 0.00031660872567094403 5.965262109768131e-06 1.0831332811016927 0.00034948119110504207
59491.99640992535 1.0830513754789846 0.00034937642369105255 0.0023739471793510093 4.869593286878724e-05 2.0990301568487518e-07 4.305665791410327e-09 0.0002908085294704986 5.965251776426437e-06 1.0827605669495142 0.00034942734532361093
59491.99644540556 1.0832133058007465 0.0003493727567137297 0.0025636409465796617 4.86959771028561e-05 2.2667562720052153e-07 4.3056697025607224e-09 0.00031404601595600855 5.965257195099871e-06 1.0828992597847904 0.00034942367897318385
59491.99648088576 1.0836267828271429 0.000349417035171869 0.0026572804652562005 4.8696193839306046e-05 2.3495517845947542e-07 4.3056888662703654e-09 0.0003255168569938845 5.9652837453149905e-06 1.083301265970149 0.00034946795143254734
59491.99651636597 1.0830984109171293 0.00034940154018222756 0.0023216380960959905 4.869601978013432e-05 2.0527787725785202e-07 4.305673476060605e-09 0.0002844006667717588 5.965262423066455e-06 1.0828140102503576 0.0003494524583365938
59491.99655184618 1.083630352474362 0.00034943944897894273 0.0025257379862032208 4.869599981063979e-05 2.233242696995622e-07 4.305671710369623e-09 0.00030940290330989457 5.965259976803374e-06 1.083320949571052 0.00034949036156852446
59491.996587326386 1.0836323636525729 0.0003494568145722338 0.0024924897396117274 4.869592489827439e-05 2.2038447925835417e-07 4.305665086662261e-09 0.00030532999310243657 5.9652508000386125e-06 1.0833270336594705 0.0003495077244755543
59491.9966228066 1.0840721235862292 0.00034948456135161434 0.0023641943358077957 4.869597536845334e-05 2.0904067498537278e-07 4.30566954920585e-09 0.00028961380613645493 5.965256982635535e-06 1.0837825097800928 0.0003495354673191251
59491.99665828681 1.0830615744437326 0.0003493807911460775 0.002438713564957777 4.86960016398092e-05 2.1562962147127125e-07 4.305671872103709e-09 0.0002987424117073277 5.965260200876627e-06 1.0827628320320253 0.00034943171228599617
59491.99669376701 1.0830122652591192 0.00034937022380648365 0.002713492024359151 4.869631625127395e-05 2.3992537150955146e-07 4.305699689864691e-09 0.000332402772983996 5.965298740781059e-06 1.0826798624861351 0.0003494211471443296
59491.99672924722 1.0835481543925116 0.0003494377451765963 0.002469873699479598 4.869605051191713e-05 2.1838478226935802e-07 4.305676193346795e-09 0.00030255952818625075 5.965266187709848e-06 1.0832455948643254 0.0003494886581203947
59491.99676472743 1.083573138603907 0.0003494372090441527 0.0024268926080309354 4.869611135284896e-05 2.14584419400725e-07 4.305681572866264e-09 0.0002972943444837896 5.9652736407239976e-06 1.083275844259423 0.0003494881221932666
59491.99680020764 1.0836343345533732 0.0003494502296348924 0.0026198351890678344 4.869622768912047e-05 2.316442891256867e-07 4.305691859251081e-09 0.0003209298106608097 5.965287891917258e-06 1.0833134047427124 0.0003495011411304868
59491.996835687845 1.0835157390340089 0.00034944162729218773 0.0025715923644765134 4.869604026740602e-05 2.2737868690211782e-07 4.305675287533139e-09 0.00031502006464837287 5.965264932757238e-06 1.0832007189693604 0.000349492539649032
59491.996871168056 1.0837556008187352 0.0003494677050543566 0.002539803048596102 4.869612397010128e-05 2.2456789425774163e-07 4.305682688476305e-09 0.0003111258734530225 5.965275186337406e-06 1.0834444749452823 0.0003495186137876029
59491.996906648266 1.0826765225060466 0.0003493328775205433 0.002507074222029984 4.869606713939382e-05 2.2167403063018884e-07 4.305677663538521e-09 0.00030711659219867304 5.965268224575742e-06 1.082369405913848 0.0003493838057806545
59491.99694212847 1.0838354711243805 0.0003494823544383943 0.002350540031778512 4.877636719257823e-05 2.0783336944051719e-07 4.312777747091211e-09 0.0002879411538928677 5.975104981090833e-06 1.0835475299704875 0.0003495334289354003
59491.99697760868 1.083436349272453 0.00034945491542505907 0.0024495780717957863 4.869625302815952e-05 2.1659025478656285e-07 4.305694099714035e-09 0.00030007331379498385 5.96529099594954e-06 1.083136275958658 0.00034950582629106704
59491.99701308889 1.0835393623632614 0.00034944722320161086 0.0024736963914485065 4.8696129832887804e-05 2.187227824486744e-07 4.305683206860448e-09 0.0003030278079524421 5.965275904528756e-06 1.0832363345553089 0.00034949813493055095
59491.997048569094 1.0831663140315868 0.00034938902155842293 0.0025332722197692094 4.869609720963734e-05 2.2399044220758218e-07 4.3056803223317975e-09 0.00031032584692172814 5.965271908180575e-06 1.082855988184665 0.0003494399416988428
59491.997084049304 1.0832638366708363 0.0003494088685172334 0.0027000134790284755 4.869628083699832e-05 2.3873360644562634e-07 4.3056965585552345e-09 0.00033075165118098826 5.965294402532294e-06 1.0829330850196552 0.00034945978614971167
59491.997119529515 1.0831120926895539 0.00034938082362169775 0.0024976022090835853 4.869613100481282e-05 2.208365208071612e-07 4.30568331048137e-09 0.0003059562706127392 5.965276048089571e-06 1.0828061364189412 0.000349431745027417
59491.997155009725 1.0835898531913912 0.0003494393322234508 0.0023798786755415517 4.869605571874652e-05 2.1042747509523942e-07 4.305676653731593e-09 0.0002915351377538401 5.965266825546449e-06 1.0832983180536373 0.00034949024494693864
59491.99719048993 1.0832773030517535 0.00034937077336577745 0.0025189207815000236 4.8696165365458634e-05 2.2272149646257155e-07 4.3056863486294965e-09 0.00030856779573375286 5.965280257268682e-06 1.0829687352560198 0.0003494216963079843
59491.99722597014 1.08307086112411 0.000349374887955724 0.0025755534612101325 4.8792790595046484e-05 2.2772892474946262e-07 4.314229894694106e-09 0.0003155052989982412 5.977116847893195e-06 1.0827553558251117 0.0003494260125690245
59491.99726145035 1.0829750553141864 0.00034937317410564347 0.002426960213481158 4.869614912983077e-05 2.145903970349377e-07 4.305684913084814e-09 0.00029730262615144183 5.965278268404269e-06 1.082677752688035 0.0003494240966640277
59491.99729693055 1.083579270098708 0.0003494562197208248 0.002407182295294393 4.869595115918074e-05 2.128416451218873e-07 4.305667408636181e-09 0.00029487983117356314 5.965254016999641e-06 1.0832843902675344 0.00034950712976569834
59491.99733241076 1.0833239610385421 0.0003494217955472071 0.0027618329672505788 4.869632322404438e-05 2.441996492956035e-07 4.305700306392958e-09 0.0003383245384881959 5.9652995949454365e-06 1.0829856365000539 0.0003494727113848685
59491.997367890974 1.0834886695159036 0.0003494440126619174 0.0023610458158641917 4.8695958841985235e-05 2.0876228470067947e-07 4.305668087945244e-09 0.0002892281124433635 5.9652549581431915e-06 1.0831994414034603 0.0003494949245010261
59491.997403371184 1.0837174851599671 0.0003494726565989976 0.0025279264642934438 4.869621410975121e-05 2.2351777364728847e-07 4.305690658571225e-09 0.00030967099187594684 5.965286228444524e-06 1.0834078141680912 0.00034952356479949696
59491.99743885139 1.0834532625420414 0.0003494585512805872 0.0026131995244074125 4.869540208209124e-05 2.3105756755268317e-07 4.30561885956233e-09 0.000320116941739908 5.965186755056177e-06 1.0831331456003015 0.0003495094598378554
59491.9974743316 1.082983022169061 0.0003494115508133978 0.002798541504542524 4.869567328181016e-05 2.4744539660876256e-07 4.305642838882236e-09 0.0003428213343064592 5.965219977021745e-06 1.0826402008347547 0.000349462466784629
59491.99750981181 1.0833544154990258 0.0003494482925680732 0.002405537410122518 4.8695246049897213e-05 2.1269620534081926e-07 4.305605063287352e-09 0.00029467833274000844 5.965167641112409e-06 1.0830597371662858 0.00034949920229340763
59491.99754529201 1.0834059578153372 0.00034944152296968777 0.0026389872841522466 4.8695435609527156e-05 2.3333770612749237e-07 4.305621824038527e-09 0.0003232759423086502 5.965190862167077e-06 1.0830826818730286 0.00034949243407747315
59491.99758077222 1.0831467276154432 0.0003493866048461261 0.0024497671414765864 4.8695264011381124e-05 2.1660697221672291e-07 4.305606651431212e-09 0.00030009647483088183 5.965169841394187e-06 1.0828466311406122 0.0003494375235963358
59491.99761625243 1.0834432212486247 0.000349436978045452 0.0024471708883750903 4.869532499489292e-05 2.163774130419336e-07 4.305612043557518e-09 0.0002997784338259486 5.965177311874383e-06 1.0831434428147988 0.0003494878895840309
59491.997651732636 1.0832142646426626 0.0003494185515964259 0.002354208755633716 4.8695411445916116e-05 2.0815775584962547e-07 4.305619687506227e-09 0.0002883905725651302 5.965187902124724e-06 1.0829258740700975 0.0003494694660001812
59491.997687212846 1.083579660562899 0.0003494639116765598 0.002416514341565674 4.8695476197730276e-05 2.1366677917368545e-07 4.305625412823614e-09 0.00029602300684179506 5.965195834221958e-06 1.083283637556057 0.00034951481960801464
59491.99772269306 1.0838694514167482 0.00034949930649935755 0.002529370684040003 4.869547579785452e-05 2.2364547070927506e-07 4.305625377466835e-09 0.00030984790879490037 5.965195785237179e-06 1.0835596035079533 0.00034955020927513125
59491.99775817327 1.0834866576958677 0.0003494454120210899 0.0027128154063688317 4.8695537593014166e-05 2.39865545344138e-07 4.305630841358567e-09 0.00033231988728018186 5.965203355144236e-06 1.0831543378085875 0.0003494963227755873
59491.99779365347 1.0829036026042917 0.00034935830248546026 0.0024620917715574586 4.8753342425201406e-05 2.1769670877180617e-07 4.310741910679232e-09 0.00030160624201578865 5.972284447087173e-06 1.082601996362276 0.0003494093468942113
59491.99782913368 1.0833988704878799 0.00034944267716872755 0.002399468020215992 4.8695355195595525e-05 2.12159553449055e-07 4.305614713885909e-09 0.000293934832476459 5.965181011460452e-06 1.0831049356554034 0.0003494935879402468
59491.99786461389 1.0838433092503985 0.0003494968001749835 0.002695220075999115 4.869553744547006e-05 2.383097765643183e-07 4.305630828312804e-09 0.0003301644593098916 5.9652033370700825e-06 1.0835131447910886 0.0003495477034446156
59491.997900094095 1.0832096204322372 0.0003494385952591557 0.0024174994139668908 4.869544723137445e-05 2.137538786969949e-07 4.305622851635441e-09 0.0002961436782109441 5.96519228584337e-06 1.0829134767540263 0.00034948950681772855
59491.997935574305 1.0833601769496877 0.00034942622623541144 0.00272385394928871 4.8695517931258964e-05 2.4084156682759946e-07 4.3056291028777166e-09 0.000333672108787867 5.965200946579223e-06 1.0830265048408998 0.00034947713974372343
59491.997971054516 1.0830700134949558 0.00034941257161495194 0.0025529919986857536 4.869543843621876e-05 2.2573405348049737e-07 4.305622073972939e-09 0.0003127415198390048 5.965191208436798e-06 1.0827572719751168 0.0003494634869463863
59491.99800653472 1.083029906385798 0.00034937086682532376 0.0024733043996652913 4.869521929437222e-05 2.1868812276536878e-07 4.305602697579542e-09 0.00030297978895899816 5.965164363560597e-06 1.082726926596839 0.0003494217877754082
