Original_Data_Set_NRCA3_DataChallengeSimulation/Results/ROEBA_Results/ApertureSweep_Results/DataChallengeSimulation_nrca3_level3_asn_phot.ecsv
# %ECSV 0.9
# ---
# datatype:
# - {name: MJD, datatype: float64}
# - {name: aperture_sum, unit: Jy, datatype: float64}
# - {name: aperture_sum_err, unit: Jy, datatype: float64}
# - {name: annulus_sum, unit: Jy, datatype: float64}
# - {name: annulus_sum_err, unit: Jy, datatype: float64}
# - {name: annulus_mean, unit: Jy, datatype: float64}
# - {name: annulus_mean_err, unit: Jy, datatype: float64}
# - {name: aperture_bkg, unit: Jy, datatype: float64}
# - {name: aperture_bkg_err, unit: Jy, datatype: float64}
# - {name: net_aperture_sum, unit: Jy, datatype: float64}
# - {name: net_aperture_sum_err, unit: Jy, datatype: float64}
# meta: !!omap
# - {instrument: NIRCAM}
# - {detector: NRCA3}
# - {channel: SHORT}
# - {subarray: SUBGRISM64}
# - {filter: WLP4}
# - {pupil: CLEAR}
# - {target_name: UNKNOWN}
# - {xcenter: 1054.0}
# - {ycenter: 22.0}
# - ra_icrs: !numpy.ndarray
#     buffer: !!binary |
#       RjByVEdwN3haVUE9
#     dtype: float64
#     order: C
#     shape: !!python/tuple []
# - dec_icrs: !numpy.ndarray
#     buffer: !!binary |
#       Wkg2dmxQdXpPa0E9
#     dtype: float64
#     order: C
#     shape: !!python/tuple []
# - {apertures: Photometry measured in a circular aperture of r=21.0 pixels.  Background calculated as the mean in a circular annulus
#     with r_inner=80.0 pixels and r_outer=100.0 pixels.}
# - {number_of_integrations: 2198}
# - __serialized_columns__:
#     annulus_mean:
#       __class__: astropy.units.quantity.Quantity
#       unit: &id001 !astropy.units.Unit {unit: Jy}
#       value: !astropy.table.SerializedColumn {name: annulus_mean}
#     annulus_mean_err:
#       __class__: astropy.units.quantity.Quantity
#       unit: *id001
#       value: !astropy.table.SerializedColumn {name: annulus_mean_err}
#     annulus_sum:
#       __class__: astropy.units.quantity.Quantity
#       unit: *id001
#       value: !astropy.table.SerializedColumn {name: annulus_sum}
#     annulus_sum_err:
#       __class__: astropy.units.quantity.Quantity
#       unit: *id001
#       value: !astropy.table.SerializedColumn {name: annulus_sum_err}
#     aperture_bkg:
#       __class__: astropy.units.quantity.Quantity
#       unit: *id001
#       value: !astropy.table.SerializedColumn {name: aperture_bkg}
#     aperture_bkg_err:
#       __class__: astropy.units.quantity.Quantity
#       unit: *id001
#       value: !astropy.table.SerializedColumn {name: aperture_bkg_err}
#     aperture_sum:
#       __class__: astropy.units.quantity.Quantity
#       unit: *id001
#       value: !astropy.table.SerializedColumn {name: aperture_sum}
#     aperture_sum_err:
#       __class__: astropy.units.quantity.Quantity
#       unit: *id001
#       value: !astropy.table.SerializedColumn {name: aperture_sum_err}
#     net_aperture_sum:
#       __class__: astropy.units.quantity.Quantity
#       unit: *id001
#       value: !astropy.table.SerializedColumn {name: net_aperture_sum}
#     net_aperture_sum_err:
#       __class__: astropy.units.quantity.Quantity
#       unit: *id001
#       value: !astropy.table.SerializedColumn {name: net_aperture_sum_err}
# schema: astropy-2.0
MJD aperture_sum aperture_sum_err annulus_sum annulus_sum_err annulus_mean annulus_mean_err aperture_bkg aperture_bkg_err net_aperture_sum net_aperture_sum_err
[from data line 206]
59491.96160384097 1.0905892188941908 0.00035100673563200177 0.0025794456728562717 4.8716992278585395e-05 2.2807307181781979e-07 4.307527852059202e-09 0.0003159820949248933 5.967831554126711e-06 1.090273236799266 0.0003510574646300694
59491.96163932118 1.0908716448104592 0.0003510323494329843 0.0027013269779744887 4.8717294589870254e-05 2.388497452511841e-07 4.3075545822455e-09 0.00033091255480187484 5.967868587259105e-06 1.0905407322556573 0.0003510830753595445
59491.96167480139 1.0906437668738795 0.0003510160035794611 0.0025335750615528394 4.882317326872816e-05 2.2401721930027078e-07 4.316916312861209e-09 0.00031036294504022284 5.980838725419199e-06 1.0903334039288393 0.00035106695258989523
59491.9617102816 1.0901733261173054 0.0003509386335406312 0.0023775280500180802 4.8717158105690474e-05 2.102196341666736e-07 4.307542514394464e-09 0.00029124718612721484 5.967851867947083e-06 1.0898820789311783 0.00035098937272698617
59491.96174576181 1.0910586267970452 0.0003510319296524327 0.0024922818232943596 4.877378216773316e-05 2.2036609541965499e-07 4.312549180712261e-09 0.00030530452335355906 5.974788315547311e-06 1.0907533222736916 0.00035108277333262316
59491.96178124201 1.0909208441824947 0.00035103738496240484 0.0024461130244695785 4.8717062660487226e-05 2.1628387733655542e-07 4.3075340751856354e-09 0.00029964884549752335 5.967840175909685e-06 1.090621195336997 0.00035108810967848054
59491.96181672222 1.0909247213200617 0.0003510314638920176 0.002583172625696208 4.871705810037625e-05 2.284026067995677e-07 4.307533671983301e-09 0.00031643864664778544 5.96783961729609e-06 1.0906082826734138 0.00035108218945408015
59491.96185220243 1.0907588883744541 0.00035102408780362745 0.0026585630600437053 4.871719186969483e-05 2.3506858473748392e-07 4.307545499787904e-09 0.0003256739748553539 5.967856004037616e-06 1.0904332143995987 0.00035107481470998984
59491.961887682635 1.0907064407403326 0.00035103316951682294 0.0024324000221163464 4.871719043238114e-05 2.1507138172036228e-07 4.307545372701472e-09 0.00029796900270925245 5.96785582796669e-06 1.0904084717376235 0.00035108389510800684
59491.961923162846 1.0905042154591933 0.0003509877881156619 0.002426317116374846 4.871702481514757e-05 2.1453353476640567e-07 4.307530728922925e-09 0.00029722384675591863 5.967835539855577e-06 1.0902069916124373 0.00035103851991961726
59491.961958643056 1.0909657653285836 0.00035106748675017065 0.002770991989659671 4.871734354562692e-05 2.4500948467910155e-07 4.307558910884759e-09 0.0003394465187333097 5.967874584339297e-06 1.0906263188098502 0.00035111820770238565
59491.96199412327 1.0905743242942418 0.00035097758353329204 0.0023641506419587953 4.871698099960613e-05 2.0903681160089997e-07 4.307526854778478e-09 0.00028960845363995243 5.96783017245175e-06 1.090284715840602 0.0003510283167207971
59491.96202960347 1.090659552810021 0.00035100843959517063 0.0024802506564316792 4.8717299251068046e-05 2.1930230671001109e-07 4.307554994385872e-09 0.00030383070541288067 5.9678691582558355e-06 1.090355722104608 0.0003510591689862645
59491.96206508368 1.0907197007474805 0.0003510263910528251 0.002474500780545096 4.871716689271348e-05 2.1879390606028076e-07 4.307543291337878e-09 0.00030312634561677427 5.967852944357401e-06 1.0904165744018637 0.0003510771175743819
59491.96210056389 1.090657646596562 0.00035101291409818933 0.002457110092775602 4.8717143929546146e-05 2.1725623165901258e-07 4.3075412609481066e-09 0.00030099598636501123 5.967850131369403e-06 1.0903566506101972 0.00035106364251926363
59491.962136044094 1.0907819708692261 0.00035102463394760596 0.002364852937607525 4.8716909358176134e-05 2.0909890816979286e-07 4.307520520285303e-09 0.00028969448485692176 5.9678213963765756e-06 1.0904922763843692 0.0003510753601867693
59491.962171524305 1.0905764800873874 0.0003510158178115157 0.0024156743233307134 4.873780091210686e-05 2.135925052545847e-07 4.30936773921694e-09 0.0002959201046080124 5.970380611733091e-06 1.0902805599827794 0.00035106658883826605
59491.962207004515 1.0903793592275117 0.00035096022820377244 0.002660234522469815 4.87173126515268e-05 2.3521637446376598e-07 4.307556179246567e-09 0.0003258787290025523 5.967870799812033e-06 1.0900534804985091 0.000351010964590463
59491.962242484726 1.091178561893471 0.00035108492808299033 0.002704020396388495 4.871731192445525e-05 2.390878957258529e-07 4.307556114959328e-09 0.00033124249855759065 5.967870710745768e-06 1.0908473193949135 0.000351135646449999
59491.96227796493 1.0901828703375904 0.0003509813278495264 0.002615979136698706 4.871723119715056e-05 2.3130333923937112e-07 4.307548977098447e-09 0.00032045744424559144 5.967860821650943e-06 1.0898624128933447 0.0003510320610169437
59491.96231344514 1.0909670709604993 0.00035105720870121006 0.0027186315838679505 4.8717333611241735e-05 2.403798083435183e-07 4.307558032492255e-09 0.00033303236902382396 5.967873367377113e-06 1.0906340385914755 0.0003511079311175041
59491.96234892535 1.090299132644674 0.0003509658661143145 0.0024311971360521096 4.87171196969971e-05 2.1496502324086247e-07 4.307539118320348e-09 0.00029782164916638344 5.967847162882145e-06 1.0900013109955076 0.00035101660128422765
59491.96238440555 1.0904204856356556 0.0003509919331725931 0.0027039005245928873 4.871727932809834e-05 2.3907729673207054e-07 4.307553232808589e-09 0.0003312278142626287 5.967866717692046e-06 1.090089257821393 0.0003510426649075497
59491.962419885764 1.0902919429061146 0.00035097566662519846 0.002774863488026346 4.871735718250775e-05 2.453518002914507e-07 4.307560116649755e-09 0.0003399207772832274 5.967876254857199e-06 1.0899520221288315 0.0003510264008732046
59491.962455365974 1.0901420610481276 0.0003509462271013155 0.002430527555628145 4.871702226110727e-05 2.1490581933293385e-07 4.307530503096181e-09 0.0002977396255644478 5.967835226985641e-06 1.0898443214225633 0.00035099696490702674
59491.96249084618 1.0909294630635942 0.0003510576587969215 0.0026563901870278713 4.871717459028868e-05 2.3487646058127228e-07 4.307543971952958e-09 0.00032540779791091426 5.967853887310363e-06 1.0906040552656833 0.00035110838081708624
59491.96252632639 1.0903807705027044 0.00035098344191423245 0.0024600176851981748 4.8717193742555474e-05 2.1751331927376202e-07 4.307545665385143e-09 0.0003013521664367764 5.967856233463046e-06 1.0900794183362676 0.00035103417469811206
59491.9625618066 1.0907491938684581 0.00035103379447091413 0.0027801527413472455 4.8717368289073617e-05 2.458194729643876e-07 4.307561098685788e-09 0.0003405687108150376 5.967877615411518e-06 1.090408625157643 0.0003510845203421543
59491.96259728681 1.0903948442011964 0.000351002927221934 0.002382767198065602 4.871715345613413e-05 2.106828765607588e-07 4.307542103283422e-09 0.00029188898176303623 5.967851298376431e-06 1.0901029552194332 0.00035105365710598403
59491.96263276701 1.090389779134984 0.00035099988373382175 0.0024235134430308073 4.8717217350986826e-05 2.1428563561556194e-07 4.30754775282878e-09 0.0002968803967712739 5.967859125495885e-06 1.0900928987382126 0.0003510506141907434
59491.96266824722 1.090909010494329 0.00035106032386490374 0.0025229254904379625 4.871703856291489e-05 2.2307559047541447e-07 4.30753194449244e-09 0.0003090583725786504 5.967837223957075e-06 1.0905999521217504 0.00035111104521684126
59491.96270372743 1.0912351814513221 0.00035106850312866656 0.0026048755453054995 4.871709266112055e-05 2.3032156620809257e-07 4.307536727824019e-09 0.0003190972542999237 5.967843850987268e-06 1.0909160841970222 0.00035111922341169577
59491.962739207636 1.0908982203089566 0.000351071918507646 0.0024732147385691603 4.871726515374678e-05 2.186801949838953e-07 4.3075519795207475e-09 0.00030296880547472216 5.967864981333981e-06 1.0905952515034818 0.0003511226386564596
59491.96277468785 1.090878193526209 0.0003510410122450404 0.002717525574585057 4.871733196242563e-05 2.4028201565214166e-07 4.307557886704903e-09 0.0003328968828866695 5.96787316539714e-06 1.0905452966433224 0.00035109173699781205
59491.96281016806 1.090374585557583 0.00035096655229217665 0.0024440773825342736 4.8717163605960175e-05 2.1610388707190603e-07 4.307543000725081e-09 0.0002993994793604485 5.967852541730121e-06 1.0900751860782225 0.0003510172874543603
59491.96284564826 1.0903547956523347 0.0003509921866399508 0.00263416249503675 4.8717250519848906e-05 2.3291110110687722e-07 4.3075506856000895e-09 0.0003226849056420019 5.9678631886814905e-06 1.0900321107466928 0.0003510429182782824
59491.96288112847 1.0904302414458522 0.0003509792930647229 0.002502920008665296 4.871711316340403e-05 2.2130671752371744e-07 4.307538540623885e-09 0.00030660770106149876 5.9678463625169934e-06 1.0901236337447908 0.00035103002628040136
59491.96291660868 1.090749792908261 0.00035104524768836713 0.0025718429066006318 4.871723351187551e-05 2.2740083968962126e-07 4.307549181765069e-09 0.0003150507560585774 5.96786110520475e-06 1.0904347421522025 0.00035109597162422416
59491.96295208889 1.0904981710370076 0.0003510108073095664 0.0024689675983486266 4.871702240486145e-05 2.18304665339394e-07 4.307530515806841e-09 0.00030244853079770676 5.967835244595527e-06 1.09019572250621 0.0003510615357820053
59491.962987569095 1.0906966299847847 0.0003510170272611157 0.0026405043160671188 4.8717200315505334e-05 2.3347184119864796e-07 4.30754624656151e-09 0.00032346177871822205 5.9678570386494035e-06 1.0903731682060664 0.00035106775520526604
59491.963023049306 1.0904745978446155 0.0003509998476610796 0.0026467732744408093 4.8717244169956e-05 2.3402613881709807e-07 4.307550124146287e-09 0.00032422972611899917 5.967862410819609e-06 1.0901503681184965 0.0003510505781790646
59491.963058529516 1.0911000065807528 0.0003510667732812575 0.0023409163783425246 4.871707565040526e-05 2.0698245165443903e-07 4.307535223746561e-09 0.00028676225634695926 5.967841767174644e-06 1.0908132443244059 0.0003511174937787519
59491.96309400972 1.0903456684781052 0.0003510100024808566 0.0024355000097980124 4.871711860613631e-05 2.153454808109518e-07 4.307539021867078e-09 0.00029834875120025655 5.967847029251698e-06 1.090047319726905 0.0003510607312699264
59491.96312948993 1.090469572513279 0.00035097108683142784 0.00263111565752184 4.871723773387081e-05 2.3264170152282405e-07 4.3075495550714145e-09 0.0003223116680464254 5.967861622399174e-06 1.0901472608452325 0.00035102182149259294
59491.96316497014 1.0907773744503255 0.00035101984049134747 0.0025955034480017996 4.871711116929336e-05 2.2949289086752477e-07 4.307538364305791e-09 0.00031794917238022044 5.967846118238437e-06 1.0904594252779454 0.00035107056784336395
59491.963200450344 1.0909252795767554 0.0003510778851683615 0.002456059342726187 4.871695653458258e-05 2.1716332495661342e-07 4.307524691595461e-09 0.0003008672694839579 5.967827175486365e-06 1.0906244123072715 0.0003511286038127422
59491.963235930554 1.0900077501958254 0.00035093166811170693 0.0025879878869169244 4.871713940587117e-05 2.2882836936932087e-07 4.307540860967421e-09 0.00031702851614732325 5.9678495772192185e-06 1.089690721679678 0.0003509824082660576
59491.963271410765 1.0912726279087999 0.0003510645982957915 0.002544579290310091 4.871721347443303e-05 2.249902067456211e-07 4.30754741006617e-09 0.0003117109630629861 5.967858650618047e-06 1.0909609169457368 0.00035111531939443943
59491.963306890975 1.089947305224676 0.00035094547700693256 0.002355398514787822 4.871693279757822e-05 2.0826295365543923e-07 4.307522592783473e-09 0.00028853631806150816 5.967824267703332e-06 1.0896587689066144 0.000350996214734737
59491.96334237118 1.090683605739125 0.0003510027968645141 0.002782091446506377 4.871734141244436e-05 2.4599089213620623e-07 4.30755872227001e-09 0.0003408062021970312 5.967874323024434e-06 1.090342799536928 0.0003510535271588177
59491.96337785139 1.0907170017010386 0.0003510205735709538 0.0024453261234264325 4.8716935536899996e-05 2.1621430000836607e-07 4.307522834992696e-09 0.000299552450119738 5.9678246032702495e-06 1.0904174492509189 0.000351071300451314
59491.9634133316 1.0907771612034713 0.00035102671507872556 0.002470514202711707 4.8717098950007206e-05 2.1844141518905605e-07 4.307537283883684e-09 0.00030263798983218407 5.9678446213758826e-06 1.0904745232136392 0.00035107744141198486
59491.9634488118 1.089939572926301 0.0003509419173168059 0.002716694748814756 4.871716478698302e-05 2.4020855452536853e-07 4.307543105150428e-09 0.00033279510672980754 5.96785268640542e-06 1.0896067778195713 0.00035099265604237716
59491.96348429201 1.0913437069298801 0.0003510995524687313 0.0023918668830997416 4.8716919196517525e-05 2.114874653684047e-07 4.3075213901856725e-09 0.00029300369317971834 5.967822601573396e-06 1.0910507032367005 0.0003511502679058457
59491.963519772224 1.0904708353782309 0.00035100700979011574 0.0026400700505604703 4.871709550827069e-05 2.334334436975383e-07 4.307536979567363e-09 0.0003234085811936576 5.96784419976316e-06 1.0901474267970372 0.0003510577389635372
59491.963555252434 1.0907692270149112 0.000351018209092817 0.0023886916172894635 4.871702494814411e-05 2.1120671022988445e-07 4.307530740682401e-09 0.0002926147231179593 5.967835556147654e-06 1.0904766122917933 0.00035106893650101514
59491.96359073264 1.0909417581066976 0.0003510530563135094 0.002499091409755412 4.871721833041906e-05 2.209681950561484e-07 4.307547839429603e-09 0.000306138697695038 5.967859245476334e-06 1.0906356194090026 0.00035110377908964443
59491.96362621285 1.090881032336543 0.0003510089039362255 0.002377329055756314 4.8717155174971025e-05 2.1020203921089193e-07 4.3075422552619714e-09 0.00029122280933014847 5.96785150893395e-06 1.0905898095272129 0.00035105963296018966
59491.96366169306 1.090766452070984 0.0003510322654250848 0.00259925285261849 4.87170416178278e-05 2.2982441102219021e-07 4.3075322146060444e-09 0.000318408474445765 5.967837598183905e-06 1.0904480435965382 0.0003510829908370177
59491.96369717326 1.090620437488432 0.0003509955186396413 0.002484557264511081 4.871703145633164e-05 2.196830944676757e-07 4.307531316132521e-09 0.0003043582649026074 5.967836353400625e-06 1.0903160792235294 0.0003510462493402426
59491.96373265347 1.0912499920088883 0.0003510848876647891 0.0025764146527693884 4.87170862861691e-05 2.2780507080146518e-07 4.307536164154555e-09 0.0003156107949642501 5.967843070055715e-06 1.090934381213924 0.00035113560556785804
59491.96376813368 1.0912461089692507 0.00035109090168503764 0.0025118325297191248 4.871717326455923e-05 2.2209475740212156e-07 4.3075438547327385e-09 0.0003076994848905928 5.967853724908505e-06 1.0909384094843602 0.00035114161890054373
59491.963803613886 1.0903171747361027 0.0003509711512369907 0.0025657637270184524 4.8717212324913586e-05 2.2686332220048393e-07 4.307547308426336e-09 0.0003143060565597604 5.967858509801914e-06 1.0900028686795429 0.0003510218858359285
59491.963839094096 1.090855410577347 0.00035102958649420714 0.00263793873731526 4.8717299567330104e-05 2.3324499423184247e-07 4.307555022349578e-09 0.0003231474953211193 5.9678691969979375e-06 1.0905322630820258 0.00035108031283033594
59491.96387457431 1.0907249539075097 0.0003510187157623114 0.002512280469310002 4.871701151527551e-05 2.2213436395772971e-07 4.307529552956047e-09 0.00030775435749047525 5.96783391062125e-06 1.0904171995500191 0.00035106944306932653
59491.96391005452 1.0904649580753856 0.0003509883341905103 0.0024577661460828716 4.885367195586804e-05 2.1731423950722575e-07 4.319612988870167e-09 0.00030107635289515174 5.984574814593834e-06 1.0901638817224903 0.00035103935089038206
59491.96394553472 1.0903451107917714 0.0003509998407462511 0.0028489607677726378 4.871734535768533e-05 2.5190343825883146e-07 4.3075590711059e-09 0.00034899769405214814 5.967874806316453e-06 1.0899961130977194 0.0003510505714759592
59491.96398101493 1.0905318072678756 0.0003509939572582161 0.0024443847068398813 4.871726876537916e-05 2.1613106050655588e-07 4.3075522988591616e-09 0.00029943712658788546 5.967865423758947e-06 1.0902323701412877 0.00035104468867866174
