HD189733b/Results/ROEBA_Results/25512_radii/HD189733b_nrca1_level3_asn_phot.ecsv
# %ECSV 0.9
# ---
# datatype:
# - {name: MJD, datatype: float64}
# - {name: aperture_sum, unit: Jy, datatype: float64}
# - {name: aperture_sum_err, unit: Jy, datatype: float64}
# - {name: annulus_sum, unit: Jy, datatype: float64}
# - {name: annulus_sum_err, unit: Jy, datatype: float64}
# - {name: annulus_mean, unit: Jy, datatype: float64}
# - {name: annulus_mean_err, unit: Jy, datatype: float64}
# - {name: aperture_bkg, unit: Jy, datatype: float64}
# - {name: aperture_bkg_err, unit: Jy, datatype: float64}
# - {name: net_aperture_sum, unit: Jy, datatype: float64}
# - {name: net_aperture_sum_err, unit: Jy, datatype: float64}
# meta: !!omap
# - {instrument: NIRCAM}
# - {detector: NRCA1}
# - {channel: SHORT}
# - {subarray: SUBGRISM64}
# - {filter: WLP4}
# - {pupil: CLEAR}
# - {target_name: UNKNOWN}
# - {xcenter: 1981.2}
# - {ycenter: 29.2}
# - ra_icrs: !numpy.ndarray
#     buffer: !!binary |
#       TW93WjUrbkNja0E9
#     dtype: float64
#     order: C
#     shape: !!python/tuple []
# - dec_icrs: !numpy.ndarray
#     buffer: !!binary |
#       U1ZQa09iSzFOa0E9
#     dtype: float64
#     order: C
#     shape: !!python/tuple []
# - {apertures: Photometry measured in a circular aperture of r=25.0 pixels.  Background calculated as the mean in a circular annulus
#     with r_inner=5.0 pixels and r_outer=12.0 pixels.}
# - {number_of_integrations: 7350}
# - __serialized_columns__:
#     annulus_mean:
#       __class__: astropy.units.quantity.Quantity
#       unit: &id001 !astropy.units.Unit {unit: Jy}
#       value: !astropy.table.SerializedColumn {name: annulus_mean}
#     annulus_mean_err:
#       __class__: astropy.units.quantity.Quantity
#       unit: *id001
#       value: !astropy.table.SerializedColumn {name: annulus_mean_err}
#     annulus_sum:
#       __class__: astropy.units.quantity.Quantity
#       unit: *id001
#       value: !astropy.table.SerializedColumn {name: annulus_sum}
#     annulus_sum_err:
#       __class__: astropy.units.quantity.Quantity
#       unit: *id001
#       value: !astropy.table.SerializedColumn {name: annulus_sum_err}
#     aperture_bkg:
#       __class__: astropy.units.quantity.Quantity
#       unit: *id001
#       value: !astropy.table.SerializedColumn {name: aperture_bkg}
#     aperture_bkg_err:
#       __class__: astropy.units.quantity.Quantity
#       unit: *id001
#       value: !astropy.table.SerializedColumn {name: aperture_bkg_err}
#     aperture_sum:
#       __class__: astropy.units.quantity.Quantity
#       unit: *id001
#       value: !astropy.table.SerializedColumn {name: aperture_sum}
#     aperture_sum_err:
#       __class__: astropy.units.quantity.Quantity
#       unit: *id001
#       value: !astropy.table.SerializedColumn {name: aperture_sum_err}
#     net_aperture_sum:
#       __class__: astropy.units.quantity.Quantity
#       unit: *id001
#       value: !astropy.table.SerializedColumn {name: net_aperture_sum}
#     net_aperture_sum_err:
#       __class__: astropy.units.quantity.Quantity
#       unit: *id001
#       value: !astropy.table.SerializedColumn {name: net_aperture_sum_err}
# schema: astropy-2.0
MJD aperture_sum aperture_sum_err annulus_sum annulus_sum_err annulus_mean annulus_mean_err aperture_bkg aperture_bkg_err net_aperture_sum net_aperture_sum_err
[from data line 1065]
59866.304431119504 2.8267430252853716 0.0006480741600739495 0.3239127255810996 0.00019948766500620623 0.0008664254017916071 5.336041675898796e-07 1.701222298220061 0.001047729333015789 1.1255207270653105 0.0012319646391911034
59866.30446265746 2.8274428006445578 0.000648092845744537 0.3243245814617747 0.0001995831812406053 0.0008675270639638911 5.338596613856801e-07 1.703385406837052 0.001048230993910742 1.1240573938075058 0.0012324011332761561
59866.30449419543 2.827053894069119 0.000648065983171595 0.32401529010357866 0.00019951518358665512 0.0008666997488628407 5.336777762975319e-07 1.701760977434762 0.0010478738633752896 1.125292916634357 0.0012320832569632707
59866.304525733394 2.8277662464857896 0.0006481577074617539 0.32426411099510194 0.00019957963378201422 0.0008673653131457057 5.338501723845006e-07 1.7030678098482246 0.001048212362300495 1.124698436637565 0.0012324193970486106
59866.30455727135 2.8276032410954937 0.0006481348887589274 0.3241819920639071 0.0001995631545776994 0.0008671456554344269 5.338060926059305e-07 1.7026365129406886 0.001048125811857665 1.124966728154805 0.0012323337825073354
59866.30458880932 2.826837633018183 0.0006480795820935288 0.32420287516749935 0.0001995667201923831 0.0008672015150842389 5.338156301723519e-07 1.7027461931066143 0.0010481445388255417 1.1240914399115687 0.001232320623456546
59866.30462034728 2.8278308716367917 0.0006481203131800175 0.3240147509099104 0.00019953063207959733 0.0008666983065882594 5.337190990540877e-07 1.7017581455352437 0.0010479550004180531 1.126072726101548 0.0012321808403224607
59866.30465188524 2.8270715919213996 0.0006480294752383331 0.32447107124362123 0.00019957804723652134 0.0008679189055251237 5.338459285768094e-07 1.704154785943389 0.0010482040296035785 1.1229168059780106 0.0012323448739921992
59866.30468342321 2.8267157618356684 0.000648040283428842 0.32416174682333726 0.00019954819068019735 0.000867091501987187 5.337660660806301e-07 1.702530182895679 0.0010480472199590198 1.1241855789399895 0.001232217182241168
59866.30471496117 2.8276236531812877 0.0006481497414837261 0.3240087306036583 0.0001994916790138034 0.0008666822030336553 5.336149045503956e-07 1.7017265262797183 0.0010477504149884634 1.1258971269015694 0.0012320223291377142
59866.30474649913 2.826674221759405 0.0006480076367547166 0.324064162071908 0.00019952977459572238 0.0008668304751710466 5.337168053936286e-07 1.7020176579406934 0.0010479504968262732 1.1246565638187118 0.0012321177464393838
59866.3047780371 2.8258441264094367 0.0006479425868528606 0.3239512233754134 0.00019950385870768243 0.0008665283785019125 5.336474836846173e-07 1.7014244925179276 0.0010478143839689205 1.1244196338915091 0.0012319677670741816
59866.30480957506 2.8257812778184355 0.0006479382877927804 0.3237858884092646 0.00019949284684910517 0.0008660861284661393 5.336180283615047e-07 1.7005561366032806 0.001047756548577233 1.1252251412151548 0.0012319163161003735
59866.30484111302 2.8266207331060027 0.0006480259012681354 0.32434683677206827 0.0001995701883974687 0.0008675865940923495 5.3382490718047e-07 1.7035022939709468 0.001048162754188386 1.123118439135056 0.0012323078868457195
59866.30487265098 2.826490266881227 0.0006480076725657479 0.3239281526603358 0.00019951083348307424 0.000866466667269219 5.336661403229461e-07 1.7013033227958814 0.001047851016192617 1.1251869440853457 0.001232033155333077
59866.304904188946 2.8277164470865177 0.0006481253283900094 0.3242306185102049 0.00019954930512270855 0.0008672757250023814 5.337690470728057e-07 1.702891903940152 0.0010480530731234693 1.1248245431463657 0.001232266888861421
59866.30493572691 2.826742897033891 0.0006480304550305716 0.32403606942946983 0.00019951410917713757 0.0008667553309204827 5.336749023885299e-07 1.7018701125497366 0.0010478682204681595 1.1248727844841544 0.001232059770512063
59866.30496726487 2.8280265852379474 0.0006481499327047638 0.3239635387259177 0.00019951579039712697 0.0008665613205003776 5.336793994384751e-07 1.7014891739806604 0.0010478770504050788 1.126537411257287 0.0012321301262573033
59866.304998802836 2.8266194151276256 0.0006480513817380982 0.3241327209308195 0.00019954382734394734 0.0008670138614111895 5.33754394710335e-07 1.702377735981195 0.0010480243032770344 1.1242416791464307 0.0012322035276820026
59866.3050303408 2.827878966564099 0.0006481230421350158 0.32412480607220384 0.00019952366897251202 0.0008669926901696339 5.33700473626997e-07 1.7023361663456085 0.0010479184294774793 1.1255428002184906 0.001232151172780716
59866.30506187876 2.8272816341725253 0.0006480669072840096 0.32409553018967346 0.00019954261831700996 0.000866914380902103 5.337511607168322e-07 1.702182406458369 0.0010480179533456405 1.1250992277141563 0.0012322062923274845
59866.305093416726 2.826238914109955 0.0006479850433466856 0.32386447185093137 0.00019948066733216203 0.0008662963291919618 5.335854497005639e-07 1.7009688647632952 0.001047692580526061 1.1252700493466596 0.0012318865043868135
59866.305124954684 2.8273533494301715 0.0006480896721396058 0.32416412157553376 0.0001995249509060003 0.0008670978541477029 5.337039026362638e-07 1.702542655333686 0.0010479251623214303 1.1248106940964855 0.001232139346405437
59866.30515649265 2.8262048912198683 0.0006479971108504426 0.3238479490517022 0.00019948821662770492 0.0008662521328025326 5.336056431073289e-07 1.700882085355579 0.001047732230187526 1.1253228058642892 0.0012319265732356971
59866.305188030616 2.828058581221711 0.0006481850584814463 0.3241477724607179 0.00019953892199978953 0.0008670541223420202 5.337412735377252e-07 1.702456788134023 0.0010479985399148612 1.1256017930876883 0.0012322519262319197
59866.305219568574 2.827442250992121 0.000648110129054989 0.3240497955844789 0.00019952844912411052 0.0008667920466418161 5.337132599254109e-07 1.7019422036999943 0.0010479435353157067 1.1255000472921266 0.0012321657325999845
59866.30525110654 2.827691500934464 0.0006480832541526237 0.324297225691621 0.00019955284624167092 0.0008674538907531005 5.337785191162836e-07 1.70324173157364 0.0010480716714373474 1.124449769360824 0.0012322605782798253
59866.305282644505 2.826786712775611 0.0006480681132717198 0.32371398807377216 0.00019947821780642996 0.0008658938042005327 5.335788975303372e-07 1.7001785087908203 0.0010476797153699054 1.126608203984791 0.0012319192609246488
59866.305314182464 2.827464663569751 0.0006481418499571345 0.32397156305112373 0.00019950469677697524 0.0008665827845511594 5.33649725413535e-07 1.701531318545818 0.0010478187855933574 1.125933345023933 0.0012320763227609702
59866.30534572043 2.827675436607663 0.0006481302766030892 0.32389333761948025 0.00019950146146818535 0.0008663735414566794 5.336410713734284e-07 1.7011204706905476 0.0010478017934253433 1.1265549659171155 0.0012320557835402432
59866.30537725839 2.826958693404355 0.0006480653908650165 0.3238015322919534 0.00019947147487840746 0.0008661279738654515 5.335608610542752e-07 1.7006382998526968 0.001047644300831972 1.1263203935516584 0.0012318877107523796
59866.305408796354 2.827766521374529 0.0006481216045018272 0.32415025166847955 0.00019956254607222896 0.0008670607539079062 5.338044649310815e-07 1.702469809183191 0.0010481226159255723 1.125296712191338 0.0012323240776016217
59866.30544033432 2.827283582392571 0.0006481021959750696 0.32411216616017124 0.00019955266245429861 0.0008669588800103023 5.33778027508405e-07 1.7022697802530005 0.001048070706167535 1.1250138021395706 0.0012322697194828017
59866.30547187228 2.827222186602836 0.0006481047414559816 0.32380795321434275 0.0001994775434427991 0.0008661451490173417 5.335770936932735e-07 1.7006720231845733 0.0010476761735441129 1.1265501634182629 0.0012319355179999313
59866.30550341024 2.827401916168552 0.0006481259731609383 0.32401734908767654 0.00019950664014682223 0.0008667052563837975 5.336549236810543e-07 1.7017717914268728 0.0010478289923677637 1.1256301247416793 0.0012320766511594384
59866.30553494821 2.827449083725973 0.0006480807024846721 0.32396462925466263 0.00019949118483477714 0.0008665642375262657 5.336135826842644e-07 1.701494901547598 0.0010477478195103844 1.125954182178375 0.0012319838027432793
59866.30556648617 2.8271184564884546 0.0006481153147969962 0.32372628656853275 0.00019945982290793272 0.0008659267011120242 5.335296935131354e-07 1.7002431017254873 0.0010475831035080502 1.1268753547629673 0.0012318619322107358
59866.30559802413 2.8272026813579645 0.0006480624948991589 0.3242949263234599 0.0001995663544001059 0.0008674477402353052 5.338146517244684e-07 1.7032296550601886 0.001048142617647615 1.1239730262977758 0.0012323100032962959
59866.30562956209 2.826483925008356 0.0006480340415490827 0.32364136566821666 0.0001994464622660777 0.0008656995484892154 5.334939554930664e-07 1.699797088593575 0.0010475129320697359 1.1266868364147813 0.0012317594983842315
59866.30566110006 2.828780671547483 0.0006482235477724813 0.32452894490005 0.00019962089152207095 0.0008680737102057193 5.339605315991364e-07 1.704458744222952 0.0010484290521117173 1.124321927324531 0.0012326383270037551
59866.30569263802 2.826208029223146 0.0006480059958033189 0.32386473664487914 0.00019949282415312404 0.0008662970374821414 5.336179676526376e-07 1.7009702554878108 0.0010477564293756515 1.1252377737353352 0.0012319518277493912
59866.30572417598 2.826846025814872 0.0006480330349844794 0.3239489230069859 0.0001995006719076872 0.0008665222253085316 5.336389593993754e-07 1.7014124107509765 0.0010477976465739873 1.1254336150638957 0.0012320011049496596
59866.30575571395 2.827429927877809 0.0006481325171655053 0.32393603137827687 0.0001994985550948492 0.0008664877418390602 5.336332971938836e-07 1.7013447026170005 0.0010477865288595022 1.1260852252608082 0.0012320439804920677
59866.30578725191 2.8267701265085208 0.0006480459052489938 0.3241300557818696 0.00019953668754639506 0.0008670067324762407 5.337352966586859e-07 1.7023637383501555 0.0010479868043403102 1.1244063881583652 0.0012321687536134827
59866.30581878987 2.8268122005913323 0.0006480031983851554 0.3242650049679546 0.00019954374145967265 0.0008673677044095457 5.337541649808081e-07 1.7030725050837952 0.0010480238522041633 1.1237396955075372 0.0012321778036899727
59866.30585032784 2.8275477901819976 0.0006481539457415727 0.3241901523199697 0.00019957029514383305 0.000867167483082986 5.338251927134371e-07 1.7026793714284125 0.001048163314831056 1.1248684187535851 0.0012323757024292538
59866.305881865796 2.8269119891342283 0.0006480851060161133 0.3239377386598242 0.00019949868474503798 0.0008664923086003629 5.336336439916721e-07 1.70135366943185 0.0010477872097953676 1.1255583197023782 0.0012320196190202
59866.30591340376 2.8270295978882984 0.0006480713741636041 0.3241972190631005 0.0001995347550943461 0.000867186385723336 5.337301275948895e-07 1.7027164866759483 0.00104797665490728 1.1243131112123501 0.0012321735166935517
59866.30594494173 2.827287632786785 0.0006480852564038722 0.324070172087315 0.0001995414809142664 0.0008668465511989471 5.337481183089512e-07 1.702049223147663 0.0010480119795917356 1.125238409639122 0.001232210862204948
59866.305976479685 2.8266276721325125 0.000648026756120278 0.3239558542431411 0.00019950036141177613 0.0008665407654849322 5.336381288622485e-07 1.7014488143022117 0.001047796015818152 1.1251788578303008 0.0012319964153406306
59866.30600801765 2.8280233216748076 0.0006481584261203055 0.32372457570971813 0.00019947020550421362 0.0008659221247819858 5.335574656395259e-07 1.7002341161224692 0.001047637633950702 1.1277892055523384 0.0012319309872799598
59866.30603955562 2.827646510434855 0.0006481056556444695 0.3237909306786083 0.00019946346899574844 0.0008660996158962309 5.335394463349643e-07 1.700582619110338 0.001047602253128931 1.127063891324517 0.0012318731353670963
59866.306071093575 2.827080105823183 0.0006480502461631061 0.3238911415833578 0.00019950311967149934 0.0008663676673389635 5.336455068566901e-07 1.7011089368873835 0.001047810502476362 1.1259711689357996 0.0012320210918047745
59866.30610263154 2.8275101864094276 0.0006481023148032216 0.32421587936601515 0.000199542833176424 0.0008672362996636462 5.337517354384762e-07 1.702814492468567 0.0010480190818089497 1.1246956939408606 0.0012322258747035659
59866.3061341695 2.8271398299826234 0.0006481303600827762 0.32410921348128163 0.00019956822758909878 0.000866950981969283 5.338196622671165e-07 1.702254272485723 0.0010481524558250987 1.1248855574969003 0.0012323540620751872
59866.306165707465 2.8273204894193533 0.0006480596759117326 0.3242764776103414 0.00019957730646128884 0.0008673983922708262 5.338439470971459e-07 1.7031327605585158 0.0010482001389773574 1.1241877288608375 0.001232357446074381
59866.30619724543 2.827624859488168 0.0006480925431854936 0.3242355203333042 0.0001995737219100151 0.0008672888367566068 5.338343588777512e-07 1.702917648809371 0.0010481813125526004 1.124707210678797 0.0012323587174670908
59866.30622878339 2.8265271627955006 0.0006480044033386527 0.32397590603558524 0.00019950391575636315 0.0008665944014830051 5.336476362825926e-07 1.701554128338158 0.0010478146835943443 1.1249730344573428 0.0012320005348627895
59866.306260321355 2.8273965342235208 0.0006481518234116731 0.3238460498531194 0.00019949536663830888 0.0008662470526875348 5.33624768477594e-07 1.7008721105731062 0.0010477697827642274 1.1265244236504146 0.001232039895403421
59866.30629185932 2.826034342322945 0.0006479195728035886 0.32426272430064723 0.00019954769523207336 0.000867361603914159 5.337647408198238e-07 1.7030605267891137 0.0010480446178155116 1.1229738155338314 0.0012321514897747137
59866.30632339728 2.8276909874364162 0.0006481219619174734 0.3240717996963265 0.00019952884413838978 0.0008668509048463353 5.337143165384383e-07 1.70205777151432 0.0010479456099705346 1.1256332159220963 0.0012321737211027797
59866.306354935245 2.826700200749845 0.0006480070952871851 0.3241703537576679 0.0001995548526052853 0.0008671145244433818 5.337838858841302e-07 1.7025753873827096 0.0010480822090613725 1.1241248133671353 0.001232229488566761
59866.3063864732 2.8259493256891184 0.0006479409982140433 0.32399511584492613 0.00019951068516706237 0.0008666457852832144 5.336657435964515e-07 1.7016550201939398 0.0010478502372219664 1.1242943054951786 0.0012319974256518322
59866.30641801117 2.8266630319324024 0.000648025068996192 0.32427047222558214 0.00019955846946616057 0.0008673823286293202 5.337935605276054e-07 1.703101219672175 0.0010481012051794148 1.1235618122602273 0.0012322550979184713
59866.306449549134 2.8281291797266723 0.0006481787660353166 0.32395291042685004 0.00019951255271331782 0.0008665328911502385 5.336707390454936e-07 1.7014333530821957 0.001047860045763224 1.1266958266444767 0.0012321308324386546
59866.30648108709 2.8274582188055137 0.0006480863676323019 0.3240226508873292 0.00019949784621021063 0.0008667194380245033 5.336314010175086e-07 1.7017996370132835 0.0010477828057258963 1.1256585817922302 0.0012320165371802695
59866.30651262506 2.8274756666098435 0.0006480908903148043 0.32411991197064055 0.00019955316935699446 0.0008669795990695366 5.337793834087362e-07 1.7023104620306753 0.0010480733684716096 1.1251652045791682 0.0012322660377566453
59866.306544163024 2.827841972761078 0.0006481410349423287 0.3241483355248652 0.00019955766177675598 0.0008670556284671012 5.337914000610302e-07 1.702459745403704 0.0010480969631132143 1.1253822273573741 0.0012323124787420013
59866.30657570098 2.826404273620758 0.0006479861987787551 0.323797532816538 0.00019948003330721257 0.000866117275776676 5.335837537643497e-07 1.7006172942045066 0.0010476892505630914 1.1257869794162516 0.0012318842800982535
59866.30660723895 2.8261916883374782 0.0006479902504888872 0.32391914961601886 0.00019950821874802378 0.0008664425852691197 5.336591462387753e-07 1.701256037899259 0.001047837283340461 1.1249356504382193 0.0012320123120679307
