HD189733b/Results/ROEBA_Results/25512_radii/HD189733b_nrca1_level3_asn_phot.ecsv
# %ECSV 0.9
# ---
# datatype:
# - {name: MJD, datatype: float64}
# - {name: aperture_sum, unit: Jy, datatype: float64}
# - {name: aperture_sum_err, unit: Jy, datatype: float64}
# - {name: annulus_sum, unit: Jy, datatype: float64}
# - {name: annulus_sum_err, unit: Jy, datatype: float64}
# - {name: annulus_mean, unit: Jy, datatype: float64}
# - {name: annulus_mean_err, unit: Jy, datatype: float64}
# - {name: aperture_bkg, unit: Jy, datatype: float64}
# - {name: aperture_bkg_err, unit: Jy, datatype: float64}
# - {name: net_aperture_sum, unit: Jy, datatype: float64}
# - {name: net_aperture_sum_err, unit: Jy, datatype: float64}
# meta: !!omap
# - {instrument: NIRCAM}
# - {detector: NRCA1}
# - {channel: SHORT}
# - {subarray: SUBGRISM64}
# - {filter: WLP4}
# - {pupil: CLEAR}
# - {target_name: UNKNOWN}
# - {xcenter: 1981.2}
# - {ycenter: 29.2}
# - ra_icrs: !numpy.ndarray
#     buffer: !!binary |
#       TW93WjUrbkNja0E9
#     dtype: float64
#     order: C
#     shape: !!python/tuple []
# - dec_icrs: !numpy.ndarray
#     buffer: !!binary |
#       U1ZQa09iSzFOa0E9
#     dtype: float64
#     order: C
#     shape: !!python/tuple []
# - {apertures: Photometry measured in a circular aperture of r=25.0 pixels.  Background calculated as the mean in a circular annulus
#     with r_inner=5.0 pixels and r_outer=12.0 pixels.}
# - {number_of_integrations: 7350}
# - __serialized_columns__:
#     annulus_mean:
#       __class__: astropy.units.quantity.Quantity
#       unit: &id001 !astropy.units.Unit {unit: Jy}
#       value: !astropy.table.SerializedColumn {name: annulus_mean}
#     annulus_mean_err:
#       __class__: astropy.units.quantity.Quantity
#       unit: *id001
#       value: !astropy.table.SerializedColumn {name: annulus_mean_err}
#     annulus_sum:
#       __class__: astropy.units.quantity.Quantity
#       unit: *id001
#       value: !astropy.table.SerializedColumn {name: annulus_sum}
#     annulus_sum_err:
#       __class__: astropy.units.quantity.Quantity
#       unit: *id001
#       value: !astropy.table.SerializedColumn {name: annulus_sum_err}
#     aperture_bkg:
#       __class__: astropy.units.quantity.Quantity
#       unit: *id001
#       value: !astropy.table.SerializedColumn {name: aperture_bkg}
#     aperture_bkg_err:
#       __class__: astropy.units.quantity.Quantity
#       unit: *id001
#       value: !astropy.table.SerializedColumn {name: aperture_bkg_err}
#     aperture_sum:
#       __class__: astropy.units.quantity.Quantity
#       unit: *id001
#       value: !astropy.table.SerializedColumn {name: aperture_sum}
#     aperture_sum_err:
#       __class__: astropy.units.quantity.Quantity
#       unit: *id001
#       value: !astropy.table.SerializedColumn {name: aperture_sum_err}
#     net_aperture_sum:
#       __class__: astropy.units.quantity.Quantity
#       unit: *id001
#       value: !astropy.table.SerializedColumn {name: net_aperture_sum}
#     net_aperture_sum_err:
#       __class__: astropy.units.quantity.Quantity
#       unit: *id001
#       value: !astropy.table.SerializedColumn {name: net_aperture_sum_err}
# schema: astropy-2.0
MJD aperture_sum aperture_sum_err annulus_sum annulus_sum_err annulus_mean annulus_mean_err aperture_bkg aperture_bkg_err net_aperture_sum net_aperture_sum_err
[from data line 3974]
59866.396175053764 2.7613066145169127 0.0006374145348949826 0.31627694564281206 0.0001965262468820743 0.0008460006602531131 5.256827502282405e-07 1.6611184119895592 0.0010321756663974491 1.1001882025273535 0.0012131297933850298
59866.39620659172 2.762928425504402 0.0006375734584281125 0.3166291653823058 0.0001965754809793826 0.0008469428033219361 5.258144451854722e-07 1.6629683055793374 0.0010324342488412953 1.0999601199250646 0.00121343330804477
59866.39623812969 2.763153494055307 0.0006375221023318216 0.3168001894012281 0.0001965884354359128 0.0008474002708513299 5.258490967113856e-07 1.6638665409728368 0.0010325022869533235 1.09928695308247 0.0012134642160053293
59866.39626966765 2.7627562977784565 0.00063752832477474 0.3163385103594547 0.00019654799213169696 0.0008461653380509909 5.257409160091853e-07 1.6614417560895731 0.0010322898746412657 1.1013145416888834 0.00121328675513127
59866.39630120561 2.7618406910444504 0.0006374845634216722 0.3163442359020201 0.00019654084962171804 0.0008461806531501702 5.257218107021394e-07 1.6614718272164923 0.0010322523614586033 1.100368863827958 0.0012132318436052455
59866.39633274358 2.761514114925732 0.0006374242448737476 0.3165603467857957 0.00019655544553085877 0.0008467587223167054 5.257608529053103e-07 1.662606863370776 0.0010323290206452668 1.098907251554956 0.0012132653769144173
59866.396364281536 2.7616848500040936 0.0006374001865785279 0.3166199222204459 0.00019658081565941427 0.0008469180790379058 5.258287147770159e-07 1.6629197595611653 0.0010324622671187725 1.0987650904429282 0.0012133661157599455
59866.3963958195 2.7621082509337693 0.000637469938208606 0.3168627488936657 0.00019661201928988299 0.0008475676095481159 5.259121805254447e-07 1.6641951097356396 0.0010326261517325788 1.0979131411981298 0.0012135422083148647
59866.39642735747 2.7625737288358554 0.0006374850143538524 0.31652488388894 0.0001965214650483242 0.0008466638635716476 5.256699594302847e-07 1.6624206086603994 0.0010321505517243918 1.100153120175456 0.0012131454591064906
59866.396458895426 2.7620376087412706 0.0006375105673166024 0.31646964529240373 0.00019654169946059567 0.0008465161073415937 5.257240839132017e-07 1.6621304899811122 0.0010322568248980865 1.0999071187601583 0.0012132493049612743
59866.39649043339 2.7628940102259705 0.0006375228430450264 0.31687294215519707 0.000196621815513221 0.0008475948752280981 5.259383841786863e-07 1.664248645773094 0.0010326776024854045 1.0986453644528764 0.001213613779618218
59866.39652197136 2.7616485277909453 0.0006373820381775211 0.31667347685222047 0.00019657770489482103 0.0008470613308760973 5.258203938768175e-07 1.6632010338877128 0.0010324459290694382 1.0984474939032325 0.0012133426799727216
59866.396553509316 2.761936479398596 0.0006374417254380436 0.31656495765954334 0.00019656802240683782 0.0008467710558183678 5.257944944512048e-07 1.6626310801446607 0.0010323950756661651 1.0993053992539352 0.001213330765121027
59866.39658504728 2.761947998316821 0.0006374662771260918 0.31650584779914953 0.0001965448058905419 0.000846612944449172 5.2573239321877e-07 1.6623206291972141 0.0010322731401814175 1.0996273691196068 0.001213239914614172
59866.39661658524 2.7619555966011844 0.000637453149668665 0.3166331619182919 0.00019658675308379701 0.0008469534935481115 5.258445966331461e-07 1.6629892957893484 0.0010324934510703625 1.098966300811836 0.001213420473094833
59866.396648123206 2.762061279837144 0.0006375012699839 0.3164865048155141 0.00019653729787166016 0.0008465612044246388 5.257123102218312e-07 1.6622190378966077 0.0010322337073091397 1.099842241940536 0.0012132247507103768
59866.39667966117 2.7614111789932307 0.0006373980540274018 0.3166773915928184 0.0001965739801832894 0.0008470718023099978 5.258104307465342e-07 1.6632215945000965 0.0010324263665088729 1.0981895844931342 0.0012133344475208111
59866.39671119913 2.7626866839748065 0.0006375321511546677 0.31654820266008843 0.00019656493880235013 0.0008467262383228257 5.257862462008391e-07 1.6625430811979436 0.001032378880264444 1.100143602776863 0.0012133644943593683
59866.396742737095 2.7620521035511665 0.0006374485173328045 0.31655449487786114 0.00019656373974151744 0.0008467430692062129 5.257830388654006e-07 1.6625761285601952 0.0010323725826760371 1.0994759749909713 0.0012133151947086882
59866.39677427506 2.7625033645768564 0.0006375011719409743 0.3168317273071753 0.00019658957134773464 0.0008474846307442082 5.258521351312405e-07 1.6640321812351644 0.0010325082528767576 1.098471183341692 0.0012134582961456609
59866.39680581302 2.760583115064481 0.0006373110618538808 0.31673711080808364 0.00019658193792862822 0.0008472315436260825 5.258317167046274e-07 1.6635352458407757 0.0010324681613898543 1.0970478692237053 0.0012133243151956808
59866.396837350985 2.7618350093393955 0.0006374632322316362 0.31651527834210774 0.00019653462857433201 0.0008466381699538416 5.257051701904975e-07 1.6623701593598097 0.0010322196878903994 1.0994648499795858 0.0012131928356678334
59866.39686888894 2.7621754603315747 0.0006375283621985599 0.3165012080119292 0.00019655525114123436 0.0008466005336076424 5.257603329377538e-07 1.6622962605668552 0.0010323279996913568 1.0998791997647195 0.0012133192125546913
59866.39690042691 2.762031080620256 0.0006375464777437812 0.3167943616617432 0.00019674256749859444 0.0008473846823883706 5.262613804032299e-07 1.6638359330973909 0.0010333118040892566 1.0981951475228653 0.0012141658847759215
59866.396931964875 2.7625581768199385 0.00063750802705636 0.3168376287393383 0.0001966280817284404 0.0008475004163257219 5.259551455085459e-07 1.6640631761519868 0.0010327105132796242 1.0984950006679517 0.0012136340011715053
59866.39696350283 2.7625397687924282 0.0006375441349571024 0.3163373750626515 0.00019653688573212664 0.0008461623012762329 5.257112078009236e-07 1.6614357933962791 0.0010322315427107494 1.1011039753961491 0.0012132454334491491
59866.3969950408 2.761270222132971 0.0006374089021012457 0.3164312249573263 0.00019655339537641458 0.0008464133378249075 5.257553690025558e-07 1.6619287025069658 0.0010323182530273876 1.099341519626005 0.001213248154340831
59866.397026578765 2.761871259779122 0.0006374651449457695 0.3167005367442046 0.00019658411573637358 0.000847133712650363 5.258375420637497e-07 1.663343155169142 0.0010324795994557437 1.09852810460998 0.001213414988498586
59866.39705811672 2.7615222918318265 0.0006374291985650407 0.3166674148814517 0.00019656504858934788 0.0008470451158742027 5.257865398671144e-07 1.663169195805944 0.001032379456876827 1.0983530960258825 0.0012133108942742428
59866.39708965469 2.763176145668231 0.0006375942447454368 0.31671402073897115 0.0001965752531107107 0.0008471697806238036 5.258138356657157e-07 1.6634139744693863 0.001032433052052052 1.0997621711988446 0.0012134432116510517
59866.39712119265 2.7623005929790443 0.0006374762667780633 0.31674364011773 0.00019658895611129908 0.0008472490087001193 5.258504894519146e-07 1.663569538433456 0.0010325050215929574 1.0987310545455884 0.001213442462715052
59866.39715273061 2.762140900189007 0.0006374470711961212 0.31654710545326487 0.00019654109932231518 0.0008467233034339255 5.257224786195231e-07 1.6625373185570635 0.0010322536729113192 1.0996035816319434 0.0012132132598250901
59866.39718426858 2.762196502534682 0.000637468316585427 0.3168622984165637 0.00019662670889447642 0.0008475664045790817 5.259514733520515e-07 1.6641927437844735 0.0010327033030172082 1.0980037587502087 0.0012136070067006494
59866.39721580654 2.762481062691746 0.00063752543958441 0.31656111614445437 0.0001965707530831849 0.0008467607802534036 5.258017986636185e-07 1.6626109041200337 0.0010324094174537022 1.0998701585717126 0.0012133869503849085
59866.3972473445 2.7623834272141394 0.0006375364887490734 0.3165462894850742 0.00019657183018208254 0.0008467211208226489 5.258046797663708e-07 1.6625330330098433 0.0010324150744857276 1.099850394204296 0.001213397569023388
59866.39727888247 2.7621345090133236 0.0006374909208771428 0.3165263291184841 0.00019653521904344442 0.000846667729377124 5.257067496203796e-07 1.6624281991517023 0.0010322227890937207 1.0997063098616213 0.0012132100232545094
59866.39731042043 2.761864318882401 0.0006374274463513414 0.3169196408250146 0.00019662219047607548 0.0008477197882388087 5.259393871566991e-07 1.6644939118960853 0.0010326795718281275 1.0973704069863157 0.0012135653453494446
59866.39734195839 2.762292468878296 0.0006375109618612262 0.3165434321692102 0.00019655430291863493 0.0008467134778656116 5.257577965627311e-07 1.6625180260987933 0.0010323230195306457 1.0997744427795029 0.001213305832486639
59866.39737349635 2.7610572514642 0.0006373427978969244 0.31637014853897116 0.0001965302176809098 0.0008462499661629317 5.256933716108068e-07 1.6616079229987981 0.0010321965214333498 1.0994493284654017 0.0012131098470007518
59866.39740503432 2.7618168276012645 0.0006374156227430649 0.3165751280332335 0.00019655695762626536 0.0008467982602762817 5.257648975684765e-07 1.662684495972865 0.0010323369623228224 1.0991323316283994 0.0012132676044034315
59866.39743657228 2.7618233366490754 0.0006374313045203552 0.31685879909345227 0.00019662443263345936 0.0008475570443341966 5.259453846429317e-07 1.6641743649866192 0.0010326913478648076 1.0976489716624562 0.001213577392644307
59866.39746811024 2.7614168088838706 0.0006373984174601384 0.3163321497596666 0.00019648898469710893 0.0008461483242543975 5.255830786160112e-07 1.661408349578081 0.0010319799616444797 1.1000084593057897 0.001212954815241042
59866.39749964821 2.762394647724845 0.0006375175593259438 0.3167793641357967 0.00019659810677201064 0.0008473445659112524 5.258749663071214e-07 1.6637571645787643 0.0010325530817857703 1.0986374831460806 0.0012135050494967872
59866.39753118617 2.7626362051403337 0.0006375192030393421 0.3163193572976875 0.0001965399317788404 0.0008461141060433339 5.25719355589014e-07 1.6613411622777705 0.001032247540855254 1.1012950428625632 0.0012132459436757401
59866.39756272413 2.761821722106612 0.0006374634534529237 0.31599853037541603 0.00019646553827955962 0.0008452559347734773 5.255203624269227e-07 1.6596561469297062 0.0010318568186951662 1.102165575176906 0.0012128842272763863
59866.3975942621 2.7623472079131846 0.0006374897864084429 0.3166628742157853 0.0001965897260804207 0.0008470329701702408 5.258525490215236e-07 1.6631453477719818 0.0010325090655484283 1.0992018601412028 0.0012134530061830868
59866.397625800055 2.762895394279321 0.0006376022209285153 0.3165907480884462 0.00019658916876600095 0.0008468400419401216 5.258510582762335e-07 1.662766534077974 0.0010325061384768958 1.100128860201347 0.0012135095871584395
59866.39765733802 2.7636586709633035 0.0006375803991997873 0.317060011791181 0.00019665644276937132 0.0008480952627452282 5.260310076909893e-07 1.6652311543654466 0.00103285946832653 1.098427516597857 0.0012137987669937394
59866.397688875986 2.7617407182736975 0.0006374270880000453 0.3168252903564009 0.00019663607322489138 0.0008474674127184236 5.259765217465774e-07 1.663998373720593 0.0010327524854248497 1.0977423445531045 0.0012136272033319876
59866.397720413945 2.762102689785794 0.000637511479014165 0.31614014396505763 0.00019648241651116046 0.0008456347331398715 5.255655095528037e-07 1.660399915782866 0.0010319454648695403 1.101702774002928 0.0012129848838050867
59866.39775195191 2.7635474848611157 0.0006376007868346256 0.31678846164479596 0.00019659538946241602 0.0008473689005923794 5.258676978490726e-07 1.6638049456134243 0.0010325388102017648 1.0997425392476914 0.0012135366323045257
59866.397783489876 2.762155959158095 0.0006374591901161891 0.31680484895645533 0.0001966056783850261 0.0008474127345697672 5.258952194102909e-07 1.6638910134267613 0.0010325928486608516 1.0982649457313338 0.001213508224186849
59866.397815027834 2.763017365349608 0.0006375655577545225 0.316557770738476 0.0001965353311689568 0.0008467518317173009 5.257070495418845e-07 1.6625933337104835 0.0010322233779882187 1.1004240316391245 0.0012132497444880194
59866.3978465658 2.7618490308364665 0.0006374682621656247 0.3165002745670355 0.00019657168498440818 0.0008465980367611057 5.25804291381033e-07 1.6622913580201446 0.0010324143118929001 1.0995576728163219 0.0012133610743178438
59866.39787810376 2.7622090350975226 0.0006374837222650097 0.3167390734455704 0.0001966042730159207 0.0008472367934320911 5.258914602264255e-07 1.663545553810769 0.001032585467520592 1.0986634812867535 0.001213514830518182
59866.397909641724 2.7631894930962835 0.0006375911506862066 0.3165095943863434 0.00019655926386850508 0.0008466229660940733 5.257710664735592e-07 1.6623403066509634 0.0010323490749396278 1.10084918644532 0.0012133701364225452
59866.39794117969 2.7618903683409015 0.000637429902535784 0.3167423851680755 0.00019658471195864745 0.0008472456518691808 5.25839136882608e-07 1.6635629473113211 0.0010324827308752494 1.0983274210295804 0.0012133991388666764
59866.39797271765 2.7620613942001064 0.0006374951849329765 0.3165096618352067 0.0001965616510033706 0.0008466231465112162 5.257774517561419e-07 1.6623406608991949 0.0010323616124126608 1.0997207333009116 0.0012133303794086747
59866.398004255614 2.761057120669425 0.0006373828439197089 0.3165687927542303 0.00019656614632740791 0.000846781314209572 5.257894761770047e-07 1.6626512224486887 0.0010323852223078148 1.0984058982207365 0.0012132914476591073
59866.39803579358 2.762816476282512 0.0006375252884827695 0.31678648550088917 0.0001966087363341275 0.0008473636146584126 5.259033990357567e-07 1.6637945667063507 0.0010326089093178968 1.0990219095761613 0.0012135566130419028
59866.39806733154 2.7625094741594434 0.0006375153215139289 0.3165159769338495 0.00019655401655755276 0.0008466400385980248 5.257570305832061e-07 1.6623738284340834 0.0010323215155333652 1.10013564572536 0.0012133068435470527
59866.398098869504 2.7623939220764857 0.0006374951377167129 0.316441027456287 0.00019652993523161568 0.0008464395582646429 5.25692616094818e-07 1.661980186219995 0.001032195037981175 1.1004137358564907 0.001213188627973989
59866.39813040746 2.76279748170337 0.0006375551478187126 0.31682259978495464 0.00019662266044096562 0.0008474602157815259 5.259406442530915e-07 1.6639842425680391 0.001032682040131122 1.098813239135331 0.0012136345259259546
59866.39816194543 2.762183310858181 0.0006375053454706619 0.3166409736711847 0.00019658124297879378 0.0008469743889949536 5.258298578020837e-07 1.663030323903281 0.0010324645114432448 1.0991529869548997 0.0012134232702949973
59866.398193483394 2.7622135849552523 0.000637493842248241 0.3166456277480343 0.0001965795557710363 0.0008469868380594265 5.258253447356194e-07 1.663054767584214 0.0010324556500579639 1.0991588173710383 0.001213409686891051
59866.39822502135 2.7615976324145564 0.0006373417039214262 0.31679004359316154 0.00019659031227602775 0.000847373132103339 5.258541170203215e-07 1.6638132541657644 0.0010325121443068685 1.097784378248792 0.0012133778371548718
59866.39825655932 2.7634360385463372 0.0006375610883227344 0.31692728591639047 0.00019662753775119413 0.0008477402378872601 5.25953690438501e-07 1.6645340646869249 0.0010327076562562719 1.0989019738594124 0.0012136594434327909
59866.39828809728 2.762896606843479 0.000637553957955475 0.3167949081224929 0.0001965997315516368 0.0008473861441014717 5.258793123862632e-07 1.6638388031643534 0.0010325616152922102 1.0990578036791256 0.0012135314329178087
59866.39831963524 2.7610891869604948 0.0006373590087623577 0.31652140957336933 0.0001965430340935754 0.0008466545702187579 5.25727653886915e-07 1.662402361204671 0.001032263834525081 1.0986868257558238 0.0012131756386108974
59866.39835117321 2.7616650572062125 0.0006374074400632559 0.31682656800925074 0.0001966244642892905 0.0008474708302775263 5.259454693182595e-07 1.6640050840821994 0.001032691514124425 1.097659973124013 0.001213564999492236
