HD189733b/Results/ROEBA_Results/25512_radii/HD189733b_nrca1_level3_asn_phot.ecsv
# %ECSV 0.9
# ---
# datatype:
# - {name: MJD, datatype: float64}
# - {name: aperture_sum, unit: Jy, datatype: float64}
# - {name: aperture_sum_err, unit: Jy, datatype: float64}
# - {name: annulus_sum, unit: Jy, datatype: float64}
# - {name: annulus_sum_err, unit: Jy, datatype: float64}
# - {name: annulus_mean, unit: Jy, datatype: float64}
# - {name: annulus_mean_err, unit: Jy, datatype: float64}
# - {name: aperture_bkg, unit: Jy, datatype: float64}
# - {name: aperture_bkg_err, unit: Jy, datatype: float64}
# - {name: net_aperture_sum, unit: Jy, datatype: float64}
# - {name: net_aperture_sum_err, unit: Jy, datatype: float64}
# meta: !!omap
# - {instrument: NIRCAM}
# - {detector: NRCA1}
# - {channel: SHORT}
# - {subarray: SUBGRISM64}
# - {filter: WLP4}
# - {pupil: CLEAR}
# - {target_name: UNKNOWN}
# - {xcenter: 1981.2}
# - {ycenter: 29.2}
# - ra_icrs: !numpy.ndarray
#     buffer: !!binary |
#       TW93WjUrbkNja0E9
#     dtype: float64
#     order: C
#     shape: !!python/tuple []
# - dec_icrs: !numpy.ndarray
#     buffer: !!binary |
#       U1ZQa09iSzFOa0E9
#     dtype: float64
#     order: C
#     shape: !!python/tuple []
# - {apertures: Photometry measured in a circular aperture of r=25.0 pixels.  Background calculated as the mean in a circular annulus
#     with r_inner=5.0 pixels and r_outer=12.0 pixels.}
# - {number_of_integrations: 7350}
# - __serialized_columns__:
#     annulus_mean:
#       __class__: astropy.units.quantity.Quantity
#       unit: &id001 !astropy.units.Unit {unit: Jy}
#       value: !astropy.table.SerializedColumn {name: annulus_mean}
#     annulus_mean_err:
#       __class__: astropy.units.quantity.Quantity
#       unit: *id001
#       value: !astropy.table.SerializedColumn {name: annulus_mean_err}
#     annulus_sum:
#       __class__: astropy.units.quantity.Quantity
#       unit: *id001
#       value: !astropy.table.SerializedColumn {name: annulus_sum}
#     annulus_sum_err:
#       __class__: astropy.units.quantity.Quantity
#       unit: *id001
#       value: !astropy.table.SerializedColumn {name: annulus_sum_err}
#     aperture_bkg:
#       __class__: astropy.units.quantity.Quantity
#       unit: *id001
#       value: !astropy.table.SerializedColumn {name: aperture_bkg}
#     aperture_bkg_err:
#       __class__: astropy.units.quantity.Quantity
#       unit: *id001
#       value: !astropy.table.SerializedColumn {name: aperture_bkg_err}
#     aperture_sum:
#       __class__: astropy.units.quantity.Quantity
#       unit: *id001
#       value: !astropy.table.SerializedColumn {name: aperture_sum}
#     aperture_sum_err:
#       __class__: astropy.units.quantity.Quantity
#       unit: *id001
#       value: !astropy.table.SerializedColumn {name: aperture_sum_err}
#     net_aperture_sum:
#       __class__: astropy.units.quantity.Quantity
#       unit: *id001
#       value: !astropy.table.SerializedColumn {name: net_aperture_sum}
#     net_aperture_sum_err:
#       __class__: astropy.units.quantity.Quantity
#       unit: *id001
#       value: !astropy.table.SerializedColumn {name: net_aperture_sum_err}
# schema: astropy-2.0
MJD aperture_sum aperture_sum_err annulus_sum annulus_sum_err annulus_mean annulus_mean_err aperture_bkg aperture_bkg_err net_aperture_sum net_aperture_sum_err
[from data line 2129]
59866.337987512095 2.8283962783948917 0.0006482477861494328 0.32412369909587246 0.00019954698076554657 0.0008669897291485411 5.337628297126067e-07 1.7023303523942883 0.0010480408653652656 1.1260659260006034 0.0012323209191291106
59866.33801905006 2.8269302733771555 0.0006480648084727802 0.3237752130729197 0.00019948243285007088 0.0008660575732972575 5.335901722367372e-07 1.7005000686602925 0.0010477018532041539 1.126430204716863 0.001231936349487375
59866.33805058802 2.8263839716546686 0.000647969407897199 0.3240895549475055 0.0001995450060628987 0.0008668983978882005 5.337575476338244e-07 1.7021510238839577 0.0010480304940278292 1.124232947770711 0.0012321656828458024
59866.338082125985 2.827527707307534 0.0006481049207310842 0.32369392292945787 0.0001994688279350788 0.0008658401324879029 5.33553780817051e-07 1.7000731246295055 0.0010476303988186913 1.1274545826780287 0.0012318966843062997
59866.338113663944 2.827414441020288 0.0006481334926678788 0.3237487746755529 0.00019948091151271067 0.0008659868539421592 5.335861028525189e-07 1.7003612115312654 0.0010476938629869258 1.1270532294890225 0.001231965687370525
59866.33814520191 2.8265618030094757 0.0006480332781219128 0.3239772693669135 0.00019951129839706726 0.0008665980482211558 5.336673839088302e-07 1.7015612886917728 0.0010478534579677905 1.1250005143177029 0.001232048699901302
59866.338176739875 2.8275882330965105 0.0006481284376712269 0.32419302636582437 0.0001995413606744428 0.0008671751707906236 5.337477966826943e-07 1.7026944662070609 0.001048011348080057 1.1248937668894496 0.001232233036979095
59866.33820827783 2.827050814179334 0.000648066187171369 0.32418566476151356 0.00019953695609934504 0.0008671554794340664 5.33736015003719e-07 1.7026558023188738 0.0010479882148074844 1.1243950118604602 0.0012321806204165905
59866.3382398158 2.827262319778645 0.0006480517145738867 0.3241105842838683 0.00019953368618290165 0.000866954648692101 5.337272683925348e-07 1.7022614720791402 0.0010479710408765844 1.1250008476995048 0.0012321584018615895
59866.338271353765 2.8273770520364674 0.0006481063357152772 0.32419890030323123 0.00019956968587313525 0.0008671908828271566 5.33823562991702e-07 1.7027253167186516 0.001048160114879912 1.1246517353178158 0.001232347941459454
59866.33830289172 2.827108570465989 0.0006480698814330155 0.3239738387476067 0.0001995056301342898 0.0008665888717502223 5.336522220258086e-07 1.7015432707332288 0.0010478236876800935 1.1255652997327603 0.0012320426338743773
59866.33833442969 2.827193476062382 0.0006480950050853944 0.324492635262588 0.00019962153970291222 0.0008679765865370814 5.339622654005634e-07 1.7042680423455252 0.0010484324564228582 1.1229254337168566 0.0012325736291587232
59866.33836596765 2.8279165626035567 0.0006481567506075724 0.32417458014361955 0.00019956131266341492 0.0008671258294890224 5.338011657191552e-07 1.7025975847879178 0.0010481161379381036 1.125318977815639 0.0012323370529057594
59866.33839750561 2.8275602861692044 0.0006481384086120423 0.32402617595776995 0.00019951707243010753 0.0008667288671402243 5.33682828713871e-07 1.7018181510387078 0.0010478837837715734 1.1257421351304966 0.0012321297906509607
59866.33842904358 2.826507545008612 0.0006479758130940414 0.32392162695305315 0.00019949436408081127 0.0008664492118310475 5.336220867636196e-07 1.7012690491231783 0.0010477645172311516 1.1252384958854336 0.0012319428306230417
59866.33846058154 2.826881293834722 0.000648020260018549 0.3242437157163956 0.00019956582998047017 0.0008673107583655065 5.338132489685477e-07 1.7029606917877922 0.0010481398633428055 1.12392060204693 0.0012322854500978182
59866.3384921195 2.826284130023282 0.0006479852381179881 0.3240838718180863 0.00019954227743316697 0.0008668831962388005 5.337502488958467e-07 1.7021211755151593 0.0010480161629893223 1.1241629545081229 0.001232161818393058
59866.33852365747 2.8270880437782946 0.0006480862817829649 0.3239957561585932 0.0001995121551507348 0.0008666474980409496 5.336696756160772e-07 1.7016583831858887 0.0010478579577244476 1.125429660592406 0.0012320804065489065
59866.33855519543 2.8270006582775618 0.0006480589651815897 0.3239216632789848 0.00019951821491352817 0.000866449308998301 5.336858847119181e-07 1.7012692399106346 0.001047889784209707 1.1257314183669271 0.0012320931061422667
59866.33858673339 2.8269776992608517 0.0006479989049687961 0.3240451744380374 0.00019951210748545508 0.0008667796856620024 5.336695481175078e-07 1.7019179329728855 0.0010478577073815918 1.1250597662879662 0.0012320342348164537
59866.33861827135 2.82695703158212 0.0006481431889020441 0.32385786088038826 0.00019951308473505704 0.0008662786456853976 5.336721621360756e-07 1.7009341432793503 0.0010478628399950476 1.1260228883027699 0.0012321144933660172
59866.33864980932 2.826341702615511 0.0006479957989224554 0.3241822267813693 0.00019955457172724162 0.0008671462832738276 5.337831345710368e-07 1.702637745700469 0.0010480807338615632 1.1237039569150418 0.001232222293303016
59866.33868134728 2.8267935187473414 0.000648128131266646 0.32388645810427036 0.00019948398676486852 0.0008663551396272386 5.335943287614631e-07 1.7010843387829326 0.0010477100145213684 1.1257091799644088 0.0012319766024838136
59866.33871288524 2.826713293679983 0.0006480260515906059 0.32399798520410444 0.00019951879489539694 0.0008666534604545881 5.336874360897553e-07 1.7016700903576913 0.0010478928303329672 1.1250432033222915 0.0012320783852512581
59866.33874442321 2.827653541474129 0.0006481592627408578 0.3242040829059586 0.0001997431395654194 0.0008672047456312263 5.342875295887535e-07 1.7027525362707912 0.0010490711111629171 1.1249010052033377 0.0012331506907727742
59866.33877596117 2.8277227356177255 0.0006481431818084995 0.32410188680555085 0.00019953046408114418 0.0008669313840422413 5.337186496795625e-07 1.7022157920459606 0.0010479541180732363 1.1255069435717648 0.0012321921188319215
59866.33880749913 2.826773431912935 0.0006480448740332035 0.32369213148358245 0.00019946945540998988 0.0008658353405977122 5.335554592327445e-07 1.7000637157751182 0.001047633694380199 1.1267097161378168 0.0012318678972850193
59866.3388390371 2.8269144058415794 0.000648063950485594 0.32410167782880034 0.00019954570403157195 0.0008669308250559751 5.337594146113786e-07 1.7022146944789933 0.0010480341598296846 1.124699711362586 0.0012322185212408176
59866.338870575055 2.8272084970570868 0.0006480305081289023 0.3240493998692994 0.0001995315121531321 0.0008667909881539696 5.337214531390179e-07 1.7019401253639677 0.0010479596226530047 1.125268371693119 0.001232137537037498
59866.33890211302 2.827371091058076 0.0006481129257774223 0.3239203609475928 0.00019951941304828744 0.0008664458254272325 5.336890895702278e-07 1.7012623999348364 0.001047896076934283 1.1261086911232396 0.0012321268411223055
59866.338933650986 2.826749533685167 0.0006480272950637573 0.3236303074715484 0.000199429526045558 0.0008656699692175946 5.334486532541923e-07 1.699739009829561 0.001047423981331712 1.127010523855606 0.0012316803042252582
59866.338965188945 2.828110150292833 0.0006481585704393741 0.3240223868186146 0.00019950682909398613 0.0008667187316742305 5.336554290907203e-07 1.701798250097766 0.0010478299847373222 1.126311900195067 0.0012320946430159616
59866.33899672691 2.82646815202214 0.0006480567192330849 0.3236473572664035 0.00019944074490455907 0.0008657155752533911 5.334786622771482e-07 1.699828557071447 0.0010474829039104994 1.1266395949506929 0.0012317458931646258
59866.339028264876 2.82656104151288 0.0006480106305961479 0.3238623139251576 0.0001994543645657568 0.0008662905570145882 5.335150931410617e-07 1.700957531119525 0.001047554435744521 1.125603510393355 0.0012317824780429536
59866.339059802835 2.8266815504585576 0.000648009827410371 0.32410236557460653 0.00019951875290704352 0.0008669326646886582 5.336873237762427e-07 1.7022183065893202 0.001047892609805901 1.1244632438692375 0.0012320696644696034
59866.3390913408 2.8273226477417364 0.0006480843195705125 0.324131761367742 0.00019955341814460764 0.0008670112947018284 5.337800488840037e-07 1.7023726962591494 0.0010480746751292418 1.124949951482587 0.0012322636933385807
59866.33912287876 2.827367099402244 0.0006481252409252416 0.3240231027025406 0.00019952046992207962 0.0008667206465728102 5.336919165733916e-07 1.7018020099923352 0.001047901627742015 1.1255650894099087 0.0012321380398919461
59866.339154416724 2.8270182329722005 0.0006481223358968947 0.32397195780496735 0.00019950319522911788 0.0008665838404675546 5.336457089637234e-07 1.7015333918328117 0.001047810899312594 1.1254848411393887 0.0012320593504400322
59866.33918595469 2.8272400856240196 0.0006480630872427289 0.3240144120863312 0.0001995234589159235 0.000866697400278218 5.336999117523013e-07 1.7017563659996386 0.001047917326239094 1.125483719624381 0.0012321186986969514
59866.33921749265 2.826219200838307 0.0006480064841704301 0.32387136207332745 0.00019949726188929717 0.0008663147596617658 5.336298380332779e-07 1.7010050529061316 0.0010477797368135357 1.1252141479321753 0.001231971907311187
59866.339249030614 2.827463292300698 0.0006481181141070689 0.324061767767299 0.00019953386510104823 0.0008668240707103105 5.33727746975853e-07 1.7020050828114444 0.0010479719805727324 1.1254582094892538 0.0012321941250871304
59866.33928056858 2.8266807508052265 0.0006480254853290268 0.32418405488979574 0.0001995433085951277 0.0008671511732316861 5.33753007123127e-07 1.7026473471102719 0.0010480215787559226 1.1240334036949546 0.0012321875909024475
59866.33931210654 2.827516929757948 0.0006481225620137009 0.32411597744041226 0.00019953728572613758 0.0008669690747008883 5.337368967135242e-07 1.702289797481157 0.0010479899460406387 1.125227132276791 0.0012322117441387515
59866.339343644504 2.8274471830508414 0.0006481018116338666 0.32396536554462874 0.0001995031287861268 0.0008665662070084111 5.33645531237161e-07 1.7014987686167478 0.0010478105503473048 1.1259484144340937 0.0012320482570346916
59866.33937518246 2.82653528881277 0.0006479902373720812 0.3242202357316644 0.0001995565304847876 0.0008672479523884697 5.337883739986966e-07 1.7028373725402544 0.0010480910214537163 1.1236979162725156 0.001232228118889283
59866.33940672043 2.8280928000920875 0.0006481597114524023 0.32395451182367385 0.00019950137975827383 0.0008665371746833538 5.336408528097929e-07 1.7014417637797998 0.0010478013642766485 1.1266510363122877 0.0012320709032073063
59866.339438258394 2.8275603184033073 0.0006481784617009098 0.3238864948106005 0.0001995009231782516 0.0008663552378120097 5.336396315162222e-07 1.70108453156828 0.00104779896627233 1.1264757868350272 0.0012320787279773648
59866.33946979635 2.8266515658847773 0.0006480092025480862 0.32386214364642496 0.00019950381760566337 0.0008662901015406051 5.336473737419366e-07 1.7009566367984505 0.0010478141680969717 1.1256949290863267 0.0012320026207162692
59866.33950133432 2.826991310921449 0.0006480748854250644 0.3239218363628916 0.00019950157189128223 0.0008664497719757689 5.336413667411881e-07 1.701270148964767 0.0010478023733785833 1.125721161956682 0.00123202713881493
59866.33953287228 2.8257283126572927 0.0006479109826824461 0.324057403742777 0.00019952075617004923 0.0008668123974989751 5.336926822503549e-07 1.701982162514585 0.0010479031311452166 1.1237461501427077 0.0012320266286669627
59866.33956441024 2.826609937417851 0.000648000302112051 0.32399899524592485 0.00019952308780550403 0.0008666561621881755 5.336989190790628e-07 1.7016753951991852 0.0010479153771297482 1.1249345422186656 0.0012320840187106932
59866.33959594821 2.827080510642102 0.0006480713650541552 0.32386018296543073 0.0001994997327334103 0.0008662848569679655 5.336364472274664e-07 1.7009463391041533 0.0010477927139359786 1.1261341715379487 0.0012320170719517158
59866.339627486166 2.827791486482803 0.0006481682619734656 0.3240098614240025 0.00019953398099347084 0.0008666852278344541 5.337280569733644e-07 1.7017324654621981 0.0010479725892514227 1.1260590210206047 0.0012322210206176627
59866.33965902413 2.8264702405372497 0.0006480158525157388 0.324220652284702 0.00019955322618432322 0.0008672490666149401 5.337795354146232e-07 1.7028395603188131 0.0010480736669344708 1.1236306802184366 0.0012322268283206496
59866.3396905621 2.826336661019642 0.0006479914810412813 0.3241420129962367 0.00019954023295963496 0.0008670387165060244 5.337447801888108e-07 1.702426538845781 0.001048005425208167 1.123910122173861 0.0012321559685233943
59866.339722100056 2.82747789187539 0.000648127659835213 0.3239302674253432 0.00019950026711920344 0.0008664723239970242 5.336378766415923e-07 1.7013144297549538 0.0010477955205840518 1.1261634621204362 0.0012320490722367652
59866.33975363802 2.827359828896813 0.0006480615246232293 0.3241172315418782 0.0001995216059628114 0.0008669724292630302 5.336949553380642e-07 1.7022963841485201 0.001047907594342497 1.1250634447482928 0.0012321095998236778
59866.33978517599 2.827675057015594 0.000648097054374265 0.32404897896121704 0.00019951970494646717 0.0008667898622783074 5.336898703607854e-07 1.7019379147122744 0.0010478976100129578 1.1257371423033198 0.0012321197965130938
59866.339816713946 2.8266169678516135 0.0006480543891640414 0.3241169772995285 0.0001995520483052793 0.0008669717491970352 5.337763847377794e-07 1.7022950488420614 0.0010480674805949542 1.1243219190095521 0.0012322418330812477
59866.33984825191 2.8266112212729384 0.0006480164082099295 0.32411701064943577 0.00019954717355555982 0.0008669718384038015 5.337633454014065e-07 1.7022952239991376 0.0010480418779178562 1.1243159972738008 0.0012322000824455761
59866.33987978987 2.8268135434927117 0.0006480501901728052 0.324239285536297 0.00019955379457557747 0.000867298908196406 5.337810557890388e-07 1.7029374240351733 0.0010480766521826549 1.1238761194575384 0.001232247425573862
59866.339911327836 2.825614571283803 0.0006479566822553414 0.3235953100681218 0.00019944141152135352 0.0008655763556083387 5.334804453924084e-07 1.6995551999376146 0.0010474864050491256 1.1260593713461882 0.0012316962413038736
59866.3399428658 2.8270914258000253 0.0006480221572205479 0.3241899330983803 0.00019954371244210745 0.0008671668966930769 5.337540873625066e-07 1.7026782200545185 0.0010480236998009847 1.1244132057455067 0.0012321876446358797
59866.33997440376 2.8269850246947166 0.0006480540233021375 0.32392021393960235 0.00019951506715019962 0.0008664454321995291 5.336774648448017e-07 1.7012616278340462 0.001047873251839284 1.1257233968606704 0.0012320764461015894
59866.340005941725 2.8273478264020095 0.0006476234003721678 0.3239627448596147 0.00019932648016684462 0.0008665591970088435 5.331730186161674e-07 1.7014850045147831 0.0010468827739855285 1.1258628218872264 0.0012310075593501627
59866.34003747969 2.82675065790497 0.0006475396453838146 0.3240810009044278 0.00019934141537668115 0.0008668755169093899 5.33212968405606e-07 1.7021060971871211 0.0010469612152136615 1.124644560717849 0.0012310302102326585
59866.34006901765 2.8280620533430114 0.000647680702101347 0.3240750382589664 0.00019933111032492958 0.0008668595675900774 5.331854037009829e-07 1.7020747807718823 0.0010469070920426976 1.125987272571129 0.001231058386610396
59866.340100555615 2.826395497285704 0.0006475651573676894 0.32388823492241414 0.00019929815903658952 0.0008663598923901051 5.330972631897129e-07 1.7010936708109987 0.0010467340285535164 1.1253018264747052 0.0012308504212813652
59866.34013209357 2.8258370100929517 0.0006474727713101042 0.3240246956484498 0.00019935921362684075 0.0008667249075008024 5.332605764642832e-07 1.7018103763048837 0.0010470546934182813 1.124026633788068 0.0012310745390094126
59866.34016363154 2.8270272552589946 0.0006475712802102414 0.32406996877883193 0.00019934312031548814 0.0008668460073745764 5.332175289003759e-07 1.702048155351008 0.0010469701697242025 1.1249790999079865 0.00123105446640084
