HD189733b/Results/ROEBA_Results/25512_radii/HD189733b_nrca1_level3_asn_phot.ecsv
# %ECSV 0.9
# ---
# datatype:
# - {name: MJD, datatype: float64}
# - {name: aperture_sum, unit: Jy, datatype: float64}
# - {name: aperture_sum_err, unit: Jy, datatype: float64}
# - {name: annulus_sum, unit: Jy, datatype: float64}
# - {name: annulus_sum_err, unit: Jy, datatype: float64}
# - {name: annulus_mean, unit: Jy, datatype: float64}
# - {name: annulus_mean_err, unit: Jy, datatype: float64}
# - {name: aperture_bkg, unit: Jy, datatype: float64}
# - {name: aperture_bkg_err, unit: Jy, datatype: float64}
# - {name: net_aperture_sum, unit: Jy, datatype: float64}
# - {name: net_aperture_sum_err, unit: Jy, datatype: float64}
# meta: !!omap
# - {instrument: NIRCAM}
# - {detector: NRCA1}
# - {channel: SHORT}
# - {subarray: SUBGRISM64}
# - {filter: WLP4}
# - {pupil: CLEAR}
# - {target_name: UNKNOWN}
# - {xcenter: 1981.2}
# - {ycenter: 29.2}
# - ra_icrs: !numpy.ndarray
#     buffer: !!binary |
#       TW93WjUrbkNja0E9
#     dtype: float64
#     order: C
#     shape: !!python/tuple []
# - dec_icrs: !numpy.ndarray
#     buffer: !!binary |
#       U1ZQa09iSzFOa0E9
#     dtype: float64
#     order: C
#     shape: !!python/tuple []
# - {apertures: Photometry measured in a circular aperture of r=25.0 pixels.  Background calculated as the mean in a circular annulus
#     with r_inner=5.0 pixels and r_outer=12.0 pixels.}
# - {number_of_integrations: 7350}
# - __serialized_columns__:
#     annulus_mean:
#       __class__: astropy.units.quantity.Quantity
#       unit: &id001 !astropy.units.Unit {unit: Jy}
#       value: !astropy.table.SerializedColumn {name: annulus_mean}
#     annulus_mean_err:
#       __class__: astropy.units.quantity.Quantity
#       unit: *id001
#       value: !astropy.table.SerializedColumn {name: annulus_mean_err}
#     annulus_sum:
#       __class__: astropy.units.quantity.Quantity
#       unit: *id001
#       value: !astropy.table.SerializedColumn {name: annulus_sum}
#     annulus_sum_err:
#       __class__: astropy.units.quantity.Quantity
#       unit: *id001
#       value: !astropy.table.SerializedColumn {name: annulus_sum_err}
#     aperture_bkg:
#       __class__: astropy.units.quantity.Quantity
#       unit: *id001
#       value: !astropy.table.SerializedColumn {name: aperture_bkg}
#     aperture_bkg_err:
#       __class__: astropy.units.quantity.Quantity
#       unit: *id001
#       value: !astropy.table.SerializedColumn {name: aperture_bkg_err}
#     aperture_sum:
#       __class__: astropy.units.quantity.Quantity
#       unit: *id001
#       value: !astropy.table.SerializedColumn {name: aperture_sum}
#     aperture_sum_err:
#       __class__: astropy.units.quantity.Quantity
#       unit: *id001
#       value: !astropy.table.SerializedColumn {name: aperture_sum_err}
#     net_aperture_sum:
#       __class__: astropy.units.quantity.Quantity
#       unit: *id001
#       value: !astropy.table.SerializedColumn {name: net_aperture_sum}
#     net_aperture_sum_err:
#       __class__: astropy.units.quantity.Quantity
#       unit: *id001
#       value: !astropy.table.SerializedColumn {name: net_aperture_sum_err}
# schema: astropy-2.0
MJD aperture_sum aperture_sum_err annulus_sum annulus_sum_err annulus_mean annulus_mean_err aperture_bkg aperture_bkg_err net_aperture_sum net_aperture_sum_err
[from data line 6813]
59866.48571133061 2.8274298462033443 0.0006481148376074824 0.3243229722783623 0.00019957347468191244 0.0008675227596026405 5.338336975739763e-07 1.7033769552434996 0.0010481800140856746 1.1240528909598446 0.0012323693377618652
59866.48574286858 2.826644990449293 0.0006480292360687141 0.3237268868191603 0.00019947067409416082 0.0008659283067062168 5.335587190581205e-07 1.7002462543023125 0.0010476400950323573 1.1263987361469807 0.001231865114174116
59866.48577440654 2.8280261177627968 0.0006481354113058841 0.3241929611314026 0.00019954967187635353 0.0008671749962968307 5.337700280922258e-07 1.7026941235892996 0.0010480549993505963 1.1253319941734972 0.0012322738303852864
59866.4858059445 2.82765368502172 0.000648117619076382 0.3242733335320024 0.00019956821584843725 0.0008673899822605889 5.338196308623381e-07 1.7031162475420296 0.0010481523941619603 1.1245374374796904 0.0012323473088154523
59866.48583748246 2.8271201103442234 0.0006481198537670934 0.3240901552110561 0.00019952568641158123 0.0008669000035169608 5.337058700202785e-07 1.7021541765286563 0.00104792902527091 1.124965933815567 0.0012321585071947189
59866.48586902043 2.8268716620531347 0.0006481018475883059 0.32414476807250814 0.0001995432348070176 0.000867046085985137 5.337528097493042e-07 1.7024410087841815 0.0010480211912133278 1.1244306532689532 0.001232227423035041
59866.48590055839 2.8268892958746528 0.0006480615831679225 0.32425335948504774 0.00019954562466916267 0.0008673365542218262 5.337592023270134e-07 1.7030113418332342 0.0010480337430103083 1.1238779540414185 0.001232216921676663
59866.48593209635 2.8273233338429233 0.0006480661893073818 0.324238194129988 0.00019957078106126863 0.0008672959888231455 5.338264924808624e-07 1.7029316918591808 0.0010481658669184279 1.1243916419837425 0.001232331720883728
59866.48596363432 2.826578772780413 0.0006480214291170482 0.32423905946686726 0.00019956942565227233 0.0008672983034893938 5.338228669339435e-07 1.7029362366957317 0.0010481587481736992 1.1236425360846813 0.0012323021277137996
59866.48599517228 2.825578463594415 0.0006479101136559756 0.32401080103555835 0.0001995169911545287 0.0008666877411760289 5.336826113120202e-07 1.7017374003968402 0.0010478833569040375 1.1238410631975748 0.0012320093526650574
59866.48602671024 2.8275025824442253 0.0006480997709726208 0.3239225712213209 0.0001994832761734987 0.0008664517376287352 5.335924280197988e-07 1.7012740085153408 0.0010477062824238378 1.1262285739288844 0.001231958508783937
59866.48605824821 2.827183311531863 0.0006480841329612659 0.3239921028536918 0.00019949171836144655 0.0008666377259143332 5.336150098003435e-07 1.7016391956601462 0.001047750621646253 1.125544115871717 0.0012319879904269624
59866.486089786165 2.8271051520611996 0.0006480554198282558 0.32430962585601586 0.00019956989793695867 0.0008674870596179509 5.338241302354962e-07 1.7033068584874784 0.0010481612286604974 1.1237982935737212 0.001232322112288772
59866.48612132413 2.8278780585151417 0.0006481726334946427 0.32404763265019143 0.000199530514535869 0.0008667862610673046 5.337187846395434e-07 1.7019308437510055 0.001047954383066539 1.1259472147641363 0.0012322078362840218
59866.4861528621 2.8273069079463244 0.0006481001801718211 0.3239093352189488 0.00019950634990959168 0.000866416333003453 5.336541473333248e-07 1.70120449169616 0.0010478274680125615 1.1261024162501645 0.0012320617867056678
59866.486184400055 2.827342062179868 0.0006480768398790969 0.3243537829746044 0.00019958268373276953 0.0008676051743019182 5.338583306154064e-07 1.703538776127124 0.0010482283809494198 1.1238032860527443 0.0012323904937216607
59866.48621593802 2.827136425658468 0.0006481031529087173 0.3238163459470467 0.00019949395809258912 0.0008661675985113902 5.336210007966887e-07 1.7007161026630606 0.001047762384940069 1.1264203229954073 0.0012320080000168513
59866.48624747599 2.8256892152418955 0.0006478772207507983 0.32428193073994394 0.00019958481969319732 0.0008674129786999282 5.338640440382692e-07 1.703161400945084 0.0010482395992289777 1.1225278142968116 0.0012322950744685732
59866.486279013945 2.8278155829438143 0.0006481355435135111 0.3242103298972865 0.00019955555786491471 0.0008672214555396176 5.33785772364066e-07 1.7027853460991937 0.0010480859131560647 1.1250302368446206 0.0012323001923726768
59866.48631055191 2.8276086903205075 0.0006481194062030204 0.32417199692653764 0.00019955970018991308 0.0008671189197114146 5.337968525573331e-07 1.7025840174713112 0.0010481076690646697 1.1250246728491964 0.0012323102087742077
59866.48634208987 2.8268235216196844 0.0006480533556379005 0.32407918635946403 0.00019955067711102618 0.0008668706632320713 5.337727169673035e-07 1.7020965670139918 0.0010480602789444654 1.1247269546056926 0.0012322351642664211
59866.486373627835 2.827138917947877 0.000648095702745898 0.32417402634616976 0.0001995490893767065 0.0008671243481511803 5.337684699796515e-07 1.7025946761878665 0.0010480519400037107 1.1245442417600104 0.0012322503434218392
59866.4864051658 2.8267090109312285 0.0006480375623735493 0.3242259511296353 0.00019957696992207503 0.0008672632403521471 5.338430468974918e-07 1.7028673903867402 0.0010481983714394699 1.1238416205444883 0.0012323443139542652
59866.48643670376 2.826522218206729 0.0006480077789474698 0.3240169278343068 0.00019953884633783545 0.0008667041295845355 5.337410711516075e-07 1.7017695789616956 0.0010479981425306484 1.1247526392450333 0.0012321583454751755
59866.486468241725 2.8268512591741186 0.0006480381718291173 0.32435638525362176 0.0001995709728657821 0.0008676121350677824 5.338270055335755e-07 1.7035524435589378 0.0010481668742950742 1.1232988156151809 0.001232317843949819
59866.48649977969 2.8262402052644697 0.0006479929976050121 0.32370168279109107 0.00019947894118049487 0.0008658608891322162 5.335808324640874e-07 1.7001138802053104 0.0010476835146034395 1.1261263250591593 0.001231882978093676
59866.48653131765 2.8264505391357146 0.0006480819788739147 0.32358946888631596 0.00019944673581495545 0.0008655607311888782 5.334946872015718e-07 1.6995245214617436 0.0010475143687760267 1.126926017673971 0.0012317859408733998
59866.486562855614 2.8274075603768383 0.0006481456707729957 0.3238223078803817 0.00019947546799876042 0.0008661835459258548 5.335715421440657e-07 1.7007474153381392 0.0010476652731027333 1.126660145038699 0.0012319477809579434
59866.48659439357 2.8264148127707505 0.0006479897587482528 0.3240383722733265 0.00019953458141852305 0.0008667614907353224 5.337296630341209e-07 1.7018822073178914 0.0010479757427443437 1.124532605452859 0.0012321298165466079
59866.48662593154 2.8272666427074267 0.0006481089567521431 0.3240231364525574 0.00019954043963365734 0.0008667207368498188 5.337453330155716e-07 1.7018021872508269 0.0010480065106809734 1.1254644554565998 0.001232218676311985
59866.486657469504 2.828610776168815 0.000648233553033043 0.32407705523908364 0.000199532610464387 0.0008668649627557207 5.337243909821317e-07 1.7020853741548512 0.0010479653910944696 1.1265254020139637 0.0012322492443534415
59866.48668900746 2.8273020238921314 0.0006480768168249354 0.32419356823205925 0.000199547213361521 0.0008671766202139812 5.337634518772971e-07 1.7026973121431683 0.0010480420869827785 1.124604711748963 0.0012322320303389126
59866.48672054543 2.8274666108004265 0.00064811603826838 0.3240393408433294 0.00019950334160934903 0.0008667640815370651 5.336461005122505e-07 1.7018872943452177 0.001047811668116329 1.1255793164552088 0.0012320566914316175
59866.486752083394 2.825749937991334 0.000647957334461116 0.32399537294553776 0.000199539569609946 0.000866646472994697 5.337430058126428e-07 1.7016563705122782 0.001048001941228708 1.1240935674790558 0.0012321350478340818
59866.48678362135 2.8283013681666533 0.0006482005315615816 0.32403256690832294 0.00019952285916018174 0.000866745962121259 5.336983074818652e-07 1.7018517169554779 0.0010479141762614588 1.1264496512111755 0.0012321883175580137
59866.48681515932 2.827082642810176 0.0006480697013586907 0.3240588145573417 0.00019953921876879425 0.0008668161712487528 5.33742067357121e-07 1.701989572254946 0.0010480000985756 1.12509307055523 0.0012321925760341238
59866.48684669728 2.827546365293176 0.0006480801716110836 0.32424002756299264 0.0001995634476954855 0.0008673008930235744 5.338068766587803e-07 1.7029413212342053 0.0010481273513418357 1.1246050440589708 0.0012323063147879683
59866.48687823524 2.8268698894523974 0.0006480550176002659 0.323796444146839 0.0001994796494358224 0.0008661143637234997 5.335827269571354e-07 1.7006115764014655 0.0010476872344318405 1.1262583130509318 0.001231918766408045
59866.48690977321 2.8266660887576984 0.0006480591273301381 0.32423968127670444 0.00019956241356131784 0.0008672999667517341 5.338041104812239e-07 1.7029395025036997 0.0010481219199649046 1.1237265862539987 0.0012322906279067522
59866.48694131117 2.8272692471735343 0.0006481281308709959 0.32380988936972077 0.0001994738983039024 0.0008661503279870729 5.335673434096825e-07 1.7006821920678614 0.0010476570289070506 1.126587055105673 0.0012319315420284845
59866.48697284913 2.8267155681429106 0.0006480328211353212 0.3242932008011875 0.00019956662638748567 0.0008674431246823796 5.338153792561651e-07 1.7032205924432118 0.0010481440461527609 1.1234949756996988 0.0012322956133793887
59866.4870043871 2.8268043668453893 0.0006480527286648255 0.32377797833879485 0.00019947469740721972 0.0008660649700322658 5.335694809095647e-07 1.7005145921155191 0.001047661225878255 1.1262897747298701 0.0012318954433468182
59866.487035925056 2.8266386382679323 0.0006479989585347222 0.3239389342569428 0.00019949569508871366 0.0008664955066708061 5.336256470407114e-07 1.7013599488284814 0.0010477715078188743 1.1252786894394509 0.0012319609502168167
59866.48706746302 2.8269432120283886 0.0006480506343368561 0.32380324320712434 0.00019946259237495605 0.0008661325503462356 5.335371014856815e-07 1.7006472857517034 0.0010475976490281304 1.1262959262766852 0.0012318402732958797
59866.48709900098 2.8263413961541266 0.0006480109398814644 0.323633274722382 0.00019946166808677954 0.0008656779062367133 5.335346291322002e-07 1.6997545941301577 0.001047592794573422 1.1265868020239689 0.001231815262711179
59866.487130538946 2.8268675719264844 0.0006480880835780717 0.3237602814148992 0.00019950186874835913 0.0008660176330084758 5.336421607961659e-07 1.7004216460866557 0.0010478039325018862 1.1264459258398287 0.0012320354073817501
59866.48716207691 2.8279421500686084 0.0006481723248676395 0.32432551459190617 0.00019958153795534365 0.000867529559968479 5.338552658063138e-07 1.7033903077305999 0.0010482223632108385 1.1245518423380085 0.0012324355907955742
59866.48719361487 2.826131758099436 0.0006479795386082134 0.32364681175665166 0.00019946000355976212 0.0008657141160840885 5.335301767338351e-07 1.6998256919992212 0.001047584052309675 1.1263060661002147 0.0012317913090732833
59866.487225152836 2.8267912048239037 0.0006480517831605683 0.323944533853658 0.00019949037884588712 0.000866510484880832 5.336114267663497e-07 1.7013893584750945 0.0010477435863754576 1.1254018463488091 0.0012319649899443159
59866.4872566908 2.8265633191059227 0.0006480024271395285 0.3237618953569038 0.0001994862670381011 0.0008660219500983563 5.336004282027499e-07 1.7004301226728142 0.0010477219907463293 1.1261331964331085 0.0012319206611921772
59866.48728822876 2.825997943513368 0.0006479710036879674 0.32406830375515816 0.00019953549604467474 0.0008668415536477185 5.337321095429129e-07 1.702039410478772 0.0010479805464531239 1.123958533034596 0.001232124038952483
59866.487319766726 2.8268422401546904 0.0006480298583233087 0.3243597041439475 0.00019958661582945768 0.0008676210126778819 5.33868848474644e-07 1.7035698747056067 0.00104824903271774 1.1232723654490837 0.0012323833542661167
59866.487351304684 2.8272833608678685 0.0006480736980274101 0.3240918784129759 0.0001995181245185563 0.0008669046128632376 5.336856429168491e-07 1.7021632269589069 0.0010478893094461991 1.1251201339089616 0.0012321004516379964
59866.48738284265 2.8263005549327 0.0006480387411442885 0.3239237051915336 0.00019950634815258162 0.0008664547708550322 5.33654142633546e-07 1.701279964241248 0.0010478274587845673 1.125020590691452 0.0012320294612576431
59866.487414380616 2.8275044118385884 0.0006481555609858338 0.32413092059350734 0.00019956497125109293 0.0008670090457375346 5.338109519765282e-07 1.7023682804280849 0.0010481353532095217 1.1251361314105035 0.001232352770064039
59866.487445918574 2.826936241223186 0.0006480341659191548 0.32395941769275277 0.0001995123933497835 0.0008665502972600609 5.336703127682795e-07 1.7014675298989117 0.0010478592087698713 1.1254687113242745 0.001232054057905884
59866.48747745654 2.8285277069471397 0.0006482108948454781 0.3243844101612676 0.00019960245251142542 0.0008676870981363797 5.339112095875405e-07 1.7036996331999352 0.001048332208568411 1.1248280737472045 0.0012325493027535643
59866.487508994505 2.827162514225689 0.0006480640677246047 0.3242994885014416 0.00019958399264675906 0.0008674599434819782 5.338618317940874e-07 1.703253616079 0.0010482352554976842 1.1239088981466892 0.001232389624568487
59866.487540532464 2.827275958206606 0.0006480768890459663 0.32430419546967665 0.0001995740851520146 0.0008674725340241898 5.338353305039657e-07 1.703278337550823 0.0010481832203362111 1.123997620655783 0.001232352107763803
59866.48757207043 2.827040126818477 0.0006480587723954931 0.32401185324101306 0.00019952754458904125 0.0008666905556919829 5.337108404089828e-07 1.7017429266859931 0.0010479387846063092 1.1252972001324837 0.0012321346796356728
59866.48760360839 2.826744320632503 0.000648041756819968 0.32400507201046164 0.00019951953388773076 0.0008666724167615207 5.336894128003912e-07 1.7017073109793155 0.0010478967115952246 1.1250370096531874 0.0012320899466980468
59866.48763514635 2.8278166291653957 0.0006481393909677789 0.32380615968833426 0.0001995098836124352 0.0008661403515630591 5.336635995396268e-07 1.700662603405117 0.0010478460273762355 1.1271540257602786 0.0012320981970655755
59866.48766668432 2.82663284043872 0.0006480164062431552 0.3242350902116633 0.00019958286998036424 0.0008672876862358458 5.338588288040675e-07 1.7029153897671392 0.0010482293591405685 1.1237174506715808 0.001232359546611516
59866.48769822228 2.8271203603237787 0.000648058796469782 0.3242656277011472 0.00019956940777121577 0.0008673693701417446 5.338228191043883e-07 1.7030757757413193 0.001048158654260587 1.1240445845824594 0.0012323216983333642
59866.48772976024 2.8272744244232575 0.0006480740058413729 0.32410530938108584 0.00019953021776174384 0.0008669405389971068 5.337179908064509e-07 1.7022337677578039 0.0010479528243789067 1.1250406566654536 0.0012321546328164382
59866.48776129821 2.8269742171762737 0.0006480462690425756 0.324065380862278 0.0001995358792177358 0.0008668337352804916 5.337331344821857e-07 1.70202405915062 0.0010479825589166797 1.1249501580256538 0.001232165334122639
59866.48779283617 2.8276585030755745 0.0006480745535031605 0.3244754952490702 0.0001995970369652669 0.0008679307391778207 5.338967236893779e-07 1.7041780212661253 0.001048303765573881 1.1234804818094493 0.001232453411620374
59866.48782437413 2.8263844293066063 0.0006480151517888106 0.32395654317918143 0.00019952408352319525 0.0008665426083013405 5.337015824974238e-07 1.701452432663768 0.0010479206067394709 1.1249319966428382 0.001232096276667167
59866.48785591209 2.8287186743769874 0.0006482424779139993 0.3240725717634808 0.00019954277476458838 0.0008668529700279153 5.337515791942345e-07 1.7020618264888698 0.0010480187750240987 1.1266568478881176 0.0012322993398420263
