Original_Data_Set_NRCA3_DataChallengeSimulation/Results/345_radii/DataChallengeSimulation_nrca3_level3_asn_phot.ecsv
# %ECSV 0.9
# ---
# datatype:
# - {name: MJD, datatype: float64}
# - {name: aperture_sum, unit: Jy, datatype: float64}
# - {name: aperture_sum_err, unit: Jy, datatype: float64}
# - {name: annulus_sum, unit: Jy, datatype: float64}
# - {name: annulus_sum_err, unit: Jy, datatype: float64}
# - {name: annulus_mean, unit: Jy, datatype: float64}
# - {name: annulus_mean_err, unit: Jy, datatype: float64}
# - {name: aperture_bkg, unit: Jy, datatype: float64}
# - {name: aperture_bkg_err, unit: Jy, datatype: float64}
# - {name: net_aperture_sum, unit: Jy, datatype: float64}
# - {name: net_aperture_sum_err, unit: Jy, datatype: float64}
# meta: !!omap
# - {instrument: NIRCAM}
# - {detector: NRCA3}
# - {channel: SHORT}
# - {subarray: SUBGRISM64}
# - {filter: WLP4}
# - {pupil: CLEAR}
# - {target_name: UNKNOWN}
# - {xcenter: 1054.0}
# - {ycenter: 22.0}
# - ra_icrs: !numpy.ndarray
#     buffer: !!binary |
#       RjByVEdwN3haVUE9
#     dtype: float64
#     order: C
#     shape: !!python/tuple []
# - dec_icrs: !numpy.ndarray
#     buffer: !!binary |
#       Wkg2dmxQdXpPa0E9
#     dtype: float64
#     order: C
#     shape: !!python/tuple []
# - {apertures: Photometry measured in a circular aperture of r=3.0 pixels.  Background calculated as the mean in a circular annulus with
#     r_inner=4.0 pixels and r_outer=5.0 pixels.}
# - {number_of_integrations: 2350}
# - __serialized_columns__:
#     annulus_mean:
#       __class__: astropy.units.quantity.Quantity
#       unit: &id001 !astropy.units.Unit {unit: Jy}
#       value: !astropy.table.SerializedColumn {name: annulus_mean}
#     annulus_mean_err:
#       __class__: astropy.units.quantity.Quantity
#       unit: *id001
#       value: !astropy.table.SerializedColumn {name: annulus_mean_err}
#     annulus_sum:
#       __class__: astropy.units.quantity.Quantity
#       unit: *id001
#       value: !astropy.table.SerializedColumn {name: annulus_sum}
#     annulus_sum_err:
#       __class__: astropy.units.quantity.Quantity
#       unit: *id001
#       value: !astropy.table.SerializedColumn {name: annulus_sum_err}
#     aperture_bkg:
#       __class__: astropy.units.quantity.Quantity
#       unit: *id001
#       value: !astropy.table.SerializedColumn {name: aperture_bkg}
#     aperture_bkg_err:
#       __class__: astropy.units.quantity.Quantity
#       unit: *id001
#       value: !astropy.table.SerializedColumn {name: aperture_bkg_err}
#     aperture_sum:
#       __class__: astropy.units.quantity.Quantity
#       unit: *id001
#       value: !astropy.table.SerializedColumn {name: aperture_sum}
#     aperture_sum_err:
#       __class__: astropy.units.quantity.Quantity
#       unit: *id001
#       value: !astropy.table.SerializedColumn {name: aperture_sum_err}
#     net_aperture_sum:
#       __class__: astropy.units.quantity.Quantity
#       unit: *id001
#       value: !astropy.table.SerializedColumn {name: net_aperture_sum}
#     net_aperture_sum_err:
#       __class__: astropy.units.quantity.Quantity
#       unit: *id001
#       value: !astropy.table.SerializedColumn {name: net_aperture_sum_err}
# schema: astropy-2.0
MJD aperture_sum aperture_sum_err annulus_sum annulus_sum_err annulus_mean annulus_mean_err aperture_bkg aperture_bkg_err net_aperture_sum net_aperture_sum_err
[from data line 204]
59491.95613988889 0.015643650699586824 3.9818991973996594e-05 0.008530494765304673 2.7423728040698008e-05 0.0003017045353150614 9.699159723744237e-07 0.008530494765304673 2.742372804069801e-05 0.007113155934282151 4.83488674270181e-05
59491.956175369094 0.015854294140732125 3.994750867528125e-05 0.008716593121035855 2.752426696065096e-05 0.0003082864182519262 9.734718092818974e-07 0.008716593121035855 2.752426696065096e-05 0.00713770101969627 4.8511737972194445e-05
59491.956210849305 0.01568043466609584 3.9836658381772795e-05 0.008596300167444 2.7468172142054445e-05 0.0003040319253223112 9.7148786091268e-07 0.008596300167444 2.7468172142054445e-05 0.007084134498651841 4.8388633291834194e-05
59491.956246329515 0.01570943822498123 3.9859263083558755e-05 0.008536543575200393 2.7439038014636235e-05 0.0003019184682027785 9.704574519368407e-07 0.008536543575200393 2.7439038014636235e-05 0.007172894649780838 4.839071874577812e-05
59491.956281809726 0.015640306575813983 3.9824514164893526e-05 0.008525239204540744 2.74273649450296e-05 0.00030151865787632825 9.700446015526292e-07 0.008525239204540744 2.74273649450296e-05 0.007115067371273239 4.8355478244948045e-05
59491.95631728993 0.015570827998305116 3.975056769145667e-05 0.00848170092018059 2.741909019191898e-05 0.00029997880606084845 9.697519420280914e-07 0.00848170092018059 2.7419090191918983e-05 0.007089127078124527 4.8289896859960956e-05
59491.95635277014 0.01565244253348972 3.9818799792724376e-05 0.008503211535068656 2.74174532930186e-05 0.0003007395884360444 9.696940485722387e-07 0.008503211535068656 2.7417453293018605e-05 0.007149230998421064 4.834515034631627e-05
59491.95638825035 0.01556883361953409 3.9782124661591474e-05 0.008460645209958048 2.739571039653794e-05 0.00029923411264702 9.689250509162315e-07 0.008460645209958048 2.7395710396537942e-05 0.007108188409576041 4.8302612669724e-05
59491.95642373055 0.015712325339712247 3.985099012118299e-05 0.008571605437325273 2.7450796246714416e-05 0.00030315852790748545 9.708733143273438e-07 0.008571605437325273 2.7450796246714416e-05 0.007140719902386974 4.839057375375141e-05
59491.95645921076 0.01560796465910145 3.97911600031268e-05 0.008445063958726531 2.7400152713829997e-05 0.00029868303861300835 9.690821657508565e-07 0.008445063958726531 2.7400152713829994e-05 0.007162900700374919 4.831257375813923e-05
59491.956494690974 0.015581825976515617 3.977621900103e-05 0.008391689043682904 2.7373169384150485e-05 0.00029679528715382983 9.68127825684285e-07 0.008391689043682904 2.7373169384150488e-05 0.007190136932832714 4.8284966606090695e-05
59491.95653017118 0.01567333443500784 3.984468697114236e-05 0.008544981740689298 2.743606459445579e-05 0.0003022169072579311 9.703522887102613e-07 0.008544981740689298 2.7436064594455787e-05 0.007128352694318541 4.837702678192896e-05
59491.95656565139 0.015698521642517258 3.986752658698297e-05 0.008562820978191363 2.7449281921583484e-05 0.0003028478412200298 9.708197560317802e-07 0.008562820978191363 2.7449281921583484e-05 0.007135700664325895 4.840333412249991e-05
59491.9566011316 0.015597691977148154 3.978152876127855e-05 0.008471554497871502 2.74015107046915e-05 0.0002996199497796953 9.69130194852697e-07 0.008471554497871502 2.74015107046915e-05 0.0071261374792766525 4.8305411906780744e-05
59491.95663661181 0.015532313901970816 3.97410922353427e-05 0.008428586477666302 2.7394335300035674e-05 0.00029810026693291087 9.68876416826106e-07 0.008428586477666302 2.7394335300035674e-05 0.007103727424304514 4.826804345101214e-05
59491.95667209201 0.015658102189566418 3.9821282928091387e-05 0.008493351779292455 2.741648619018026e-05 0.0003003908709094975 9.696598443061942e-07 0.008493351779292455 2.741648619018026e-05 0.007164750410273963 4.83466471335443e-05
59491.95670757222 0.01571829258204771 3.9847757658192106e-05 0.00860853644679336 2.7470515341503147e-05 0.0003044646951764231 9.71570734640438e-07 0.00860853644679336 2.7470515341503147e-05 0.007109756135254351 4.8399101267624456e-05
59491.95674305243 0.015582706885819905 3.977236023899157e-05 0.00835788626416753 2.7354823004087724e-05 0.0002955997583871371 9.674789552232114e-07 0.00835788626416753 2.7354823004087724e-05 0.007224820621652375 4.8271388840234173e-05
59491.956778532636 0.01566234356632065 3.981737970062709e-05 0.008513364317164526 2.7430875482389038e-05 0.0003010986696486428 9.701687614134433e-07 0.008513364317164526 2.7430875482389038e-05 0.007148979249156123 4.835159414077515e-05
59491.95681401285 0.01577287268812759 3.9891259925143605e-05 0.008588896588787845 2.745898012899538e-05 0.00030377007729126743 9.71162759953721e-07 0.008588896588787845 2.7458980128995377e-05 0.007183976099339745 4.842838225813383e-05
59491.95684949306 0.015571063837045453 3.97839803577734e-05 0.00844531683653178 2.7396567685288053e-05 0.0002986919823358313 9.689553713033953e-07 0.00844531683653178 2.7396567685288053e-05 0.007125747000513674 4.8304627252906825e-05
59491.95688497326 0.015629689631937522 3.980792538425597e-05 0.00848448853236505 2.742034639131112e-05 0.00030007739767386627 9.69796370993151e-07 0.00848448853236505 2.742034639131112e-05 0.007145201099572472 4.833783528063684e-05
59491.95692045347 0.015489161273911077 3.973070218015966e-05 0.008359493809391811 2.7358324542994565e-05 0.0002956566136690678 9.676027968288675e-07 0.008359493809391811 2.7358324542994565e-05 0.007129667464519266 4.823905697179789e-05
59491.95695593368 0.01564277154573692 3.9804420496130226e-05 0.008538585524959046 2.744305831333398e-05 0.000301990687402253 9.705996409169412e-07 0.008538585524959046 2.744305831333398e-05 0.007104186020777874 4.834783697976365e-05
59491.95699141389 0.015586479624919705 3.976457898368104e-05 0.008497502855534285 2.7418307919226714e-05 0.00030053768519906163 9.697242747912425e-07 0.008497502855534285 2.7418307919226714e-05 0.00708897676938542 4.830098705930282e-05
59491.957026894095 0.015841149451274246 3.9937058991903614e-05 0.008748289678980052 2.7528060973864177e-05 0.00030940745466877457 9.736059950501284e-07 0.008748289678980052 2.7528060973864173e-05 0.007092859772294194 4.8505286535630046e-05
59491.957062374306 0.015725653090485844 3.987033706608019e-05 0.008623320637817306 2.748433731135233e-05 0.00030498757897221777 9.720595868237191e-07 0.008623320637817306 2.7484337311352332e-05 0.0071023324526685375 4.842553639565639e-05
59491.957097854516 0.0156466411961998 3.9834581427946044e-05 0.008522057291266994 2.7440108274006217e-05 0.0003014061207149934 9.70495304618868e-07 0.008522057291266994 2.744010827400622e-05 0.007124583904932804 4.8370997711736815e-05
59491.95713333472 0.015708808468753402 3.984748654879254e-05 0.008553475270661122 2.7448508312492208e-05 0.0003025173044311122 9.707923952071363e-07 0.008553475270661122 2.7448508312492208e-05 0.00715533319809228 4.838639057459397e-05
59491.95716881493 0.015877786020625496 3.997066551263295e-05 0.008717547518720444 2.7521094860942695e-05 0.00030832017316507684 9.733596192044418e-07 0.008717547518720444 2.7521094860942695e-05 0.007160238501905052 4.8529009508414566e-05
59491.95720429514 0.015735000119625676 3.9867686343182215e-05 0.00859582142146911 2.7463231591115024e-05 0.00030401499314711356 9.713131246674343e-07 0.00859582142146911 2.7463231591115027e-05 0.007139178698156567 4.8411377833992454e-05
59491.95723977534 0.015800311922822472 3.9902979182092754e-05 0.008704389060412349 2.751030342507525e-05 0.00030785478790214304 9.7297795023525e-07 0.008704389060412349 2.751030342507525e-05 0.0070959228624101235 4.8467149102729724e-05
59491.957275255554 0.015615512288637529 3.9791782641412845e-05 0.008460426640199203 2.7392499988150137e-05 0.0002992263823231243 9.688115059463953e-07 0.008460426640199203 2.7392499988150137e-05 0.007155085648438326 4.8308746841356274e-05
59491.957310735765 0.015618797329097302 3.978390956338722e-05 0.008560160986939649 2.7450364623166912e-05 0.0003027537632741872 9.708580487670904e-07 0.008560160986939649 2.745036462316691e-05 0.007058636342157653 4.833510089047696e-05
59491.957346215975 0.015632302304333785 3.981137919574068e-05 0.008416063353101834 2.7377008960623753e-05 0.00029765735200460184 9.682636229231961e-07 0.008416063353101834 2.7377008960623756e-05 0.007216238951231951 4.8316110492227404e-05
59491.95738169618 0.015522499874929575 3.973328903941931e-05 0.0084702680552886 2.7406101713197653e-05 0.00029957445118056805 9.692925685632595e-07 0.0084702680552886 2.740610171319765e-05 0.007052231819640976 4.8268298799565886e-05
59491.95741717639 0.01560524426710884 3.97722396591537e-05 0.008458005030795114 2.7394148917784546e-05 0.0002991407354104802 9.688698249024236e-07 0.008458005030795114 2.739414891778455e-05 0.007147239236313725 4.829358593472755e-05
59491.9574526566 0.015586296112755344 3.9756551000709194e-05 0.008504246847023545 2.7416267908928484e-05 0.00030077620510610283 9.696521241861488e-07 0.008504246847023545 2.7416267908928484e-05 0.007082049265731799 4.8293219954007346e-05
59491.9574881368 0.015694183287859882 3.9850097973079403e-05 0.00858262610207076 2.745981351131253e-05 0.00030354830418979716 9.711922348237788e-07 0.00858262610207076 2.7459813511312533e-05 0.007111557185789123 4.8394954969914884e-05
59491.95752361701 0.015695166975441998 3.984086800970131e-05 0.008529751228899603 2.743327456453305e-05 0.00030167823809412015 9.70253611587244e-07 0.008529751228899603 2.7433274564533052e-05 0.007165415746542395 4.837229906774638e-05
59491.95755909722 0.015756302048381847 3.990058327759118e-05 0.00854267382022597 2.7439934437271687e-05 0.00030213528126904184 9.7048915640207e-07 0.00854267382022597 2.7439934437271687e-05 0.007213628228155878 4.842526765866925e-05
59491.957594577434 0.015602130656512668 3.980584724622956e-05 0.008468630781676069 2.7398878850124525e-05 0.000299516544471984 9.69037112038512e-07 0.008468630781676069 2.7398878850124525e-05 0.007133499874836599 4.832394889942214e-05
59491.95763005764 0.015567609956649537 3.980045187055358e-05 0.008421971259216333 2.7386961466318865e-05 0.0002978663014404786 9.68615620807091e-07 0.008421971259216333 2.738696146631886e-05 0.007145638697433204 4.831274808430882e-05
59491.95766553785 0.015779422106325644 3.9902603861817726e-05 0.008547747008462921 2.7444160287791703e-05 0.0003023147085990744 9.706386152907429e-07 0.008547747008462921 2.7444160287791703e-05 0.007231675097862723 4.842932715674619e-05
59491.95770101806 0.015657090989174716 3.982787173098569e-05 0.008525241864032517 2.7435391310038135e-05 0.00030151875193660865 9.70328476145111e-07 0.008525241864032517 2.7435391310038135e-05 0.0071318491251421996 4.836279626897896e-05
59491.95773649826 0.015626300831824407 3.979755920509342e-05 0.008486233612435626 2.7411740805715737e-05 0.0003001391172559381 9.69492010662994e-07 0.008486233612435626 2.7411740805715737e-05 0.007140067219388781 4.832441673401405e-05
59491.95777197847 0.015659455844430487 3.981215027288783e-05 0.008577383246606554 2.7453645133995836e-05 0.0003033628761091206 9.709740731035993e-07 0.008577383246606554 2.7453645133995836e-05 0.007082072597823933 4.836021030242089e-05
59491.95780745868 0.01556803406551853 3.979923619797514e-05 0.008412358064052314 2.737124631759685e-05 0.000297526304211754 9.680598111180837e-07 0.008412358064052314 2.737124631759685e-05 0.007155676001466216 4.8302839739716896e-05
59491.957842938886 0.015728349408563436 3.986268817268026e-05 0.008567210976799822 2.745328114988199e-05 0.0003030031056597415 9.70961199798949e-07 0.008567210976799822 2.7453281149881987e-05 0.007161138431763614 4.8401617268917864e-05
59491.957878419096 0.01555316794261579 3.975151957122888e-05 0.008437837579320494 2.7382701607808706e-05 0.0002984274577234243 9.684649591318102e-07 0.008437837579320494 2.7382701607808706e-05 0.007115330363295296 4.827002854322838e-05
59491.95791389931 0.015729694006408373 3.986958719291137e-05 0.008577128294956791 2.7451001751342674e-05 0.0003033538590390519 9.708805825667694e-07 0.008577128294956791 2.745100175134267e-05 0.007152565711451581 4.840600665294939e-05
59491.95794937952 0.015731472700889728 3.987634245244387e-05 0.008579002496121878 2.745269955003251e-05 0.00030342014534566795 9.709406299120722e-07 0.008579002496121878 2.745269955003251e-05 0.0071524702047678496 4.841253350082944e-05
59491.95798485972 0.015716353158389866 3.983378103409583e-05 0.008598648066891685 2.747272106520148e-05 0.00030411496527852933 9.716487461581457e-07 0.008598648066891685 2.7472721065201475e-05 0.007117705091498181 4.838884700216215e-05
59491.95802033993 0.015729545497645495 3.988325189157698e-05 0.008529097124632838 2.7436020595543913e-05 0.0003016551038880417 9.7035073256708e-07 0.008529097124632838 2.7436020595543913e-05 0.007200448373012657 4.840876994477435e-05
59491.95805582014 0.015677410532406084 3.983881593271797e-05 0.00850731963308917 2.7421053930299327e-05 0.0003008848826819713 9.698213950659072e-07 0.00850731963308917 2.7421053930299327e-05 0.007170090899316913 4.8363679073963833e-05
59491.958091300345 0.015628745685374975 3.981554924659333e-05 0.008530747385990814 2.743988545758418e-05 0.0003017134699441562 9.704874240999859e-07 0.008530747385990814 2.7439885457584176e-05 0.007097998299384161 4.835519905587442e-05
59491.958126780555 0.015682901815676723 3.983739169283839e-05 0.008539475363142382 2.7443429721204304e-05 0.00030202215899012623 9.706127767832667e-07 0.008539475363142382 2.7443429721204304e-05 0.007143426452534341 4.837519624509351e-05
59491.958162260766 0.015701308242362818 3.9832344068901124e-05 0.008540183380676034 2.744423033279695e-05 0.0003020471999879655 9.70641092626037e-07 0.008540183380676034 2.744423033279695e-05 0.007161124861686784 4.8371493801441924e-05
59491.95819774097 0.015577960486099407 3.97747636717759e-05 0.008457154429419904 2.7407476359373822e-05 0.0002991106515408212 9.693411867263573e-07 0.008457154429419904 2.7407476359373825e-05 0.0071208060566795035 4.830322541544466e-05
59491.95823322118 0.015736212239576487 3.987247253973465e-05 0.008614896054848218 2.7477268710205686e-05 0.000304689620300436 9.718095861985562e-07 0.008614896054848218 2.747726871020569e-05 0.007121316184728268 4.842328326543691e-05
59491.95826870139 0.01575986784152245 3.987157396466265e-05 0.008563661462308124 2.7451800806660383e-05 0.00030287756726486817 9.709088433675732e-07 0.008563661462308124 2.745180080666038e-05 0.007196206379214325 4.8408096202475505e-05
59491.9583041816 0.015702492357452094 3.9825289020422076e-05 0.00856207690351968 2.7441192289027434e-05 0.00030282152496180134 9.705336438075375e-07 0.00856207690351968 2.7441192289027437e-05 0.007140415453932415 4.836396054712155e-05
59491.9583396618 0.015522695460414647 3.97387743008597e-05 0.0084109370298488 2.7377444747955294e-05 0.00029747604540780026 9.682790357471853e-07 0.0084109370298488 2.7377444747955294e-05 0.007111758430565846 4.8256550476199725e-05
59491.958375142014 0.015659732246305083 3.982665653098615e-05 0.008566386979333797 2.744544476087224e-05 0.00030297396271089413 9.70684044232973e-07 0.008566386979333797 2.744544476087224e-05 0.007093345266971286 4.836749950699572e-05
59491.958410622225 0.015558070665416973 3.975373617598967e-05 0.008490749324791408 2.7416210436432484e-05 0.00030029882790993896 9.696500915124087e-07 0.008490749324791408 2.7416210436432484e-05 0.007067321340625566 4.8290870096167655e-05
59491.95844610243 0.015642500815997915 3.9818069888195475e-05 0.008455358463968176 2.739606505264321e-05 0.0002990471322565401 9.68937594310065e-07 0.008455358463968176 2.739606505264321e-05 0.007187142352029739 4.833242255453246e-05
59491.95848158264 0.01564491690018604 3.9819420756234954e-05 0.008559103290086939 2.745032355056574e-05 0.0003027163549003202 9.70856596120979e-07 0.008559103290086939 2.7450323550565744e-05 0.0070858136100990995 4.8364310523285856e-05
