Original_Data_Set_NRCA3_DataChallengeSimulation/Results/345_radii/DataChallengeSimulation_nrca3_level3_asn_phot.ecsv
# %ECSV 0.9
# ---
# datatype:
# - {name: MJD, datatype: float64}
# - {name: aperture_sum, unit: Jy, datatype: float64}
# - {name: aperture_sum_err, unit: Jy, datatype: float64}
# - {name: annulus_sum, unit: Jy, datatype: float64}
# - {name: annulus_sum_err, unit: Jy, datatype: float64}
# - {name: annulus_mean, unit: Jy, datatype: float64}
# - {name: annulus_mean_err, unit: Jy, datatype: float64}
# - {name: aperture_bkg, unit: Jy, datatype: float64}
# - {name: aperture_bkg_err, unit: Jy, datatype: float64}
# - {name: net_aperture_sum, unit: Jy, datatype: float64}
# - {name: net_aperture_sum_err, unit: Jy, datatype: float64}
# meta: !!omap
# - {instrument: NIRCAM}
# - {detector: NRCA3}
# - {channel: SHORT}
# - {subarray: SUBGRISM64}
# - {filter: WLP4}
# - {pupil: CLEAR}
# - {target_name: UNKNOWN}
# - {xcenter: 1054.0}
# - {ycenter: 22.0}
# - ra_icrs: !numpy.ndarray
#     buffer: !!binary |
#       RjByVEdwN3haVUE9
#     dtype: float64
#     order: C
#     shape: !!python/tuple []
# - dec_icrs: !numpy.ndarray
#     buffer: !!binary |
#       Wkg2dmxQdXpPa0E9
#     dtype: float64
#     order: C
#     shape: !!python/tuple []
# - {apertures: Photometry measured in a circular aperture of r=3.0 pixels.  Background calculated as the mean in a circular annulus with
#     r_inner=4.0 pixels and r_outer=5.0 pixels.}
# - {number_of_integrations: 2350}
# - __serialized_columns__:
#     annulus_mean:
#       __class__: astropy.units.quantity.Quantity
#       unit: &id001 !astropy.units.Unit {unit: Jy}
#       value: !astropy.table.SerializedColumn {name: annulus_mean}
#     annulus_mean_err:
#       __class__: astropy.units.quantity.Quantity
#       unit: *id001
#       value: !astropy.table.SerializedColumn {name: annulus_mean_err}
#     annulus_sum:
#       __class__: astropy.units.quantity.Quantity
#       unit: *id001
#       value: !astropy.table.SerializedColumn {name: annulus_sum}
#     annulus_sum_err:
#       __class__: astropy.units.quantity.Quantity
#       unit: *id001
#       value: !astropy.table.SerializedColumn {name: annulus_sum_err}
#     aperture_bkg:
#       __class__: astropy.units.quantity.Quantity
#       unit: *id001
#       value: !astropy.table.SerializedColumn {name: aperture_bkg}
#     aperture_bkg_err:
#       __class__: astropy.units.quantity.Quantity
#       unit: *id001
#       value: !astropy.table.SerializedColumn {name: aperture_bkg_err}
#     aperture_sum:
#       __class__: astropy.units.quantity.Quantity
#       unit: *id001
#       value: !astropy.table.SerializedColumn {name: aperture_sum}
#     aperture_sum_err:
#       __class__: astropy.units.quantity.Quantity
#       unit: *id001
#       value: !astropy.table.SerializedColumn {name: aperture_sum_err}
#     net_aperture_sum:
#       __class__: astropy.units.quantity.Quantity
#       unit: *id001
#       value: !astropy.table.SerializedColumn {name: net_aperture_sum}
#     net_aperture_sum_err:
#       __class__: astropy.units.quantity.Quantity
#       unit: *id001
#       value: !astropy.table.SerializedColumn {name: net_aperture_sum_err}
# schema: astropy-2.0
MJD aperture_sum aperture_sum_err annulus_sum annulus_sum_err annulus_mean annulus_mean_err aperture_bkg aperture_bkg_err net_aperture_sum net_aperture_sum_err
[from data line 1156]
59491.98991704722 0.015465870627019927 3.9591570630071536e-05 0.008346590804119881 2.7264866608051106e-05 0.00029520026320911923 9.642973985361093e-07 0.008346590804119881 2.726486660805111e-05 0.007119279822900046 4.8071461555800064e-05
59491.98995252743 0.01551348051869415 3.9638359135301354e-05 0.008392519156859358 2.7294856474595157e-05 0.0002968246464016872 9.65358073092365e-07 0.008392519156859358 2.7294856474595154e-05 0.007120961361834792 4.812700598320944e-05
59491.98998800764 0.015475025901319057 3.960587474637307e-05 0.008439747435555728 2.7312764109523815e-05 0.000298495005070187 9.65991426118583e-07 0.008439747435555728 2.7312764109523812e-05 0.00703527846576333 4.811041880640704e-05
59491.990023487844 0.015613570774174102 3.968374719924773e-05 0.008460612686106074 2.7318072331672697e-05 0.0002992329623510622 9.661791660728107e-07 0.008460612686106074 2.7318072331672693e-05 0.007152958088068028 4.817755564256351e-05
59491.990058968055 0.015496567877899905 3.9641414490113085e-05 0.008366006553228469 2.727547415612696e-05 0.00029588695486344453 9.646725638050774e-07 0.008366006553228469 2.727547415612696e-05 0.007130561324671436 4.811853315738643e-05
59491.990094448265 0.015551469025643787 3.964513830614808e-05 0.008470974686482103 2.7326170763014706e-05 0.00029959944314665447 9.664655894904488e-07 0.008470974686482103 2.7326170763014703e-05 0.0070804943391616845 4.815035409924884e-05
59491.990129928476 0.0157309195423745 3.975164284298295e-05 0.008645327674635224 2.7402494498447933e-05 0.0003057659186816349 9.691649894392123e-07 0.008645327674635224 2.740249449844793e-05 0.007085591867739275 4.8281360932077575e-05
59491.99016540868 0.015545762160767133 3.965393805917492e-05 0.008454449227298651 2.7314663047651715e-05 0.00029901497458756344 9.660585873162901e-07 0.008454449227298651 2.7314663047651715e-05 0.007091312933468482 4.815107081890943e-05
59491.99020088889 0.015750309069972147 3.97719380607947e-05 0.00859642369618012 2.7376471693679887e-05 0.00030403629425763723 9.682446209921125e-07 0.00859642369618012 2.7376471693679887e-05 0.007153885373792027 4.828331243303991e-05
59491.9902363691 0.015425008580647099 3.955616173608064e-05 0.008401747500310787 2.729220806393458e-05 0.0002971510322854305 9.6526440472615e-07 0.008401747500310787 2.729220806393458e-05 0.007023261080336312 4.805782508911599e-05
59491.9902718493 0.015577457288371436 3.9663864350498025e-05 0.0084543294983674 2.731495812964474e-05 0.00029901074004284346 9.66069023706914e-07 0.0084543294983674 2.731495812964474e-05 0.007123127790004036 4.815941312805788e-05
59491.99030732951 0.015519492951324623 3.963505314686093e-05 0.008397700333528518 2.7284404155220394e-05 0.0002970078930412271 9.649883979156388e-07 0.008397700333528518 2.7284404155220394e-05 0.007121792617796104 4.8118355625061614e-05
59491.990342809724 0.015458871094002678 3.959657656643954e-05 0.00842913105204479 2.730466616425259e-05 0.00029811952731162585 9.657050198921826e-07 0.00842913105204479 2.7304666164252594e-05 0.007029740041957888 4.8098167014172063e-05
59491.99037828993 0.015606682768063727 3.9679895620056265e-05 0.008472253099233017 2.732026980009136e-05 0.0002996446577485699 9.66256885619726e-07 0.008472253099233017 2.7320269800091362e-05 0.007134429668830711 4.817562929914195e-05
59491.99041377014 0.015587816721830405 3.967301298688095e-05 0.00847010541214244 2.7326552767743608e-05 0.0002995686988559744 9.6647910014398e-07 0.00847010541214244 2.732655276774361e-05 0.007117711309687965 4.817352432224053e-05
59491.99044925035 0.015419605631408692 3.958521921787692e-05 0.008377216491815654 2.7281599619883197e-05 0.000296283425338535 9.648892077685297e-07 0.008377216491815654 2.7281599619883197e-05 0.007042389139593038 4.807572421032244e-05
59491.99048473056 0.015560715322622681 3.964206270267999e-05 0.008456260649273685 2.7320978366410906e-05 0.00029907904053453054 9.66281946026896e-07 0.008456260649273685 2.7320978366410906e-05 0.007104454673348996 4.814487505665691e-05
59491.99052021076 0.015557950068277404 3.963568160630737e-05 0.00848995642665874 2.7330009558006792e-05 0.0003002707848750095 9.66601359090117e-07 0.00848995642665874 2.7330009558006792e-05 0.007067993641618664 4.8144747157268514e-05
59491.99055569097 0.015586761609519599 3.9678212653451646e-05 0.008510428223218982 2.7344654086960295e-05 0.0003009948265675727 9.671193033506065e-07 0.008510428223218982 2.7344654086960295e-05 0.007076333386300617 4.818807597848294e-05
59491.99059117118 0.015422038760668555 3.9580521536236924e-05 0.008341218610995915 2.725530131521992e-05 0.0002950102607444696 9.639590955058415e-07 0.008341218610995915 2.725530131521992e-05 0.00708082014967264 4.805693638658153e-05
59491.990626651386 0.015560184289407926 3.9675680345865706e-05 0.008414737825870567 2.729580387297881e-05 0.00029761047106881093 9.653915804558842e-07 0.008414737825870567 2.729580387297881e-05 0.007145446463537359 4.815828609885779e-05
59491.9906621316 0.015538382560288553 3.964334495670648e-05 0.008483297705979253 2.733786129243581e-05 0.000300035280805941 9.668790573892777e-07 0.008483297705979253 2.733786129243581e-05 0.0070550848543093 4.815551328146016e-05
59491.99069761181 0.015551777218734136 3.9649027767499535e-05 0.008517371950064806 2.734924862188375e-05 0.00030124041066779326 9.67281801782668e-07 0.008517371950064806 2.7349248621883753e-05 0.00703440526866933 4.816665654879483e-05
59491.99073309201 0.015460061966538704 3.958575374442375e-05 0.008334184062466075 2.7257118661989736e-05 0.00029476146448425986 9.640233709995589e-07 0.008334184062466075 2.7257118661989736e-05 0.0071258779040726285 4.806227644700101e-05
59491.99076857222 0.015486950838150123 3.9595696595838e-05 0.008458053373812491 2.730751059729694e-05 0.00029914244519496457 9.658056211320275e-07 0.008458053373812491 2.7307510597296944e-05 0.007028897464337632 4.8099057412085965e-05
59491.99080405243 0.015396028314087113 3.955581567656993e-05 0.0083217265833868 2.7253453360596848e-05 0.00029432087129005306 9.63893737480759e-07 0.0083217265833868 2.725345336059685e-05 0.007074301730700313 4.8035541778114704e-05
59491.99083953264 0.01544243545859765 3.9575289353623764e-05 0.008377803652322005 2.7283660472838218e-05 0.00029630419189341815 9.649620955318136e-07 0.008377803652322005 2.7283660472838218e-05 0.007064631806275645 4.806871806299978e-05
59491.990875012845 0.015413513019491482 3.956830485892897e-05 0.008336877778915435 2.7262704964216232e-05 0.00029485673521497177 9.642209460246594e-07 0.008336877778915435 2.7262704964216235e-05 0.0070766352405760465 4.805107523640905e-05
59491.990910493056 0.015763197618526535 3.976219606456106e-05 0.008661461746014804 2.7410442589832015e-05 0.00030633654472880323 9.694460956685286e-07 0.008661461746014804 2.7410442589832015e-05 0.007101735872511731 4.8294560758402924e-05
59491.990945973266 0.01571923292829311 3.97435451759123e-05 0.008670349037712903 2.7420535602849586e-05 0.00030665086837423705 9.698030629824035e-07 0.008670349037712903 2.7420535602849586e-05 0.007048883890580206 4.82849371532875e-05
59491.99098145347 0.015584114778723396 3.966541192124657e-05 0.00850540029441637 2.7342234059621907e-05 0.0003008169999625838 9.670337123920904e-07 0.00850540029441637 2.7342234059621904e-05 0.007078714484307027 4.8176162842772335e-05
59491.99101693368 0.015474824683645343 3.959562384128659e-05 0.00845798388600863 2.7324466729492763e-05 0.0002991399875666381 9.664053216330685e-07 0.00845798388600863 2.7324466729492763e-05 0.0070168407976367135 4.810862614367428e-05
59491.99105241389 0.015581830073234146 3.967214532022248e-05 0.00844687788915179 2.7303616050949714e-05 0.00029874719327825384 9.65667879731525e-07 0.00844687788915179 2.7303616050949717e-05 0.007134952184082355 4.8159802364280205e-05
59491.991087894094 0.01553483809939202 3.9646416397799724e-05 0.008471877129741949 2.7327050777837336e-05 0.0002996313605479132 9.66496713648008e-07 0.008471877129741949 2.7327050777837336e-05 0.00706296096965007 4.8151905854308854e-05
59491.991123374304 0.015587941980278618 3.967778922650982e-05 0.00848419174718747 2.7326441390195873e-05 0.0003000669010454111 9.664751609690305e-07 0.00848419174718747 2.7326441390195873e-05 0.007103750233091148 4.81773946675736e-05
59491.991158854515 0.015538227306796834 3.9629676312379915e-05 0.008468256637294749 2.7329833175640292e-05 0.00029950331182138014 9.665951208400054e-07 0.008468256637294749 2.7329833175640295e-05 0.007069970669502086 4.8139703219196674e-05
59491.991194334725 0.015556711589380346 3.9655829501189226e-05 0.008448305656570662 2.731782293377866e-05 0.0002987976902209869 9.661703454266703e-07 0.008448305656570662 2.731782293377866e-05 0.007108405932809684 4.815442101477987e-05
59491.99122981493 0.015471498527054152 3.961880707240154e-05 0.008368889961872154 2.7269702174529305e-05 0.00029598893458313263 9.64468421715588e-07 0.008368889961872154 2.7269702174529302e-05 0.007102608565181998 4.809663741393677e-05
59491.99126529514 0.015489138702792758 3.962348208489062e-05 0.008427258344055114 2.7300959016079876e-05 0.0002980532938152871 9.655739063463021e-07 0.008427258344055114 2.7300959016079876e-05 0.007061880358737643 4.8118215841085804e-05
59491.99130077535 0.015404665463973065 3.955679553171946e-05 0.008380006007521739 2.7289260048733048e-05 0.00029638208427485856 9.65160140016898e-07 0.008380006007521739 2.7289260048733045e-05 0.0070246594564513255 4.8056672655788785e-05
59491.99133625555 0.015558746835606556 3.965012463142657e-05 0.008456716367749802 2.731578470403389e-05 0.00029909515827855994 9.660982577957731e-07 0.008456716367749802 2.731578470403389e-05 0.007102030467856754 4.814856672098134e-05
59491.99137173576 0.015564397663310863 3.9652248617763217e-05 0.008466305943254916 2.73154746830459e-05 0.00029943432013273587 9.660872930462841e-07 0.008466305943254916 2.7315474683045903e-05 0.007098091720055948 4.815013995415825e-05
59491.99140721597 0.015628154594180935 3.9682557166831156e-05 0.00853853045285635 2.7349917946039488e-05 0.0003019887396250595 9.67305474282205e-07 0.00853853045285635 2.7349917946039488e-05 0.007089624141324585 4.819464031356511e-05
59491.991442696184 0.015575712446505094 3.9667916389291434e-05 0.008464973867067311 2.7327152880324043e-05 0.00029938720757499536 9.665003247847772e-07 0.008464973867067311 2.7327152880324046e-05 0.007110738579437783 4.816966758461614e-05
59491.99147817639 0.01561194884093883 3.966820733530916e-05 0.008469868699211342 2.7327913551709498e-05 0.0002995603268486237 9.665272280316802e-07 0.008469868699211342 2.7327913551709498e-05 0.007142080141727488 4.817033871882969e-05
59491.9915136566 0.015624337101968859 3.968994078265185e-05 0.008452668715852079 2.7313363392996454e-05 0.00029895200187690706 9.660126214356908e-07 0.008452668715852079 2.7313363392996457e-05 0.00717166838611678 4.817998774562203e-05
59491.99154913681 0.015594648519942772 3.968770261224522e-05 0.008492277890897237 2.733235685038712e-05 0.00030035288987695797 9.666843775757196e-07 0.008492277890897237 2.7332356850387122e-05 0.007102370629045535 4.81889143853119e-05
59491.99158461701 0.015558376990291677 3.965702603651842e-05 0.00845612862597343 2.7313863943843404e-05 0.00029907437116545517 9.66030324800482e-07 0.00845612862597343 2.7313863943843404e-05 0.007102248364318248 4.815316061904855e-05
59491.99162009722 0.015566130820128863 3.965401755219617e-05 0.0085050458525248 2.733971986341262e-05 0.00030080446414501 9.669447908910658e-07 0.0085050458525248 2.733971986341262e-05 0.007061084967604063 4.8165354667434565e-05
59491.99165557743 0.015515676357373937 3.962703122426984e-05 0.008490927800387203 2.7335458565896174e-05 0.0003003051401928928 9.667940783213485e-07 0.008490927800387203 2.7335458565896174e-05 0.007024748556986734 4.8140719756325656e-05
59491.991691057636 0.015432088987912967 3.960788963965869e-05 0.008331317464344928 2.7253488979102856e-05 0.00029466007931518466 9.638949972277137e-07 0.008331317464344928 2.7253488979102856e-05 0.007100771523568038 4.807845237984957e-05
59491.991726537846 0.015626105673590792 3.969779122660884e-05 0.00854819289189925 2.73559796014207e-05 0.00030233047849972656 9.67519861486036e-07 0.00854819289189925 2.7355979601420704e-05 0.007077912781691542 4.821062381078228e-05
59491.99176201806 0.01561262420755644 3.9680499982715324e-05 0.008494727031446582 2.7327410784213104e-05 0.0003004395105046813 9.66509446268952e-07 0.008494727031446582 2.7327410784213104e-05 0.007117897176109857 4.818017703420565e-05
59491.99179749827 0.01578076484608795 3.9777485367365144e-05 0.008656163752319503 2.7407112344938406e-05 0.0003061491665321195 9.69328312349301e-07 0.008656163752319503 2.7407112344938406e-05 0.007124601093768446 4.830526005766891e-05
59491.99183297847 0.015599114396227028 3.966561701505787e-05 0.008543032413787847 2.7358045280289932e-05 0.00030214796392191603 9.6759291993112e-07 0.008543032413787847 2.735804528028993e-05 0.007056081982439181 4.8185307042122725e-05
59491.99186845868 0.015617075911782418 3.96976560986883e-05 0.008505042621430842 2.7354986094011516e-05 0.00030080434986843777 9.674847233493314e-07 0.008505042621430842 2.7354986094011516e-05 0.007112033290351576 4.820994880658232e-05
59491.99190393889 0.01551572916778996 3.9624071459665576e-05 0.008385356563168779 2.728534969766064e-05 0.00029657132147030624 9.650218396385872e-07 0.008385356563168779 2.7285349697660637e-05 0.007130372604621181 4.810984667575146e-05
59491.991939419095 0.01557264040315405 3.965743113831676e-05 0.008467842894241344 2.732362496707864e-05 0.00029948867865424255 9.663755503777094e-07 0.008467842894241344 2.7323624967078644e-05 0.007104797508912707 4.815903161227289e-05
59491.991974899305 0.015528792416726228 3.9627251817236725e-05 0.008434468868746884 2.7298027322775832e-05 0.0002983083139590607 9.65470218906087e-07 0.008434468868746884 2.7298027322775832e-05 0.007094323547979344 4.811965692211143e-05
59491.992010379516 0.015553387776823548 3.9631681197975144e-05 0.008515810020921137 2.7348264040459252e-05 0.0003011851687246879 9.672469793380933e-07 0.008515810020921137 2.734826404045925e-05 0.007037577755902412 4.815181928655046e-05
59491.99204585972 0.015576108962834874 3.9668061337171054e-05 0.008506261848918176 2.7315584362077775e-05 0.00030084747121985174 9.660911721485233e-07 0.008506261848918176 2.731558436207778e-05 0.007069847113916698 4.8163224967721514e-05
59491.99208133993 0.01555762119634565 3.9663237408315625e-05 0.008485243595971735 2.7310333462345154e-05 0.00030010410258616687 9.659054595600507e-07 0.008485243595971735 2.7310333462345154e-05 0.007072377600373915 4.815627389585803e-05
59491.99211682014 0.015557236570873658 3.966172158459554e-05 0.008467122898055448 2.7299807074155862e-05 0.0002994632139982442 9.655331647348885e-07 0.008467122898055448 2.7299807074155862e-05 0.0070901136728182095 4.8149056328656145e-05
59491.99215230035 0.01558247547511303 3.966890223510201e-05 0.00843449627316217 2.7286034872349897e-05 0.0002983092831919841 9.650460727360711e-07 0.00843449627316217 2.72860348723499e-05 0.007147979201950861 4.8147165062890004e-05
59491.992187780554 0.015566591153785768 3.964142747137282e-05 0.008484855267781779 2.730743725522366e-05 0.00030009036828595055 9.658030271868055e-07 0.008484855267781779 2.730743725522366e-05 0.007081735886003989 4.8136668989618396e-05
59491.992223260764 0.015552895730874377 3.9664434260663865e-05 0.008447356673472984 2.729889496042651e-05 0.00029876412680967444 9.655009053107354e-07 0.008447356673472984 2.729889496042651e-05 0.007105539057401394 4.8150773734997505e-05
59491.992258740975 0.015562020950263053 3.9656324927226226e-05 0.0085098617621075 2.7319116835395576e-05 0.0003009747921040256 9.662161078351606e-07 0.0085098617621075 2.7319116835395573e-05 0.007052159188155554 4.815556303688846e-05
