Original_Data_Set_NRCA3_DataChallengeSimulation/Results/345_radii/DataChallengeSimulation_nrca3_level3_asn_phot.ecsv
# %ECSV 0.9
# ---
# datatype:
# - {name: MJD, datatype: float64}
# - {name: aperture_sum, unit: Jy, datatype: float64}
# - {name: aperture_sum_err, unit: Jy, datatype: float64}
# - {name: annulus_sum, unit: Jy, datatype: float64}
# - {name: annulus_sum_err, unit: Jy, datatype: float64}
# - {name: annulus_mean, unit: Jy, datatype: float64}
# - {name: annulus_mean_err, unit: Jy, datatype: float64}
# - {name: aperture_bkg, unit: Jy, datatype: float64}
# - {name: aperture_bkg_err, unit: Jy, datatype: float64}
# - {name: net_aperture_sum, unit: Jy, datatype: float64}
# - {name: net_aperture_sum_err, unit: Jy, datatype: float64}
# meta: !!omap
# - {instrument: NIRCAM}
# - {detector: NRCA3}
# - {channel: SHORT}
# - {subarray: SUBGRISM64}
# - {filter: WLP4}
# - {pupil: CLEAR}
# - {target_name: UNKNOWN}
# - {xcenter: 1054.0}
# - {ycenter: 22.0}
# - ra_icrs: !numpy.ndarray
#     buffer: !!binary |
#       RjByVEdwN3haVUE9
#     dtype: float64
#     order: C
#     shape: !!python/tuple []
# - dec_icrs: !numpy.ndarray
#     buffer: !!binary |
#       Wkg2dmxQdXpPa0E9
#     dtype: float64
#     order: C
#     shape: !!python/tuple []
# - {apertures: Photometry measured in a circular aperture of r=3.0 pixels.  Background calculated as the mean in a circular annulus with
#     r_inner=4.0 pixels and r_outer=5.0 pixels.}
# - {number_of_integrations: 2350}
# - __serialized_columns__:
#     annulus_mean:
#       __class__: astropy.units.quantity.Quantity
#       unit: &id001 !astropy.units.Unit {unit: Jy}
#       value: !astropy.table.SerializedColumn {name: annulus_mean}
#     annulus_mean_err:
#       __class__: astropy.units.quantity.Quantity
#       unit: *id001
#       value: !astropy.table.SerializedColumn {name: annulus_mean_err}
#     annulus_sum:
#       __class__: astropy.units.quantity.Quantity
#       unit: *id001
#       value: !astropy.table.SerializedColumn {name: annulus_sum}
#     annulus_sum_err:
#       __class__: astropy.units.quantity.Quantity
#       unit: *id001
#       value: !astropy.table.SerializedColumn {name: annulus_sum_err}
#     aperture_bkg:
#       __class__: astropy.units.quantity.Quantity
#       unit: *id001
#       value: !astropy.table.SerializedColumn {name: aperture_bkg}
#     aperture_bkg_err:
#       __class__: astropy.units.quantity.Quantity
#       unit: *id001
#       value: !astropy.table.SerializedColumn {name: aperture_bkg_err}
#     aperture_sum:
#       __class__: astropy.units.quantity.Quantity
#       unit: *id001
#       value: !astropy.table.SerializedColumn {name: aperture_sum}
#     aperture_sum_err:
#       __class__: astropy.units.quantity.Quantity
#       unit: *id001
#       value: !astropy.table.SerializedColumn {name: aperture_sum_err}
#     net_aperture_sum:
#       __class__: astropy.units.quantity.Quantity
#       unit: *id001
#       value: !astropy.table.SerializedColumn {name: net_aperture_sum}
#     net_aperture_sum_err:
#       __class__: astropy.units.quantity.Quantity
#       unit: *id001
#       value: !astropy.table.SerializedColumn {name: net_aperture_sum_err}
# schema: astropy-2.0
MJD aperture_sum aperture_sum_err annulus_sum annulus_sum_err annulus_mean annulus_mean_err aperture_bkg aperture_bkg_err net_aperture_sum net_aperture_sum_err
[from data line 1835]
59492.01400810868 0.015596874844718068 3.975173586152338e-05 0.008504267689732007 2.7407976278427248e-05 0.00030077694226612043 9.693588677460236e-07 0.008504267689732007 2.7407976278427248e-05 0.007092607154986061 4.8284548953916457e-05
59492.01404358889 0.01563309900018684 3.980463857485583e-05 0.008539793856597894 2.7429050466308224e-05 0.00030203342339185673 9.701042146733358e-07 0.008539793856597894 2.7429050466308227e-05 0.007093305143588947 4.8340066834440605e-05
59492.0140790691 0.015554191767374012 3.976754556869459e-05 0.008432098271997854 2.7374930778427774e-05 0.00029822447125001946 9.681901222633881e-07 0.008432098271997854 2.7374930778427774e-05 0.007122093495376158 4.8278820570535e-05
59492.0141145493 0.015669545892771912 3.9811516502398796e-05 0.008565184227714906 2.7438063039871646e-05 0.00030293142407412563 9.704229692583576e-07 0.008565184227714906 2.743806303987165e-05 0.007104361665057006 4.8350844352510974e-05
59492.014150029514 0.015672162521719435 3.9818122137337276e-05 0.008523965592657164 2.741271345153074e-05 0.0003014736130703611 9.695264109717353e-07 0.008523965592657164 2.741271345153074e-05 0.007148196929062271 4.8341904278996325e-05
59492.014185509724 0.01552235013043903 3.9739992260102094e-05 0.00839620672974753 2.735263323182035e-05 0.0002969550676135015 9.674015078719674e-07 0.00839620672974753 2.735263323182035e-05 0.0071261434006915005 4.8243481731187864e-05
59492.01422098993 0.01565377233513405 3.9795573934314436e-05 0.008548557328936016 2.7426219387318233e-05 0.0003023433678232481 9.700040857365489e-07 0.008548557328936016 2.742621938731823e-05 0.007105215006198033 4.833099641682133e-05
59492.01425647014 0.015717473364894628 3.987406657603381e-05 0.008526206536823245 2.7420680069015247e-05 0.00030155287025729994 9.6980817242782e-07 0.008526206536823245 2.7420680069015247e-05 0.007191266828071382 4.839250851895639e-05
59492.01429195035 0.015825198803335733 3.9927299875851424e-05 0.008711636242965469 2.7503811764358404e-05 0.00030811110455254714 9.72748354703703e-07 0.008711636242965469 2.7503811764358404e-05 0.0071135625603702644 4.848349138568122e-05
59492.01432743055 0.015659815848855656 3.9822435279701124e-05 0.00846806411873565 2.7391572443571484e-05 0.0002994965028701985 9.687787007675884e-07 0.00846806411873565 2.7391572443571484e-05 0.007191751730120006 4.8333472796162795e-05
59492.01436291076 0.015806428723440916 3.9884225350975754e-05 0.008701936085083812 2.7491577771280836e-05 0.0003077680316468499 9.723156657099148e-07 0.008701936085083812 2.7491577771280836e-05 0.007104492638357104 4.844108050200573e-05
59492.01439839097 0.015536122967603629 3.9734606820045184e-05 0.008373741059001438 2.7339440465103373e-05 0.0002961605070470314 9.669349091972862e-07 0.008373741059001438 2.733944046510337e-05 0.007162381908602191 4.823156626202919e-05
59492.01443387118 0.015632285931691994 3.979978479982421e-05 0.00847929598904798 2.7392589490295598e-05 0.00029989374902139284 9.688146714372548e-07 0.00847929598904798 2.73925894902956e-05 0.007152989942644013 4.8315389153934914e-05
59492.01446935139 0.01566615186659471 3.98254649443604e-05 0.008551439800094441 2.7429893928068763e-05 0.0003024453143861777 9.7013404603078e-07 0.008551439800094441 2.7429893928068766e-05 0.0071147120665002676 4.835769575713449e-05
59492.0145048316 0.01570210175439886 3.9836054206760726e-05 0.008585776321922483 2.745005820278259e-05 0.00030365972042562564 9.708472113629061e-07 0.008585776321922483 2.7450058202782586e-05 0.007116325432476376 4.837785557566737e-05
59492.01454031181 0.01570957681118006 3.983083901220318e-05 0.008601949050092157 2.7453851255375044e-05 0.0003042317136770668 9.709813631561276e-07 0.008601949050092157 2.745385125537504e-05 0.007107627761087903 4.837571379492301e-05
59492.01457579201 0.01565632893503268 3.980304514727573e-05 0.00854673047175157 2.7428529308599052e-05 0.0003022787559674198 9.700857824898812e-07 0.00854673047175157 2.7428529308599052e-05 0.00710959846328111 4.8338459046899156e-05
59492.01461127222 0.015700370888941353 3.984212201027475e-05 0.008562256411560512 2.743722964352049e-05 0.0003028278737600287 9.703934938919484e-07 0.008562256411560512 2.7437229643520493e-05 0.007138114477380841 4.837557500219402e-05
59492.01464675243 0.015521637690863682 3.973801983449577e-05 0.008432444449090113 2.7371648486311253e-05 0.0002982367147601124 9.68074034926718e-07 0.008432444449090113 2.7371648486311253e-05 0.007089193241773569 4.825264097668608e-05
59492.01468223264 0.01571079523977331 3.9834134478906186e-05 0.008593758446125635 2.745242412704397e-05 0.0003039420303196934 9.709308888165016e-07 0.008593758446125635 2.7452424127043965e-05 0.007117036793647674 4.837761734660656e-05
59492.014717712846 0.015581697124044799 3.97664616903269e-05 0.008447631928488616 2.738420576546119e-05 0.00029877386196441863 9.68518157826384e-07 0.008447631928488616 2.738420576546119e-05 0.0071340651955561826 4.828318755812788e-05
59492.014753193056 0.015622795408876209 3.97982431035316e-05 0.00845183207710944 2.738553470794905e-05 0.00029892241183435744 9.68565159552168e-07 0.00845183207710944 2.738553470794905e-05 0.007170963331766769 4.831011969937647e-05
59492.01478867327 0.015685479580995174 3.9848699396048965e-05 0.00857315567139388 2.7441516057162373e-05 0.0003032133562219229 9.70545094762891e-07 0.00857315567139388 2.7441516057162373e-05 0.007112323909601294 4.838342326739783e-05
59492.01482415347 0.015583583182259896 3.9755988328004534e-05 0.008405845347790939 2.735848714340412e-05 0.0002972959639926533 9.67608547641963e-07 0.008405845347790939 2.735848714340412e-05 0.0071777378344689575 4.82599774835447e-05
59492.01485963368 0.015631968275647768 3.9799010313817484e-05 0.008465259424610072 2.739116356832935e-05 0.00029939730710709927 9.687642397640567e-07 0.008465259424610072 2.739116356832935e-05 0.007166708851037696 4.8313942745198547e-05
59492.01489511389 0.015586372401471782 3.9792184203536614e-05 0.008409079505486907 2.7353124089685247e-05 0.0002974103489224427 9.67418868417646e-07 0.008409079505486907 2.7353124089685247e-05 0.007177292895984875 4.8286761344636774e-05
59492.014930594094 0.01587381465546476 3.9934750355062475e-05 0.008715230183912608 2.7499580388736524e-05 0.0003082382142118622 9.72598700404525e-07 0.008715230183912608 2.7499580388736527e-05 0.007158584471552151 4.848722726118442e-05
59492.014966074305 0.015901049448967242 3.9963862624769396e-05 0.00874256927695457 2.7518008497158472e-05 0.0003092051368334794 9.732504614150108e-07 0.00874256927695457 2.751800849715847e-05 0.0071584801720126715 4.852165606758621e-05
59492.015001554515 0.015735138713540247 3.986369761573883e-05 0.00856342748922018 2.7442269702770302e-05 0.00030286929215964667 9.705717495237448e-07 0.00856342748922018 2.7442269702770306e-05 0.007171711224320067 4.839620392178137e-05
59492.015037034726 0.015672736430294546 3.985439419842352e-05 0.008541754299529426 2.7432818332246073e-05 0.00030210275987701293 9.702374756708727e-07 0.008541754299529426 2.7432818332246073e-05 0.00713098213076512 4.838318156728999e-05
59492.01507251493 0.015598161935817126 3.976238484077935e-05 0.008523095220743147 2.7421707344730613e-05 0.00030144282996092905 9.698445048740464e-07 0.008523095220743147 2.742170734473061e-05 0.007075066715073979 4.830111056617945e-05
59492.01510799514 0.015616533291458227 3.979081272014146e-05 0.008488692545039317 2.740266314267702e-05 0.0003002260842067397 9.691709540086976e-07 0.008488692545039317 2.740266314267702e-05 0.007127840746418911 4.8313711555213815e-05
59492.01514347535 0.015569096551218542 3.977351577040866e-05 0.008491415779310308 2.7398943945147017e-05 0.00030032239891683425 9.690394143039787e-07 0.008491415779310308 2.739894394514702e-05 0.007077680771908235 4.829735692611196e-05
59492.01517895555 0.015613095205912942 3.9776186461523386e-05 0.008490162276219968 2.739552471222237e-05 0.00030027806531394345 9.689184836769697e-07 0.008490162276219968 2.739552471222237e-05 0.007122932929692974 4.8297616749482196e-05
59492.01521443576 0.015583175523070245 3.979904224286406e-05 0.008445295719078705 2.7380676645511837e-05 0.0002986912354587108 9.683933407408943e-07 0.008445295719078705 2.7380676645511837e-05 0.00713787980399154 4.8308024354297034e-05
59492.015249915974 0.015577663876496317 3.97747547345218e-05 0.008423734795520044 2.737479138200622e-05 0.00029792867377826916 9.681851921234904e-07 0.008423734795520044 2.7374791382006218e-05 0.007153929080976272 4.8284679945089484e-05
59492.01528539618 0.015762146519618863 3.988295609695102e-05 0.008621326191717732 2.7461247709050473e-05 0.0003049170398710005 9.712429591925266e-07 0.008621326191717732 2.7461247709050473e-05 0.007140820327901131 4.842282842595166e-05
59492.01532087639 0.01556637962451716 3.977917821658587e-05 0.00842452262347999 2.736469497804947e-05 0.0002979565374925206 9.67828104879675e-07 0.00842452262347999 2.736469497804947e-05 0.00714185700103717 4.828260091201163e-05
59492.0153563566 0.015576920501149467 3.976567581530714e-05 0.008405102753384004 2.7364437167702938e-05 0.0002972697000880809 9.678189867038904e-07 0.008405102753384004 2.7364437167702938e-05 0.007171817747765463 4.827133097971575e-05
59492.01539183681 0.015687443606618435 3.984964896788852e-05 0.008517286844689668 2.7410828550161203e-05 0.000301237400680874 9.694597462228015e-07 0.008517286844689668 2.7410828550161206e-05 0.007170156761928767 4.8366807261491544e-05
59492.01542731701 0.015617059916298904 3.9796510428348395e-05 0.008503028481510713 2.7402397441069577e-05 0.0003007331142408006 9.691615567366504e-07 0.008503028481510713 2.7402397441069577e-05 0.007114031434788191 4.8318253567280136e-05
59492.01546279722 0.01569544799440724 3.983530484657961e-05 0.008531926336788398 2.7420015062822678e-05 0.0003017551667990668 9.697846526449902e-07 0.008531926336788398 2.7420015062822675e-05 0.00716352165761884 4.83601978724793e-05
59492.01549827743 0.01563071137626661 3.977427407270107e-05 0.008549252544054763 2.742773028448625e-05 0.00030236795602828383 9.700575227927253e-07 0.008549252544054763 2.742773028448625e-05 0.007081458832211847 4.831431740766773e-05
59492.015533757636 0.015582451359836427 3.978653678114055e-05 0.0084047949016771 2.7362133247278357e-05 0.00029725881206121575 9.67737502187432e-07 0.0084047949016771 2.7362133247278354e-05 0.0071776564581593275 4.8287212022220385e-05
59492.01556923785 0.015705635893066776 3.981969786134178e-05 0.008556155654090757 2.742857899935235e-05 0.000302612103602714 9.70087539940773e-07 0.008556155654090757 2.7428578999352348e-05 0.007149480238976019 4.8352200401763096e-05
59492.01560471806 0.015653512100962306 3.979080788037426e-05 0.008543587717510214 2.7418953405713357e-05 0.00030216760377354537 9.697471042056977e-07 0.008543587717510214 2.741895340571336e-05 0.007109924383452091 4.83229489749698e-05
59492.01564019826 0.015689591256660036 3.98385023847523e-05 0.008553129534288089 2.7434350892838523e-05 0.00030250507650827335 9.702916789139563e-07 0.008553129534288089 2.7434350892838523e-05 0.007136461722371947 4.8370961135492286e-05
59492.01567567847 0.015651519020555043 3.9819187342189375e-05 0.008529965638092985 2.7424825431978252e-05 0.00030168582126811373 9.699547846514807e-07 0.008529965638092985 2.7424825431978255e-05 0.007121553382462058 4.834965078019546e-05
59492.01571115868 0.015608642167764641 3.981203234939841e-05 0.00848919157305738 2.740207155731264e-05 0.00030024373371247663 9.691500309564749e-07 0.00848919157305738 2.740207155731264e-05 0.007119450594707262 4.833085396950511e-05
59492.01574663889 0.015676173385017828 3.983190498604997e-05 0.008482786913194776 2.7400826302071043e-05 0.0003000172152067087 9.691059890615613e-07 0.008482786913194776 2.7400826302071043e-05 0.007193386471823052 4.8346519387169755e-05
59492.015782119095 0.0156190481979779 3.983782530837179e-05 0.008449395544633339 2.738225633622759e-05 0.00029883623712600733 9.684492108711096e-07 0.008449395544633339 2.738225633622759e-05 0.007169652653344561 4.8340875947413536e-05
59492.015817599306 0.015598175348711526 3.976527106076688e-05 0.008457245568265867 2.738895315801524e-05 0.0002991138749181196 9.686860624912228e-07 0.008457245568265867 2.738895315801524e-05 0.0071409297804456585 4.828489968539043e-05
59492.015853079516 0.01574536365747268 3.9871569390427716e-05 0.00855986581536795 2.7429186416658295e-05 0.0003027433237153659 9.701090229333866e-07 0.00855986581536795 2.7429186416658295e-05 0.007185497842104729 4.8395271598943266e-05
59492.01588855972 0.015645664619715213 3.9810347491989705e-05 0.008517989235378364 2.7409462096404247e-05 0.0003012622426697824 9.694114178072622e-07 0.008517989235378364 2.7409462096404244e-05 0.007127675384336849 4.833365680193453e-05
59492.01592403993 0.015875054088597018 3.995189508411802e-05 0.008746415078801105 2.7521458752622495e-05 0.00030934115424993 9.733724892399063e-07 0.008746415078801105 2.7521458752622498e-05 0.007128639009795913 4.851375694258975e-05
59492.01595952014 0.01571696198355678 3.984264677823307e-05 0.008530894227788039 2.741900323170146e-05 0.00030171866341035196 9.697488664395424e-07 0.008530894227788039 2.7419003231701463e-05 0.00718606775576874 4.836567212926024e-05
59492.01599500035 0.015629364182743778 3.978154322260072e-05 0.008591762485216793 2.7440503499227566e-05 0.0003038714376430578 9.705092828516707e-07 0.008591762485216793 2.7440503499227566e-05 0.007037601697526985 4.83275533568871e-05
59492.016030480554 0.01572063798532224 3.9867234239820055e-05 0.008518583143079158 2.7416846846043105e-05 0.0003012832478578538 9.696725998980447e-07 0.008518583143079158 2.741684684604311e-05 0.007202054842243082 4.838470684950013e-05
59492.016065960765 0.01571699789946548 3.984847709238541e-05 0.00850218659836767 2.739448508676094e-05 0.0003007033387155293 9.688817144478252e-07 0.00850218659836767 2.739448508676094e-05 0.007214811301097811 4.8356581142085845e-05
59492.016101440975 0.015700067555805254 3.986104465902287e-05 0.008540031701514674 2.742433774029688e-05 0.00030204183543501117 9.699375360866373e-07 0.008540031701514674 2.742433774029688e-05 0.00716003585429058 4.838385249029357e-05
59492.01613692118 0.015623061857250601 3.9806642095822324e-05 0.008520114957843414 2.7418016597455016e-05 0.0003013374247226611 9.697139713912434e-07 0.008520114957843414 2.741801659745502e-05 0.0071029468994071865 4.833545685191372e-05
59492.01617240139 0.015650606836238586 3.9833993433708095e-05 0.008533585486273821 2.741816698490933e-05 0.0003018138472083854 9.697192902594063e-07 0.008533585486273821 2.741816698490933e-05 0.007117021349964765 4.8358069788703015e-05
59492.0162078816 0.01561572730058137 3.976348207573766e-05 0.008555786151847591 2.7437994452685013e-05 0.00030259903513416215 9.704205434828496e-07 0.008555786151847591 2.7437994452685013e-05 0.007059941148733779 4.8311262107018936e-05
59492.0162433618 0.01575662564571178 3.988028704193568e-05 0.008584085281690329 2.7442371153042886e-05 0.0003035999121118668 9.70575337593158e-07 0.008584085281690329 2.7442371153042886e-05 0.00717254036402145 4.840992696801497e-05
59492.01627884201 0.01566462458337739 3.980217729408195e-05 0.008587118715817825 2.74377677316053e-05 0.00030370719789763004 9.70412524864952e-07 0.008587118715817825 2.7437767731605304e-05 0.007077505867559565 4.8342987241616066e-05
59492.01631432222 0.015728402677915317 3.986847982663743e-05 0.008541374441773924 2.7422720416075505e-05 0.00030208932515713295 9.69880334943434e-07 0.008541374441773924 2.74227204160755e-05 0.007187028236141393 4.838906156049361e-05
59492.016349802434 0.015613491478412785 3.979773297375122e-05 0.00843407797849193 2.737793140534862e-05 0.0002982944890443313 9.68296247731572e-07 0.00843407797849193 2.737793140534862e-05 0.0071794134999208555 4.830538973951022e-05
