Original_Data_Set_NRCA3_DataChallengeSimulation/Results/345_radii/DataChallengeSimulation_nrca3_level3_asn_phot.ecsv
# %ECSV 0.9
# ---
# datatype:
# - {name: MJD, datatype: float64}
# - {name: aperture_sum, unit: Jy, datatype: float64}
# - {name: aperture_sum_err, unit: Jy, datatype: float64}
# - {name: annulus_sum, unit: Jy, datatype: float64}
# - {name: annulus_sum_err, unit: Jy, datatype: float64}
# - {name: annulus_mean, unit: Jy, datatype: float64}
# - {name: annulus_mean_err, unit: Jy, datatype: float64}
# - {name: aperture_bkg, unit: Jy, datatype: float64}
# - {name: aperture_bkg_err, unit: Jy, datatype: float64}
# - {name: net_aperture_sum, unit: Jy, datatype: float64}
# - {name: net_aperture_sum_err, unit: Jy, datatype: float64}
# meta: !!omap
# - {instrument: NIRCAM}
# - {detector: NRCA3}
# - {channel: SHORT}
# - {subarray: SUBGRISM64}
# - {filter: WLP4}
# - {pupil: CLEAR}
# - {target_name: UNKNOWN}
# - {xcenter: 1054.0}
# - {ycenter: 22.0}
# - ra_icrs: !numpy.ndarray
#     buffer: !!binary |
#       RjByVEdwN3haVUE9
#     dtype: float64
#     order: C
#     shape: !!python/tuple []
# - dec_icrs: !numpy.ndarray
#     buffer: !!binary |
#       Wkg2dmxQdXpPa0E9
#     dtype: float64
#     order: C
#     shape: !!python/tuple []
# - {apertures: Photometry measured in a circular aperture of r=3.0 pixels.  Background calculated as the mean in a circular annulus with
#     r_inner=4.0 pixels and r_outer=5.0 pixels.}
# - {number_of_integrations: 2350}
# - __serialized_columns__:
#     annulus_mean:
#       __class__: astropy.units.quantity.Quantity
#       unit: &id001 !astropy.units.Unit {unit: Jy}
#       value: !astropy.table.SerializedColumn {name: annulus_mean}
#     annulus_mean_err:
#       __class__: astropy.units.quantity.Quantity
#       unit: *id001
#       value: !astropy.table.SerializedColumn {name: annulus_mean_err}
#     annulus_sum:
#       __class__: astropy.units.quantity.Quantity
#       unit: *id001
#       value: !astropy.table.SerializedColumn {name: annulus_sum}
#     annulus_sum_err:
#       __class__: astropy.units.quantity.Quantity
#       unit: *id001
#       value: !astropy.table.SerializedColumn {name: annulus_sum_err}
#     aperture_bkg:
#       __class__: astropy.units.quantity.Quantity
#       unit: *id001
#       value: !astropy.table.SerializedColumn {name: aperture_bkg}
#     aperture_bkg_err:
#       __class__: astropy.units.quantity.Quantity
#       unit: *id001
#       value: !astropy.table.SerializedColumn {name: aperture_bkg_err}
#     aperture_sum:
#       __class__: astropy.units.quantity.Quantity
#       unit: *id001
#       value: !astropy.table.SerializedColumn {name: aperture_sum}
#     aperture_sum_err:
#       __class__: astropy.units.quantity.Quantity
#       unit: *id001
#       value: !astropy.table.SerializedColumn {name: aperture_sum_err}
#     net_aperture_sum:
#       __class__: astropy.units.quantity.Quantity
#       unit: *id001
#       value: !astropy.table.SerializedColumn {name: net_aperture_sum}
#     net_aperture_sum_err:
#       __class__: astropy.units.quantity.Quantity
#       unit: *id001
#       value: !astropy.table.SerializedColumn {name: net_aperture_sum_err}
# schema: astropy-2.0
MJD aperture_sum aperture_sum_err annulus_sum annulus_sum_err annulus_mean annulus_mean_err aperture_bkg aperture_bkg_err net_aperture_sum net_aperture_sum_err
[from data line 1020]
59491.98509173889 0.015495709678480539 3.960668898653707e-05 0.008379779656764088 2.7237171796187827e-05 0.0002963740787544246 9.633178949347668e-07 0.008379779656764088 2.7237171796187827e-05 0.007115930021716451 4.8068215485196934e-05
59491.9851272191 0.01558519110004604 3.964714131390171e-05 0.008520114642641016 2.7310786903218514e-05 0.00030133741357465666 9.659214967503606e-07 0.008520114642641016 2.731078690321851e-05 0.007065076457405024 4.814327466674347e-05
59491.985162699304 0.015432019061883403 3.9546951876870474e-05 0.008389257290439154 2.7244783295643942e-05 0.000296709281476247 9.635870966598295e-07 0.008389257290439154 2.7244783295643945e-05 0.007042761771444249 4.8023323703988965e-05
59491.985198179515 0.015454781447252633 3.955479357509525e-05 0.008404553698375769 2.7237471927146095e-05 0.00029725028123950536 9.633285098960075e-07 0.008404553698375769 2.7237471927146095e-05 0.007050227748876864 4.802563452730706e-05
59491.985233659725 0.015645717318775974 3.967504866575001e-05 0.008516491772055334 2.729122884445294e-05 0.00030120928073868033 9.652297719215113e-07 0.008516491772055334 2.7291228844452943e-05 0.00712922554672064 4.815517270730043e-05
59491.98526913993 0.015519604688267664 3.959718670293461e-05 0.00844584192799299 2.726924746689313e-05 0.000298710553647304 9.644523397227083e-07 0.00844584192799299 2.7269247466893127e-05 0.007073762760274674 4.8078571653052656e-05
59491.98530462014 0.0155235553670269 3.960096314471345e-05 0.00841631666854165 2.7259560747051756e-05 0.0002976663112055814 9.641097420904635e-07 0.00841631666854165 2.7259560747051753e-05 0.007107238698485251 4.8076188847611016e-05
59491.98534010035 0.015490881276331263 3.9577406950518e-05 0.008451080345246461 2.7265160998778427e-05 0.00029889582475838575 9.6430781047821e-07 0.008451080345246461 2.7265160998778427e-05 0.007039800931084802 4.805996405758351e-05
59491.98537558055 0.015416830435152441 3.95394322771577e-05 0.008323406727246773 2.7220947047312727e-05 0.0002943802942234798 9.627440618272342e-07 0.008323406727246773 2.7220947047312727e-05 0.007093423707905668 4.8003610936600837e-05
59491.98541106076 0.015564315908909627 3.962924015161961e-05 0.008493704145009533 2.728523274239751e-05 0.00030040333329741953 9.6501770319231e-07 0.008493704145009533 2.728523274239751e-05 0.0070706117639000934 4.811403746103148e-05
59491.98544654097 0.015573082286900394 3.963140553852785e-05 0.008454285253864137 2.7269877167903043e-05 0.0002990091752136437 9.644746108401299e-07 0.008454285253864137 2.726987716790304e-05 0.007118797033036257 4.810711491777256e-05
59491.985482021184 0.015541199676658936 3.960977768309734e-05 0.008419762800186689 2.7258445322605095e-05 0.00029778819318021553 9.640702920206122e-07 0.008419762800186689 2.7258445322605095e-05 0.007121436876472247 4.80828174040358e-05
59491.98551750139 0.015584830122730233 3.9640843780359466e-05 0.008466540145402848 2.7270206267141268e-05 0.0002994426033392972 9.644862503446926e-07 0.008466540145402848 2.727020626714127e-05 0.0071182899773273856 4.811507711176711e-05
59491.9855529816 0.015595860566191215 3.964741039672298e-05 0.008449188865247134 2.727066301391207e-05 0.00029882892733801856 9.645024044572069e-07 0.008449188865247134 2.727066301391207e-05 0.007146671700944081 4.812074617443634e-05
59491.98558846181 0.01559080155346771 3.964762044559779e-05 0.008450768563466242 2.7273792145603552e-05 0.00029888479773361063 9.646130748519367e-07 0.008450768563466242 2.727379214560355e-05 0.007140032990001469 4.812269262000797e-05
59491.98562394201 0.015462804196090026 3.956560170562414e-05 0.008425090441428824 2.7255168710808113e-05 0.0002979766199443724 9.639544055841494e-07 0.008425090441428824 2.7255168710808117e-05 0.007037713754661203 4.804457367677125e-05
59491.98565942222 0.015565345466924634 3.961907935051496e-05 0.008522062009257111 2.730199540350673e-05 0.00030140628757975975 9.656105610534003e-07 0.008522062009257111 2.730199540350673e-05 0.007043283457667523 4.811517849489393e-05
59491.98569490243 0.015595984870172809 3.964455012829979e-05 0.008506337173047435 2.729251209013959e-05 0.0003008501352659641 9.652751574535627e-07 0.008506337173047435 2.7292512090139592e-05 0.007089647697125374 4.8130775716434184e-05
59491.985730382636 0.015461787847525723 3.9565289793021704e-05 0.008413170300062955 2.725625962588459e-05 0.0002975550311842097 9.639929888123526e-07 0.008413170300062955 2.725625962588459e-05 0.007048617547462768 4.804493568732728e-05
59491.985765862846 0.015464091483885306 3.957056926490865e-05 0.008398105602529958 2.724678612031061e-05 0.0002970222265000851 9.636579320922398e-07 0.008398105602529958 2.724678612031061e-05 0.007065985881355348 4.8043910184693376e-05
59491.98580134306 0.015401452598472025 3.9542508905754304e-05 0.008364158762798984 2.7231019873423546e-05 0.00029582160264552223 9.631003151753323e-07 0.008364158762798984 2.7231019873423546e-05 0.007037293835673041 4.8011857430310345e-05
59491.98583682327 0.015479861042642117 3.956701882175343e-05 0.008395284506592812 2.724021606731877e-05 0.0002969224506415666 9.634255640011227e-07 0.008395284506592812 2.724021606731877e-05 0.007084576536049304 4.8037260015900176e-05
59491.98587230347 0.015595381447653477 3.96471502606864e-05 0.008468322242727182 2.727776718124811e-05 0.0002995056321389058 9.647536629790031e-07 0.008468322242727182 2.7277767181248115e-05 0.0071270592049262945 4.8124558244079735e-05
59491.98590778368 0.015525161616107805 3.9607540554162584e-05 0.008474910697533946 2.7284551276837495e-05 0.0002997386510610912 9.649936012784382e-07 0.008474910697533946 2.7284551276837495e-05 0.0070502509185738586 4.8095779514714265e-05
59491.98594326389 0.015584560142230705 3.964546272224902e-05 0.008473108778989158 2.7275387219979912e-05 0.00029967492122921297 9.646694890678471e-07 0.008473108778989158 2.7275387219979912e-05 0.0071114513632415475 4.8121818985373777e-05
59491.985978744095 0.015615962694049976 3.966655389192346e-05 0.00847047650548739 2.7272791452508446e-05 0.00029958182359824043 9.645776825735804e-07 0.00847047650548739 2.727279145250845e-05 0.007145486188562587 4.813772586311994e-05
59491.986014224305 0.015449807372509202 3.958934061416014e-05 0.008333278248979961 2.721779690414997e-05 0.00029472942788563 9.62632648303723e-07 0.008333278248979961 2.7217796904149973e-05 0.007116529123529241 4.804294285927482e-05
59491.986049704516 0.015502345203167083 3.960527580612289e-05 0.008385334273348043 2.7234519937687015e-05 0.00029657053312916165 9.63224104626148e-07 0.008385334273348043 2.7234519937687018e-05 0.0071170109298190395 4.806554845120708e-05
59491.98608518472 0.015598572830218036 3.966390981169103e-05 0.008483377006563757 2.7276842684959154e-05 0.0003000380854903885 9.647209656113903e-07 0.008483377006563757 2.7276842684959157e-05 0.00711519582365428 4.813784258159032e-05
59491.98612066493 0.015642197241317643 3.9659742988498045e-05 0.008511772339196583 2.7299166189546215e-05 0.00030104236494577803 9.65510498078538e-07 0.008511772339196583 2.7299166189546215e-05 0.00713042490212106 4.814706313533759e-05
59491.98615614514 0.015388426528240694 3.952920998810425e-05 0.008398816432652462 2.7249796792840566e-05 0.00029704736697290626 9.637644128511672e-07 0.008398816432652462 2.7249796792840566e-05 0.006989610095588232 4.8011559728202384e-05
59491.98619162535 0.01551198506245126 3.960126755200096e-05 0.00840228282333142 2.7239865579911218e-05 0.0002971699654642937 9.634131680448109e-07 0.00840228282333142 2.723986557991122e-05 0.007109702239119841 4.806527508021562e-05
59491.98622710555 0.015634064218728285 3.9675914868287954e-05 0.008485694152140155 2.729196960045404e-05 0.0003001200377509101 9.652559708057778e-07 0.008485694152140155 2.729196960045404e-05 0.00714837006658813 4.8156306184213716e-05
59491.986262585764 0.015435624570669496 3.955605238827685e-05 0.00832939882224352 2.7230840491627416e-05 0.00029459222123197056 9.63093970842098e-07 0.00832939882224352 2.723084049162742e-05 0.0071062257484259764 4.8022910724200774e-05
59491.986298065975 0.0156241536782524 3.967050331005662e-05 0.00845981304449337 2.7274957718940435e-05 0.0002992046808143147 9.646542985759592e-07 0.00845981304449337 2.7274957718940435e-05 0.00716434063375903 4.8142207587970055e-05
59491.98633354618 0.015506012798443885 3.960981160901367e-05 0.008431155027143006 2.7260146782271836e-05 0.00029819111078753166 9.641304688464862e-07 0.008431155027143006 2.7260146782271836e-05 0.0070748577713008794 4.8083809939443855e-05
59491.98636902639 0.015548761910121042 3.963130426673542e-05 0.008431105159083619 2.7258430360356925e-05 0.00029818934706571967 9.64069762839333e-07 0.008431105159083619 2.7258430360356925e-05 0.007117656751037423 4.8100543693320024e-05
59491.9864045066 0.015552026806255906 3.96372924454738e-05 0.0084955693593555 2.729171552914042e-05 0.00030046930176032765 9.65246984871231e-07 0.0084955693593555 2.7291715529140418e-05 0.007056457446900406 4.8124346114326986e-05
59491.9864399868 0.015557793024585211 3.963476397853716e-05 0.008424862822932932 2.7261646597853905e-05 0.0002979685695868701 9.641835139717334e-07 0.008424862822932932 2.7261646597853902e-05 0.007132930201652279 4.81052168778047e-05
59491.98647546701 0.015412555071371181 3.9563951124384534e-05 0.008362016172314739 2.723235430293061e-05 0.0002957458240085024 9.631475109647228e-07 0.008362016172314739 2.723235430293061e-05 0.007050538899056442 4.803027534225711e-05
59491.98651094722 0.015504787616853255 3.958414699226058e-05 0.008430548019961077 2.726102877648359e-05 0.00029816964230008805 9.641616630106148e-07 0.008430548019961077 2.7261028776483585e-05 0.007074239596892178 4.806317075534196e-05
59491.98654642743 0.015553794627706143 3.963271103485327e-05 0.008487887121964929 2.728814892529648e-05 0.00030019759819261327 9.651208420641614e-07 0.008487887121964929 2.728814892529648e-05 0.007065907505741214 4.8118550017029184e-05
59491.98658190764 0.01548330554402396 3.958741688537663e-05 0.00837126183998851 2.7235595009114342e-05 0.00029607282261127254 9.632621274998893e-07 0.00837126183998851 2.7235595009114342e-05 0.00711204370403545 4.8051443382661225e-05
59491.98661738785 0.01559754233088907 3.965227156713665e-05 0.008493916420643732 2.7285017447928184e-05 0.000300410841012193 9.650100887080849e-07 0.008493916420643732 2.7285017447928187e-05 0.007103625910245338 4.813288706869451e-05
59491.98665286806 0.015596654176836736 3.967696124607069e-05 0.008526876025431144 2.7352714340088107e-05 0.00030157654857314233 9.674043764901316e-07 0.008526876025431144 2.7352714340088107e-05 0.007069778151405592 4.819161997165749e-05
59491.98668834826 0.015515397124456192 3.960495013995359e-05 0.008437778021468634 2.731105176705181e-05 0.00029842535129530795 9.659308643922085e-07 0.008437778021468634 2.731105176705181e-05 0.007077619102987558 4.8108685538172766e-05
59491.98672382847 0.015584862172152247 3.96412559466606e-05 0.008470648647691972 2.732996909615309e-05 0.0002995879118833013 9.665999280447785e-07 0.008470648647691972 2.732996909615309e-05 0.007114213524460275 4.814931343046687e-05
59491.98675930868 0.015587918930237156 3.966803116065879e-05 0.00851952455182165 2.7341226682449668e-05 0.0003013165433811511 9.66998083712864e-07 0.00851952455182165 2.734122668244967e-05 0.007068394378415506 4.817774769189709e-05
59491.98679478889 0.015578915613779092 3.968712033673784e-05 0.00842091235652986 2.729740260374485e-05 0.0002978288504189663 9.654481239901261e-07 0.00842091235652986 2.729740260374485e-05 0.007158003257249232 4.816861747583842e-05
59491.986830269096 0.01553843912250853 3.962936525271682e-05 0.008430401360677534 2.730669317623236e-05 0.0002981644552889933 9.657767107758019e-07 0.008430401360677534 2.7306693176232362e-05 0.007108037761830997 4.812631382678435e-05
59491.986865749306 0.015506669816339018 3.9634496236266055e-05 0.008397383655540835 2.729952290085922e-05 0.00029699669284853636 9.655231141604762e-07 0.008397383655540835 2.729952290085922e-05 0.007109286160798183 4.8126471328335776e-05
59491.98690122952 0.015520869568894213 3.9633812265492095e-05 0.008460928129251314 2.731800975262749e-05 0.0002992441188701354 9.661769527918377e-07 0.008460928129251314 2.731800975262749e-05 0.007059941439642899 4.813639715995499e-05
59491.98693670972 0.015409725724159025 3.955490994440295e-05 0.008373025731567698 2.728243771342114e-05 0.00029613520751436273 9.64918849263938e-07 0.008373025731567698 2.728243771342114e-05 0.007036699992591327 4.8051246688265347e-05
59491.98697218993 0.015506406702347465 3.9588850858509396e-05 0.008416612778015108 2.7296242816992713e-05 0.0002976767839358919 9.65407104924674e-07 0.008416612778015108 2.7296242816992717e-05 0.007089793924332358 4.8087025113033623e-05
59491.98700767014 0.015469211774182241 3.9594944943008756e-05 0.008385775154414007 2.728483417582572e-05 0.00029658612610715363 9.650036067834098e-07 0.008385775154414007 2.7284834175825723e-05 0.0070834366197682335 4.808556790807614e-05
59491.987043150344 0.015586431826904716 3.9666305863574264e-05 0.008468521940959164 2.7328081178354488e-05 0.00029951269501907174 9.6653315661149e-07 0.008468521940959164 2.732808117835449e-05 0.007117909885945552 4.8168867972512695e-05
59491.987078630555 0.015588695281646303 3.964343243827018e-05 0.00848839372002623 2.733408893035522e-05 0.00030021551543386144 9.667456373732203e-07 0.00848839372002623 2.733408893035522e-05 0.007100301561620073 4.8153443834686015e-05
59491.987114110765 0.015497543017596734 3.9614211860823214e-05 0.00841354635114673 2.7304372272414343e-05 0.00029756833127061815 9.656946255946733e-07 0.00841354635114673 2.7304372272414343e-05 0.007083996666450003 4.8112519436678596e-05
59491.987149590976 0.01556190802975996 3.965676530160397e-05 0.008510335391638509 2.7347322021187098e-05 0.0003009915433220377 9.672136622217264e-07 0.008510335391638509 2.7347322021187098e-05 0.0070515726381214505 4.817193224188755e-05
59491.98718507118 0.01562657738451404 3.96995357984361e-05 0.008459103922280406 2.7323645363586396e-05 0.00029917960074643703 9.663762717566052e-07 0.008459103922280406 2.73236453635864e-05 0.007167473462233636 4.8193720945433815e-05
59491.98722055139 0.015460894705040926 3.9574215172465665e-05 0.008404312277603822 2.7294447218524966e-05 0.0002972417427263453 9.65343598619796e-07 0.008404312277603822 2.729444721852497e-05 0.0070565824274371036 4.8073957143982404e-05
59491.9872560316 0.015567296061199153 3.967075046205098e-05 0.008482428337340238 2.733699234028669e-05 0.00030000453318010357 9.66848324493757e-07 0.008482428337340238 2.733699234028669e-05 0.007084867723858915 4.817758392069087e-05
59491.9872915118 0.01547299670939617 3.959366462155134e-05 0.008451432636790258 2.731426468352726e-05 0.00029890828452296456 9.660444980674994e-07 0.008451432636790258 2.731426468352726e-05 0.007021564072605912 4.810121966609236e-05
59491.98732699201 0.015544550206735076 3.9640609333763215e-05 0.008518890392238887 2.7352952473799862e-05 0.000301294114573972 9.674127987473188e-07 0.008518890392238887 2.7352952473799862e-05 0.007025659814496189 4.816183050285765e-05
59491.987362472224 0.015536149636575214 3.963042382877465e-05 0.00844158531780254 2.7311190815631196e-05 0.00029856000685783165 9.659357822297062e-07 0.00844158531780254 2.7311190815631196e-05 0.007094564318772674 4.8129737549836356e-05
59491.98739795243 0.015679633460158982 3.972149310935201e-05 0.00855117179523986 2.7365389094410852e-05 0.00030243583565342676 9.678526542241184e-07 0.00855117179523986 2.7365389094410855e-05 0.007128461664919122 4.823548004451495e-05
59491.98743343264 0.015586703761960629 3.966328701539522e-05 0.008506248172396962 2.7342049914702295e-05 0.00030084698751186163 9.670271995978235e-07 0.008506248172396962 2.7342049914702295e-05 0.007080455589563666 4.8174308821234694e-05
