WASP39b/Results/ROEBA_Results/WASP39b_nrca3_level3_asn_phot.ecsv
# %ECSV 0.9
# ---
# datatype:
# - {name: MJD, datatype: float64}
# - {name: aperture_sum, unit: Jy, datatype: float64}
# - {name: aperture_sum_err, unit: Jy, datatype: float64}
# - {name: annulus_sum, unit: Jy, datatype: float64}
# - {name: annulus_sum_err, unit: Jy, datatype: float64}
# - {name: annulus_mean, unit: Jy, datatype: float64}
# - {name: annulus_mean_err, unit: Jy, datatype: float64}
# - {name: aperture_bkg, unit: Jy, datatype: float64}
# - {name: aperture_bkg_err, unit: Jy, datatype: float64}
# - {name: net_aperture_sum, unit: Jy, datatype: float64}
# - {name: net_aperture_sum_err, unit: Jy, datatype: float64}
# meta: !!omap
# - {instrument: NIRCAM}
# - {detector: NRCA3}
# - {channel: SHORT}
# - {subarray: SUBGRISM256}
# - {filter: F210M}
# - {pupil: WLP8}
# - {target_name: UNKNOWN}
# - {xcenter: 1054}
# - {ycenter: 165}
# - ra_icrs: !numpy.ndarray
#     buffer: !!binary |
#       aXlsL3BYTXFhMEE9
#     dtype: float64
#     order: C
#     shape: !!python/tuple []
# - dec_icrs: !numpy.ndarray
#     buffer: !!binary |
#       T0ZFWVZocU9DOEE9
#     dtype: float64
#     order: C
#     shape: !!python/tuple []
# - {apertures: Photometry measured in a circular aperture of r=50.0 pixels.  Background calculated as the mean in a circular annulus
#     with r_inner=60.0 pixels and r_outer=70.0 pixels.}
# - {number_of_integrations: 378}
# - __serialized_columns__:
#     annulus_mean:
#       __class__: astropy.units.quantity.Quantity
#       unit: &id001 !astropy.units.Unit {unit: Jy}
#       value: !astropy.table.SerializedColumn {name: annulus_mean}
#     annulus_mean_err:
#       __class__: astropy.units.quantity.Quantity
#       unit: *id001
#       value: !astropy.table.SerializedColumn {name: annulus_mean_err}
#     annulus_sum:
#       __class__: astropy.units.quantity.Quantity
#       unit: *id001
#       value: !astropy.table.SerializedColumn {name: annulus_sum}
#     annulus_sum_err:
#       __class__: astropy.units.quantity.Quantity
#       unit: *id001
#       value: !astropy.table.SerializedColumn {name: annulus_sum_err}
#     aperture_bkg:
#       __class__: astropy.units.quantity.Quantity
#       unit: *id001
#       value: !astropy.table.SerializedColumn {name: aperture_bkg}
#     aperture_bkg_err:
#       __class__: astropy.units.quantity.Quantity
#       unit: *id001
#       value: !astropy.table.SerializedColumn {name: aperture_bkg_err}
#     aperture_sum:
#       __class__: astropy.units.quantity.Quantity
#       unit: *id001
#       value: !astropy.table.SerializedColumn {name: aperture_sum}
#     aperture_sum_err:
#       __class__: astropy.units.quantity.Quantity
#       unit: *id001
#       value: !astropy.table.SerializedColumn {name: aperture_sum_err}
#     net_aperture_sum:
#       __class__: astropy.units.quantity.Quantity
#       unit: *id001
#       value: !astropy.table.SerializedColumn {name: net_aperture_sum}
#     net_aperture_sum_err:
#       __class__: astropy.units.quantity.Quantity
#       unit: *id001
#       value: !astropy.table.SerializedColumn {name: net_aperture_sum_err}
# schema: astropy-2.0
MJD aperture_sum aperture_sum_err annulus_sum annulus_sum_err annulus_mean annulus_mean_err aperture_bkg aperture_bkg_err net_aperture_sum net_aperture_sum_err
[from data line 69]
59782.87161194699 0.039901771827619184 6.460773916793737e-06 0.003436764547474224 1.6058555289910328e-06 8.415047168823132e-07 3.931997620467282e-10 0.006609162591296585 3.0881837095981404e-06 0.0332926092363226 7.160899261136803e-06
59782.87256273507 0.03990750454546389 6.461287326597159e-06 0.0034351521084302282 1.605501556916591e-06 8.411099051218728e-07 3.9311309065386064e-10 0.006606061746981209 3.0875029940703674e-06 0.03330144279848268 7.16106896037446e-06
59782.87351352315 0.03990227127411354 6.460700876818972e-06 0.0034313194708161404 1.6052852807808567e-06 8.401714693967004e-07 3.9306013462912997e-10 0.006598691290031039 3.0870870784247243e-06 0.0333035799840825 7.160360497175148e-06
59782.87446431123 0.03989667460007094 6.460334121446527e-06 0.003436484648140145 1.605770280869082e-06 8.414361824783336e-07 3.931788887236547e-10 0.006608624323346433 3.0880197709020806e-06 0.033288050276724504 7.160431765348261e-06
59782.875415099305 0.03990147585265406 6.461200801493882e-06 0.0034343242759049715 1.6056188387516203e-06 8.409072072165699e-07 3.9314180755198343e-10 0.0066044697613557145 3.0877285360608083e-06 0.03329700609129834 7.161088137261641e-06
59782.87636588739 0.03989917986082256 6.460194014213985e-06 0.00343367486236997 1.605427799637713e-06 8.407481958716372e-07 3.9309503090690304e-10 0.00660322088917302 3.0873611531494482e-06 0.03329595897164954 7.16002134014016e-06
59782.87731667546 0.039903632083426836 6.4607341060919874e-06 0.0034337959657063603 1.6053597248843974e-06 8.407778484787317e-07 3.9307836254768773e-10 0.0066034537802045394 3.087230240162303e-06 0.033300178303222294 7.16045220257721e-06
59782.878267463544 0.03989898270094215 6.460074183634189e-06 0.0034356892368575427 1.6057766624919582e-06 8.412414230361532e-07 3.931804512880019e-10 0.006607094686264505 3.0880320432537658e-06 0.03329188801467765 7.160202536117185e-06
59782.87921825162 0.039897144513849576 6.45977356430868e-06 0.0034347035322658923 1.6057571550250252e-06 8.410000695620155e-07 3.9317567481140256e-10 0.006605199100511332 3.0879945288942796e-06 0.03329194541333824 7.159915133060047e-06
59782.8801690397 0.039899750561481664 6.459697497995885e-06 0.003434531347365346 1.6054116443145548e-06 8.40957909441942e-07 3.9309107521530634e-10 0.0066048679757025885 3.0873300852202983e-06 0.033294882585779076 7.159559959992002e-06
59782.881119827776 0.0399039400588401 6.460718066557631e-06 0.003433838287588476 1.6053760452713194e-06 8.407882111506388e-07 3.9308235865576747e-10 0.006603535168439377 3.087261625521768e-06 0.033300404890400724 7.160451262313255e-06
59782.88207061586 0.03989434332615442 6.459834936557439e-06 0.0034352280574994542 1.6054462600170916e-06 8.411285015369352e-07 3.9309955100017916e-10 0.006606207802883566 3.0873966538790227e-06 0.033288135523270854 7.1597126692313174e-06
59782.88302140393 0.039892637426226944 6.461141000216785e-06 0.00343137126993348 1.605301975621133e-06 8.401841526052734e-07 3.930642224235209e-10 0.0065987909037182315 3.0871191838867947e-06 0.03329384652250871 7.160771458453637e-06
59782.883972192016 0.03991194507703983 6.461381442878961e-06 0.003437037422698546 1.6059092649688317e-06 8.41571531406618e-07 3.9321291950286446e-10 0.0066096873513433576 3.0882870480169845e-06 0.03330225772569647 7.161491956382418e-06
59782.88492298009 0.03989948884489962 6.4601283959082065e-06 0.003434191375869995 1.6055265142779714e-06 8.408746661434875e-07 3.9311920155759943e-10 0.006604214184365375 3.087550988996099e-06 0.033295274660534245 7.160043994366956e-06
59782.88587376817 0.0399046372577544 6.460762999541165e-06 0.0034317139688446402 1.6061865947218883e-06 8.4026806372174e-07 3.932808247352728e-10 0.006599449940085847 3.08882037446517e-06 0.03330518731766855 7.161164000492609e-06
59782.88682455625 0.03990566566636624 6.460774243737752e-06 0.0034327401326708696 1.6052734260436348e-06 8.405193237915347e-07 3.9305723195216393e-10 0.006601423332059365 3.087064280853144e-06 0.03330424233430687 7.1604168665423705e-06
59782.88777534433 0.03989901881981303 6.4604611473579705e-06 0.0034347370688153937 1.6053467589694454e-06 8.410082811122114e-07 3.9307518779467804e-10 0.006605263593875757 3.087205305710472e-06 0.03329375522593728 7.160195167460784e-06
59782.888726132405 0.03990638166778818 6.460523703430012e-06 0.0034347547415464154 1.6063482786516788e-06 8.410126083468268e-07 3.9332041365318766e-10 0.006605297579896953 3.0891313050993825e-06 0.033301084087891224 7.161082232646547e-06
59782.88967692049 0.03989759228655719 6.461360771572267e-06 0.003435767590883666 1.605290333626648e-06 8.412606083139511e-07 3.9306137183741365e-10 0.006607245367083973 3.087096795435862e-06 0.03329034691947322 7.160960106354687e-06
59782.89062770856 0.039889203337759666 6.459308275834831e-06 0.0034331333768110603 1.6053480418034908e-06 8.40615611097309e-07 3.9307550190141574e-10 0.006602179570790501 3.0872077726990212e-06 0.03328702376696917 7.159156042026294e-06
59782.891578496645 0.03989406341963052 6.460582555079212e-06 0.0034359781219213147 1.6056339071529479e-06 8.41312157629822e-07 3.931454971066846e-10 0.006607650234464067 3.0877575137556693e-06 0.03328641318516645 7.160542815649413e-06
59782.89252928472 0.039897891721483836 6.460654112419204e-06 0.003433980962253151 1.6056956707912585e-06 8.40823145578542e-07 3.9316062016566994e-10 0.0066038095427945216 3.0878762899831897e-06 0.033294082178689316 7.160658596983906e-06
59782.8934800728 0.03989488102795334 6.4602816539344095e-06 0.003431581383353143 1.60570715920462e-06 8.402355996658108e-07 3.931634331468619e-10 0.006599194967986814 3.087898383085808e-06 0.03329568605996653 7.16033207836239e-06
59782.89443086088 0.03990461178503558 6.461049637131298e-06 0.0034325550383494654 1.605369533079232e-06 8.404740027512428e-07 3.930807641210581e-10 0.00660106738144128 3.087249102075446e-06 0.0333035444035943 7.160745033286699e-06
59782.89538164896 0.0399044368689567 6.460431114780898e-06 0.0034370243976619558 1.6055881043472062e-06 8.41568342177453e-07 3.931342821175442e-10 0.0066096623031960695 3.0876694314369354e-06 0.03329477456576063 7.1603681963052185e-06
59782.896332437034 0.03989917601086927 6.460420416205403e-06 0.003437200811169005 1.6055852069575714e-06 8.416115376877223e-07 3.93133572680802e-10 0.006610001559940394 3.0876638595337912e-06 0.033289174450928875 7.1603561408350845e-06
59782.89728322512 0.03990633732211343 6.460481058151458e-06 0.0034359419244502443 1.6053792194468808e-06 8.413032945429785e-07 3.930831358645841e-10 0.006607580623942778 3.08726772970554e-06 0.03329875669817066 7.160240047485488e-06
59782.89823401319 0.03990147344260211 6.460740647043908e-06 0.0034333123812646583 1.605586227514107e-06 8.406594410105791e-07 3.9313382256790557e-10 0.006602523810124343 3.0876658221425133e-06 0.033298949632477766 7.160645916227973e-06
59782.899184801274 0.039892854451662275 6.460086811620951e-06 0.003435944527322253 1.6062258023526213e-06 8.41303931865973e-07 3.9329042487102365e-10 0.006607585629465872 3.088895773755041e-06 0.0332852688221964 7.160586478410878e-06
59782.90013558935 0.039915238730067734 6.461505607626864e-06 0.003438006059010056 1.6058721117716327e-06 8.418087056482106e-07 3.9320382240288617e-10 0.006611550113480877 3.0882155995608322e-06 0.033303688616586856 7.1615731726181696e-06
59782.90108637743 0.03990884250047681 6.461010311482677e-06 0.003435512686632506 1.6061694717972804e-06 8.411981940499708e-07 3.9327663212282425e-10 0.006606755166600974 3.088787445764001e-06 0.03330208733387584 7.161372922156392e-06
59782.902037165506 0.03990715341097817 6.460544552820516e-06 0.003435660838430291 1.6057883789033241e-06 8.412344695745022e-07 3.931833200953622e-10 0.006607040073904406 3.0880545748140854e-06 0.033300113337073764 7.16063663203273e-06
59782.90298795359 0.039893672362999844 6.460114269812977e-06 0.0034327052224834608 1.606527959781519e-06 8.405107759009341e-07 3.933644092531791e-10 0.006601356197083579 3.0894768457336906e-06 0.03329231616591626 7.160861928522701e-06
59782.90393874166 0.03991048947359356 6.46124684239571e-06 0.003434153391506033 1.6053855294450487e-06 8.408653655292032e-07 3.930846808913523e-10 0.006604141137511602 3.0872798643174013e-06 0.03330634833608196 7.160936232015211e-06
59782.904889529746 0.03990306841727226 6.4602270887294e-06 0.003433867569083692 1.605667686514166e-06 8.407953808348e-07 3.9315376811024207e-10 0.0066035914790071 3.087822474065704e-06 0.033299476938265155 7.160250112202673e-06
59782.90584031782 0.03990113810270581 6.440046603642008e-06 0.003431215072037225 1.5984853548696952e-06 8.401459069632895e-07 3.9139514721156073e-10 0.00659849052314851 3.074010297826337e-06 0.0333026475795573 7.136087132891759e-06
59782.9067911059 0.03989935759644604 6.440084233214896e-06 0.0034333259040589346 1.598063682607872e-06 8.406627521175844e-07 3.9129189917335477e-10 0.006602549815497951 3.0731993896305236e-06 0.03329680778094809 7.135771816652247e-06
59782.907741893985 0.039894978781224735 6.439377007516482e-06 0.0034328163877855792 1.5991397702613233e-06 8.40537995142984e-07 3.9155538327988847e-10 0.00660156997651073 3.0752687889640835e-06 0.03329340880471401 7.136025109912979e-06
59782.90869268206 0.0399032934354935 6.439979882661046e-06 0.0034357495294795315 1.5982545871467331e-06 8.412561859112631e-07 3.9133864286722923e-10 0.0066072106336144834 3.073566513743718e-06 0.03329608280187902 7.135835760686039e-06
59782.90964347014 0.03989747180497258 6.439251050056961e-06 0.003437925350803742 1.598914675257347e-06 8.417889439405445e-07 3.9150026792212215e-10 0.006611394905391812 3.074835913956437e-06 0.03328607689958077 7.13572490945496e-06
59782.91059425822 0.03990193524202444 6.4398052328796125e-06 0.0034322589419236577 1.5986724945430352e-06 8.404015024284749e-07 3.9144096906396177e-10 0.006600497965237803 3.0743701818135297e-06 0.03330143727678664 7.136024344987046e-06
59782.9115450463 0.039904536951783476 6.439534972554256e-06 0.0034368076434367944 1.5989174419169927e-06 8.415152690907292e-07 3.9150094534913517e-10 0.006609245468147682 3.0748412344557554e-06 0.033295291483635796 7.135983413647956e-06
59782.912495834375 0.03990618236374119 6.440319134859801e-06 0.003432867498329802 1.5985727216004145e-06 8.405505097518413e-07 3.9141653928395423e-10 0.006601668266018851 3.0741783107700284e-06 0.03330451409772234 7.136405456898463e-06
59782.91344662246 0.03990343288586269 6.440027389948716e-06 0.003431321472193269 1.5982649911457142e-06 8.401719594414127e-07 3.9134119032548424e-10 0.00659869513883321 3.0735865214340656e-06 0.03330473774702948 7.135887253035241e-06
59782.91439741053 0.03989928415128795 6.439225346004535e-06 0.0034342874885460208 1.5985398988612306e-06 8.408981996934617e-07 3.914085025128974e-10 0.006604399016434656 3.0741151901177513e-06 0.03329488513485329 7.135391177695861e-06
59782.915348198614 0.03989361425244936 6.4388649795128425e-06 0.0034344036176392327 1.598296382595687e-06 8.409266343384178e-07 3.9134887663999806e-10 0.006604622341613909 3.0736468896070904e-06 0.03328899191083545 7.134864219197746e-06
59782.91629898669 0.03989955092420861 6.439436239475656e-06 0.0034324396271319954 1.598675735827756e-06 8.404457438808603e-07 3.9144176270470837e-10 0.0066008454367922995 3.0743764150533773e-06 0.033298705487416314 7.135694039384595e-06
59782.91724977477 0.03991108667513687 6.441277463887346e-06 0.0034343277647839476 1.5983669620117948e-06 8.409080614817005e-07 3.9136615827531206e-10 0.006604476470738361 3.0737826192534516e-06 0.033306610204398505 7.1370998982224995e-06
59782.918200562846 0.039885201253890376 6.438629848244756e-06 0.003432315595784767 1.5987418357249694e-06 8.404153743393069e-07 3.914579475129843e-10 0.006600606914970706 3.074503530240326e-06 0.03328459433891967 7.1350211128046786e-06
59782.91915135093 0.039895104642755544 6.4396190666163355e-06 0.00343472109298082 1.5988597967655165e-06 8.410043693690692e-07 3.91486830717131e-10 0.006605232871116962 3.0747303783952246e-06 0.033289871771638585 7.136011534670827e-06
59782.920102139 0.03990834547378559 6.439676331862365e-06 0.0034328815788161847 1.5983928321052306e-06 8.40553957411855e-07 3.9137249266492524e-10 0.0066016953438772785 3.073832369433136e-06 0.03330665012990831 7.135676330560632e-06
59782.921052927086 0.03989563523068386 6.440355303822787e-06 0.0034306721590745457 1.5982918687160801e-06 8.400129726837832e-07 3.9134777139961047e-10 0.006597446459758742 3.0736382090693852e-06 0.033298188770925115 7.136205453861987e-06
59782.92200371516 0.03989218418667743 6.4394313868033056e-06 0.003433052007300619 1.597976687085666e-06 8.405956874668418e-07 3.9127059799276096e-10 0.00660202309096273 3.073032090549358e-06 0.0332901610957147 7.135110567811385e-06
59782.92295450324 0.03988716643013596 6.439841370252885e-06 0.0034326046088026265 1.598275578259727e-06 8.404861402630149e-07 3.9134378262014303e-10 0.00660116270923582 3.073606881268706e-06 0.03328600372090014 7.1357281432663125e-06
59782.92390529132 0.03990646800232077 6.4408440947810934e-06 0.003435707085946406 1.5983402414587399e-06 8.41245793452649e-07 3.9135961564746464e-10 0.006607129011435397 3.0737312335745e-06 0.03329933899088537 7.136686650647337e-06
59782.9248560794 0.0399076458661692 6.44055063955565e-06 0.003432088616280615 1.5980658745605315e-06 8.403597975545894e-07 3.912924358812021e-10 0.00660017041592426 3.0732036049240994e-06 0.033307475450244935 7.136194569796929e-06
59782.925806867475 0.03989026301069007 6.43885181197285e-06 0.0034337772882336573 1.5982588285015794e-06 8.407732752293391e-07 3.9133968137890495e-10 0.006603417861987803 3.0735746701953456e-06 0.03328684514870227 7.1348212247969095e-06
59782.92675765556 0.0399022957356725 6.43994831333458e-06 0.003434482332170109 1.5982141025134997e-06 8.409459078871596e-07 3.9132873005261635e-10 0.006604773715711749 3.073488658679807e-06 0.03329752201996075 7.1357737361448265e-06
59782.92770844363 0.039890018221812984 6.439484009371802e-06 0.003434763510251433 1.598094390809158e-06 8.410147553972085e-07 3.912994181918596e-10 0.006605314442791218 3.0732584438637657e-06 0.03328470377902176 7.135255550415492e-06
59782.928659231715 0.03989381860032691 6.439764848183456e-06 0.003432964906335287 1.5979456544418954e-06 8.405743604681022e-07 3.9126299953329433e-10 0.006601855589106321 3.0729724123882604e-06 0.03329196301122059 7.1353858162820185e-06
59782.92961001979 0.039897464294591255 6.439758558011414e-06 0.003435526005563393 1.5982523910546294e-06 8.412014552402591e-07 3.913381051458234e-10 0.006606780779929603 3.073562290489672e-06 0.03329068351466165 7.135634200195619e-06
59782.93056080787 0.03989653789501152 0.00044218008479976245 0.0034321575248958073 1.5984814468867739e-06 8.403766700880194e-07 3.913941903272539e-10 0.0066003029324919376 3.0740027824745653e-06 0.03329623496251958 0.00044219076978904904
59782.93151159595 0.03990243198811768 6.4397874415547035e-06 0.0034328829881651586 1.5981737076292176e-06 8.405543024962484e-07 3.9131883921337156e-10 0.006601698054163767 3.0734109762100338e-06 0.03330073393395391 7.135595092288658e-06
59782.93246238403 0.039897326937258434 6.439684890833762e-06 0.0034335325223209903 1.598630766161217e-06 8.407133433756448e-07 3.9143075171283317e-10 0.006602947158309597 3.0742899349254174e-06 0.033294379778948835 7.135881171741607e-06
59782.933413172104 0.03990535991860733 6.440762641922143e-06 0.0034368713728039416 1.5988742484251816e-06 8.415308734658086e-07 3.9149036926031804e-10 0.006609368024622965 3.0747581700484264e-06 0.03329599189398436 7.137055500264759e-06
59782.93436396019 0.039909470951438986 6.4402462449142546e-06 0.003431599141876529 1.5984165225350902e-06 8.402399479070091e-07 3.913782933557193e-10 0.0065992291189933255 3.0738779279520968e-06 0.03331024183244566 7.136210283552695e-06
