WASP39b/Results/ROEBA_Results/WASP39b_nrca3_level3_asn_phot.ecsv
# %ECSV 0.9
# ---
# datatype:
# - {name: MJD, datatype: float64}
# - {name: aperture_sum, unit: Jy, datatype: float64}
# - {name: aperture_sum_err, unit: Jy, datatype: float64}
# - {name: annulus_sum, unit: Jy, datatype: float64}
# - {name: annulus_sum_err, unit: Jy, datatype: float64}
# - {name: annulus_mean, unit: Jy, datatype: float64}
# - {name: annulus_mean_err, unit: Jy, datatype: float64}
# - {name: aperture_bkg, unit: Jy, datatype: float64}
# - {name: aperture_bkg_err, unit: Jy, datatype: float64}
# - {name: net_aperture_sum, unit: Jy, datatype: float64}
# - {name: net_aperture_sum_err, unit: Jy, datatype: float64}
# meta: !!omap
# - {instrument: NIRCAM}
# - {detector: NRCA3}
# - {channel: SHORT}
# - {subarray: SUBGRISM256}
# - {filter: F210M}
# - {pupil: WLP8}
# - {target_name: UNKNOWN}
# - {xcenter: 1054}
# - {ycenter: 165}
# - ra_icrs: !numpy.ndarray
#     buffer: !!binary |
#       aXlsL3BYTXFhMEE9
#     dtype: float64
#     order: C
#     shape: !!python/tuple []
# - dec_icrs: !numpy.ndarray
#     buffer: !!binary |
#       T0ZFWVZocU9DOEE9
#     dtype: float64
#     order: C
#     shape: !!python/tuple []
# - {apertures: Photometry measured in a circular aperture of r=50.0 pixels.  Background calculated as the mean in a circular annulus
#     with r_inner=60.0 pixels and r_outer=70.0 pixels.}
# - {number_of_integrations: 378}
# - __serialized_columns__:
#     annulus_mean:
#       __class__: astropy.units.quantity.Quantity
#       unit: &id001 !astropy.units.Unit {unit: Jy}
#       value: !astropy.table.SerializedColumn {name: annulus_mean}
#     annulus_mean_err:
#       __class__: astropy.units.quantity.Quantity
#       unit: *id001
#       value: !astropy.table.SerializedColumn {name: annulus_mean_err}
#     annulus_sum:
#       __class__: astropy.units.quantity.Quantity
#       unit: *id001
#       value: !astropy.table.SerializedColumn {name: annulus_sum}
#     annulus_sum_err:
#       __class__: astropy.units.quantity.Quantity
#       unit: *id001
#       value: !astropy.table.SerializedColumn {name: annulus_sum_err}
#     aperture_bkg:
#       __class__: astropy.units.quantity.Quantity
#       unit: *id001
#       value: !astropy.table.SerializedColumn {name: aperture_bkg}
#     aperture_bkg_err:
#       __class__: astropy.units.quantity.Quantity
#       unit: *id001
#       value: !astropy.table.SerializedColumn {name: aperture_bkg_err}
#     aperture_sum:
#       __class__: astropy.units.quantity.Quantity
#       unit: *id001
#       value: !astropy.table.SerializedColumn {name: aperture_sum}
#     aperture_sum_err:
#       __class__: astropy.units.quantity.Quantity
#       unit: *id001
#       value: !astropy.table.SerializedColumn {name: aperture_sum_err}
#     net_aperture_sum:
#       __class__: astropy.units.quantity.Quantity
#       unit: *id001
#       value: !astropy.table.SerializedColumn {name: net_aperture_sum}
#     net_aperture_sum_err:
#       __class__: astropy.units.quantity.Quantity
#       unit: *id001
#       value: !astropy.table.SerializedColumn {name: net_aperture_sum_err}
# schema: astropy-2.0
MJD aperture_sum aperture_sum_err annulus_sum annulus_sum_err annulus_mean annulus_mean_err aperture_bkg aperture_bkg_err net_aperture_sum net_aperture_sum_err
[from data line 205]
59783.0009191257 0.03875927027291221 6.364271846957978e-06 0.0033390223763150447 1.59289719796725e-06 8.175721788999786e-07 3.9002686599033417e-10 0.006421196877528933 3.0632638422447115e-06 0.03233807339538328 7.0631113193256235e-06
59783.00186991377 0.038760594073507 6.364401450610184e-06 0.0033352250509872056 1.5921057776993357e-06 8.166423895208191e-07 3.8983308376310083e-10 0.00641389432882155 3.06174188019103e-06 0.03234669974468545 7.062568170675928e-06
59783.002820701855 0.03874487335802609 6.36362560117151e-06 0.003332171753145717 1.5915321724723178e-06 8.158947780681965e-07 3.8969263436731124e-10 0.006408022602203302 3.060638793215996e-06 0.03233685075582279 7.061390841358672e-06
59783.00377148993 0.038741349260568936 6.363624246140302e-06 0.0033354564374787695 1.5918707718142792e-06 8.166990453729686e-07 3.8977554168885094e-10 0.006414339302843788 3.061289945796691e-06 0.032327009957725146 7.06167187557597e-06
59783.00472227801 0.03873909447096157 6.363558563601782e-06 0.0033349698616146214 1.5918791406045343e-06 8.165799054437864e-07 3.897775908185999e-10 0.006413403580028118 3.0613060396241047e-06 0.03232569089093345 7.061619662699811e-06
59783.00567306609 0.038736060628496743 6.359279151408461e-06 0.0033302804340055525 1.590252806000606e-06 8.154316814680096e-07 3.893793766780821e-10 0.006404385450010678 3.0581784730780888e-06 0.03233167517848606 7.056407506567102e-06
59783.00662385417 0.038745788177970274 6.358415762480729e-06 0.003334544514807375 1.5900719963541973e-06 8.164757576793224e-07 3.8933510475656724e-10 0.006412585605398799 3.0578307622196104e-06 0.032333202572571475 7.055478720748858e-06
59783.007574642244 0.03873240933642419 6.35755103488103e-06 0.0033301123046965706 1.590428140877306e-06 8.153905143747741e-07 3.894223080816562e-10 0.006404062124416483 3.0585156555332807e-06 0.03232834721200771 7.054996327161272e-06
59783.00852543033 0.038739970230676254 6.3583032523249414e-06 0.0033360232446300914 1.590411937008424e-06 8.168378302343727e-07 3.894183405034566e-10 0.00641542931659633 3.0584844942469697e-06 0.03232454091407992 7.055660681330634e-06
59783.0094762184 0.038743014704156 6.358451276365786e-06 0.003334486196471093 1.5899904761544584e-06 8.164614782154883e-07 3.893151442292591e-10 0.006412473454752102 3.057673992604728e-06 0.03233054124940389 7.0554427840475774e-06
59783.010427006484 0.03873683398882618 6.357705662487611e-06 0.003334166316942726 1.5900380670202997e-06 8.163831545106675e-07 3.8932679703163554e-10 0.006411858301812935 3.057765513500577e-06 0.032324975687013244 7.054810502513903e-06
59783.01137779456 0.03873112469687118 6.357229793153822e-06 0.003328825550931937 1.5897480735282932e-06 8.15075447879107e-07 3.8925579103514733e-10 0.006401587597946032 3.0572078337082564e-06 0.032329537098925144 7.054139946262033e-06
59783.01232858264 0.03874085842318285 6.358558924732275e-06 0.00333439418194449 1.5896606307318453e-06 8.164389481128035e-07 3.892343803377743e-10 0.006412296503739404 3.057039674484318e-06 0.03232856191944345 7.0552649256185735e-06
59783.013279370716 0.03873745985707206 6.3577775658345224e-06 0.0033338401834380766 1.5904239479487618e-06 8.163032994962477e-07 3.8942128142734264e-10 0.006411231121996302 3.0585075922091575e-06 0.03232622873507576 7.055196968776265e-06
59783.0142301588 0.03873633443699318 6.3580162008495514e-06 0.003336247592843014 1.5897092325114724e-06 8.168927627375427e-07 3.892462806661908e-10 0.006415860755467335 3.0571331394451395e-06 0.032320473681525845 7.05481630112075e-06
59783.01518094687 0.03875497462178157 6.358574929734421e-06 0.0033338678313450925 1.5898281981421876e-06 8.163100691901981e-07 3.89275409848016e-10 0.0064112842910482555 3.057361919504207e-06 0.03234369033073331 7.055418984290128e-06
59783.016131734956 0.038735863335238055 6.357846748323478e-06 0.0033362759107829643 1.5901652288786814e-06 8.168996964915754e-07 3.893579330906112e-10 0.0064159152130441625 3.0580100555359257e-06 0.032319948122193895 7.055043640894524e-06
59783.01708252303 0.03874160805047516 6.358697719916975e-06 0.0033334950043745165 1.5902700087117092e-06 8.162187811051441e-07 3.8938358882655385e-10 0.00641056731610484 3.0582115552148256e-06 0.03233104073437032 7.055897859927311e-06
59783.01803331111 0.03875350570270113 6.3590724359090915e-06 0.0033347811307693673 1.5899240510210148e-06 8.165336939869617e-07 3.8929887978566976e-10 0.006413040636094938 3.0575462519634904e-06 0.03234046506660619 7.055947231097663e-06
59783.01898409919 0.038773694819804416 6.360078579578375e-06 0.0033341432459805783 1.5898011713658608e-06 8.16377505498871e-07 3.8926879224024946e-10 0.006411813934578035 3.057309944934348e-06 0.03236188088522638 7.056751634980938e-06
59783.01993488727 0.03875731105794129 6.35859232200868e-06 0.0033344022451390334 1.5902244098510828e-06 8.164409224162938e-07 3.8937242377414146e-10 0.006412312009882757 3.0581238650982364e-06 0.032344999048058536 7.0557648693668294e-06
59783.020885675345 0.03876396767363814 6.359699793019383e-06 0.0033348378897581393 1.589839570799796e-06 8.16547591638697e-07 3.8927819448597673e-10 0.006413149787996422 3.0573837899996083e-06 0.03235081788564172 7.056442240724653e-06
59783.02183646343 0.03877278052434659 6.360526353412244e-06 0.003334166720181684 1.590069736810796e-06 8.16383253245242e-07 3.893345514988727e-10 0.00641185907727247 3.057826416943839e-06 0.032360921447074115 7.057378967337042e-06
59783.0227872515 0.03878325920435599 6.361462336261929e-06 0.003338630927400616 1.5901141275078826e-06 8.174763311619797e-07 3.8934542072790133e-10 0.006420444091155031 3.057911783669005e-06 0.03236281511320096 7.058259525717429e-06
59783.023738039585 0.03877694105508342 6.361191788487627e-06 0.0033375921902277944 1.5902142215787669e-06 8.172219924610138e-07 3.8936992913737125e-10 0.006418446519668836 3.0581042722668597e-06 0.03235849453541458 7.058099086154801e-06
59783.02468882766 0.03879315111459433 6.361424464454799e-06 0.0033423001049148904 1.5910277030166771e-06 8.183747430673311e-07 3.8956911312499726e-10 0.006427500201759405 3.0596686596474563e-06 0.03236565091283493 7.05898672075482e-06
59783.02563961574 0.03878274940359368 6.360851133349543e-06 0.0033352818062200177 1.5901727159819844e-06 8.166562862528936e-07 3.89359766335996e-10 0.006414003473500035 3.0580244538115087e-06 0.032368745930093645 7.057757483843104e-06
59783.02659040382 0.0387961782621404 6.361794509630638e-06 0.0033383170968378853 1.5906420299417367e-06 8.173994885691307e-07 3.8947467962300614e-10 0.006419840570842088 3.058926980657186e-06 0.032376337691298315 7.058998771480203e-06
59783.0275411919 0.03880445875732158 6.361932835590028e-06 0.003341251404789734 1.5902805877264017e-06 8.181179649000392e-07 3.893861791380636e-10 0.006425483470749489 3.0582318994738497e-06 0.03237897528657209 7.058822264054961e-06
59783.028491979974 0.038813331687413695 6.362976604450052e-06 0.0033389929267901106 1.5908485202983715e-06 8.175649680731094e-07 3.8952523956294345e-10 0.006421140243827136 3.0593240774968683e-06 0.03239219144358656 7.060236191511639e-06
59783.02944276806 0.0388452700460933 6.364785514346431e-06 0.0033445321167888406 1.5903827738218163e-06 8.189212595639142e-07 3.8941119978760284e-10 0.006431792532286233 3.0584284111958006e-06 0.03241347751380706 7.061478527195549e-06
59783.03039355613 0.03884931602801625 6.364945682077451e-06 0.0033425331863200652 1.590318969581433e-06 8.184318139254487e-07 3.893955770795302e-10 0.006427948435230896 3.058305710733525e-06 0.032421367592785355 7.06156975155678e-06
59783.031344344214 0.03884751071960262 6.36482051924692e-06 0.003340387561399834 1.5903697598784214e-06 8.179064495991779e-07 3.894080132746484e-10 0.006423822233461219 3.05840338438158e-06 0.032423688486141404 7.061499239100953e-06
59783.03229513229 0.03885722721522184 6.365820540248292e-06 0.003343855929748782 1.590464388010498e-06 8.187556926256373e-07 3.8943118332845686e-10 0.006430492172593812 3.05858536155865e-06 0.03242673504262803 7.062479420471816e-06
59783.03324592037 0.03887456878841466 6.366792655727142e-06 0.0033448706232645405 1.5904781053079326e-06 8.190041441468007e-07 3.894345420602916e-10 0.006432443506277963 3.058611740976794e-06 0.0324421252821367 7.063367079733445e-06
59783.034196708446 0.03888230887762428 6.368524232618819e-06 0.003343763760699275 1.5906884532414008e-06 8.187331246874386e-07 3.8948604654241564e-10 0.006430314924421683 3.059016256233463e-06 0.0324519939532026 7.065103067709184e-06
59783.03514749653 0.03889465913396843 6.368853241640845e-06 0.0033466995068877755 1.5914128526649956e-06 8.194519531759972e-07 3.896634184640126e-10 0.0064359605901688 3.0604093320480686e-06 0.03245869854379963 7.066002893662442e-06
59783.0360982846 0.03891562976826449 6.3693541404872045e-06 0.0033477598399866155 1.5908026274931066e-06 8.197115797206191e-07 3.895140025370815e-10 0.006437999692281953 3.0592358221021285e-06 0.03247763007598253 7.065946219875607e-06
59783.037049072685 0.0389204266057972 6.37001978689584e-06 0.0033508815010728577 1.5910143668037327e-06 8.204759301706701e-07 3.895658477031323e-10 0.006444002886678573 3.0596430130841014e-06 0.03247642371911862 7.0667225396897315e-06
59783.03799986076 0.03893199313599113 6.371441197923554e-06 0.003348856315554734 1.590898707531298e-06 8.199800558846893e-07 3.8953752809555937e-10 0.00644010829914372 3.0594205914063426e-06 0.03249188483684741 7.0679075612035745e-06
59783.03895064884 0.03896233782186249 6.3725097235703956e-06 0.003353042448807952 1.5912246847822951e-06 8.210050463457523e-07 3.8961734485068507e-10 0.006448158555399908 3.060047470735183e-06 0.03251417926646258 7.06914214740035e-06
59783.03990143692 0.038970455221328276 6.372987702202405e-06 0.0033517129276591845 1.5910907446445476e-06 8.206795080953345e-07 3.895845491045298e-10 0.00644560178395997 3.059789893547207e-06 0.03252485343736831 7.069461538552757e-06
59783.040852225 0.03897453837146336 6.3731067866947e-06 0.003357904183828922 1.5916155555059105e-06 8.221954604389682e-07 3.8971305101649013e-10 0.00645750804582485 3.0607991452036743e-06 0.03251703032563851 7.070005765336658e-06
59783.04180301308 0.03900022524158371 6.374972584141506e-06 0.0033530326307186025 1.591546162703998e-06 8.210026423496728e-07 3.8969605992812187e-10 0.006448139674458851 3.0606656975076884e-06 0.03255208556712486 7.07162993661688e-06
59783.04275380116 0.03899769975917468 6.3758666371069974e-06 0.003357638114932637 1.5915991730864132e-06 8.221303124696656e-07 3.8970903971950125e-10 0.006456996374870456 3.060767640550795e-06 0.032540703384304225 7.072480040524468e-06
59783.04370458924 0.03902275399355447 6.377426774539529e-06 0.0033571918841947936 1.591500153926984e-06 8.220210511963005e-07 3.896847945061413e-10 0.006456138238836142 3.0605772190903543e-06 0.03256661575471832 7.073804151842805e-06
59783.044655377314 0.03905044145742761 6.378320985658117e-06 0.003356589716813566 1.591569935195273e-06 8.218736082496989e-07 3.8970188071196196e-10 0.006454980224641474 3.060711413837064e-06 0.03259546123278614 7.0746683989342715e-06
59783.0456061654 0.03906693449961696 6.3797543449070985e-06 0.0033613749903434655 1.5917752525905939e-06 8.230453004594378e-07 3.897521534479128e-10 0.0064641826737374345 3.0611062549819113e-06 0.03260275182587953 7.076131500025305e-06
59783.04655695347 0.039063312359762174 6.379006004682847e-06 0.003360645993675278 1.5917318638806292e-06 8.228668028852231e-07 3.8974152955919704e-10 0.006462780757067843 3.0610228151550564e-06 0.032600531602694334 7.075420714182274e-06
59783.047507741554 0.03910987514701954 6.382692095907611e-06 0.003365172654584181 1.592067783093798e-06 8.239751728226889e-07 3.8982378064112835e-10 0.006471485874200349 3.06166881364192e-06 0.03263838927281919 7.079023542522585e-06
59783.04845852963 0.03911677125898777 6.382933869108294e-06 0.0033645360817021195 1.5921939849223521e-06 8.238193055598913e-07 3.8985468163319235e-10 0.006470261695580999 3.0619115094660617e-06 0.03264650956340677 7.079346500151728e-06
59783.04940931771 0.03914626809993892 6.38482471536024e-06 0.0033701098802827825 1.5921778218665627e-06 8.251840710920623e-07 3.898507240482318e-10 0.0064809805390053515 3.061880426666467e-06 0.03266528756093357 7.081037946027277e-06
59783.050360105786 0.03917161016569919 6.386479040780731e-06 0.0033700288551683586 1.5927345630801703e-06 8.251642317882544e-07 3.899870442269528e-10 0.006480824721477613 3.062951082846482e-06 0.032690785444221576 7.082992579005148e-06
59783.05131089387 0.03919012581449473 6.388128072371438e-06 0.003372978665361209 1.592801258296393e-06 8.258865039011389e-07 3.900033748013258e-10 0.00648649743338694 3.063079342877679e-06 0.03270362838110779 7.084534940967119e-06
59783.05226168194 0.039214408029993646 6.389463551423723e-06 0.003376552828364513 1.5926811806701495e-06 8.267616511463574e-07 3.8997397334321594e-10 0.00649337082377791 3.0628484243656726e-06 0.03272103720621573 7.085639346284253e-06
59783.053212470026 0.039244373015804516 6.391530653251256e-06 0.003377566433144404 1.5926023625457487e-06 8.270098360864517e-07 3.8995467442921035e-10 0.006495320063739239 3.062696851049517e-06 0.032749052952065275 7.0874379075148915e-06
59783.0541632581 0.03928206851822677 6.393548095736493e-06 0.0033765270047658143 1.5925814865231404e-06 8.267553281411554e-07 3.8994956285661e-10 0.006493321163011182 3.0626567048521935e-06 0.032788747355215586 7.089239969437615e-06
59783.05511404618 0.03932732620958282 6.396942838070085e-06 0.0033832663354362467 1.5935447991203622e-06 8.284054785862788e-07 3.9018543356674933e-10 0.006506281414300475 3.06450922907762e-06 0.03282104479528235 7.093101894702914e-06
59783.05606483426 0.03936615775300195 6.399614576060417e-06 0.003384901945865213 1.5933360830676027e-06 8.288059639474212e-07 3.901343286567504e-10 0.006509426818971564 3.0641078520530824e-06 0.03285673093403039 7.095338163268775e-06
59783.05701562234 0.03940443163698171 6.4028083071286555e-06 0.003390452779393499 1.593648536462212e-06 8.301651064002011e-07 3.9021083404480873e-10 0.006520101498833652 3.0647087239657925e-06 0.03288433013814805 7.098478272178323e-06
59783.057966410415 0.039455013260561264 6.405614810989219e-06 0.003396606491717364 1.594716236425289e-06 8.316718659920606e-07 3.9047226439382835e-10 0.006531935560994931 3.0667619931255562e-06 0.03292307769956633 7.101896241796545e-06
59783.0589171985 0.039499048350932944 6.407993626350843e-06 0.0033951716814047367 1.5941181520939517e-06 8.313205472941315e-07 3.9032582119733885e-10 0.006529176310393725 3.065611830949907e-06 0.03296987204053922 7.1035454678219e-06
59783.05986798657 0.039557248024404745 6.411750309356163e-06 0.0034039493172976216 1.5944815903942054e-06 8.334697844341523e-07 3.9041481043117624e-10 0.006546056379418503 3.0663107507580877e-06 0.03301119164498624 7.107236006334916e-06
59783.060818774655 0.039588318895900095 6.414149400901027e-06 0.003403438813903302 1.5942408492966055e-06 8.333447857592736e-07 3.9035586406857873e-10 0.006545074642121736 3.065847787108857e-06 0.03304324425377836 7.109200742052463e-06
59783.06176956273 0.03963370867770755 6.41761343462997e-06 0.003410825328256987 1.594793662198864e-06 8.351534015617477e-07 3.9049122238550086e-10 0.006559279477417283 3.066910888843969e-06 0.03307442920029027 7.112784588081716e-06
59783.06272035081 0.039677290501549195 6.419697078619383e-06 0.003412313769433197 1.5951478473354234e-06 8.355178519782021e-07 3.9057794594742874e-10 0.0065621418642946095 3.0675920141065835e-06 0.033115148637254586 7.11495828141281e-06
59783.06367113889 0.0397137418921413 6.42237693589836e-06 0.0034185444473134406 1.595460990449113e-06 8.370434568758238e-07 3.9065462021579627e-10 0.006574123937141232 3.0681942124021406e-06 0.03313961795500007 7.1176359299824545e-06
