WASP39b/Results/ROEBA_Results/WASP39b_nrca3_level3_asn_phot.ecsv
# %ECSV 0.9
# ---
# datatype:
# - {name: MJD, datatype: float64}
# - {name: aperture_sum, unit: Jy, datatype: float64}
# - {name: aperture_sum_err, unit: Jy, datatype: float64}
# - {name: annulus_sum, unit: Jy, datatype: float64}
# - {name: annulus_sum_err, unit: Jy, datatype: float64}
# - {name: annulus_mean, unit: Jy, datatype: float64}
# - {name: annulus_mean_err, unit: Jy, datatype: float64}
# - {name: aperture_bkg, unit: Jy, datatype: float64}
# - {name: aperture_bkg_err, unit: Jy, datatype: float64}
# - {name: net_aperture_sum, unit: Jy, datatype: float64}
# - {name: net_aperture_sum_err, unit: Jy, datatype: float64}
# meta: !!omap
# - {instrument: NIRCAM}
# - {detector: NRCA3}
# - {channel: SHORT}
# - {subarray: SUBGRISM256}
# - {filter: F210M}
# - {pupil: WLP8}
# - {target_name: UNKNOWN}
# - {xcenter: 1054}
# - {ycenter: 165}
# - ra_icrs: !numpy.ndarray
#     buffer: !!binary |
#       aXlsL3BYTXFhMEE9
#     dtype: float64
#     order: C
#     shape: !!python/tuple []
# - dec_icrs: !numpy.ndarray
#     buffer: !!binary |
#       T0ZFWVZocU9DOEE9
#     dtype: float64
#     order: C
#     shape: !!python/tuple []
# - {apertures: Photometry measured in a circular aperture of r=50.0 pixels.  Background calculated as the mean in a circular annulus
#     with r_inner=60.0 pixels and r_outer=70.0 pixels.}
# - {number_of_integrations: 378}
# - __serialized_columns__:
#     annulus_mean:
#       __class__: astropy.units.quantity.Quantity
#       unit: &id001 !astropy.units.Unit {unit: Jy}
#       value: !astropy.table.SerializedColumn {name: annulus_mean}
#     annulus_mean_err:
#       __class__: astropy.units.quantity.Quantity
#       unit: *id001
#       value: !astropy.table.SerializedColumn {name: annulus_mean_err}
#     annulus_sum:
#       __class__: astropy.units.quantity.Quantity
#       unit: *id001
#       value: !astropy.table.SerializedColumn {name: annulus_sum}
#     annulus_sum_err:
#       __class__: astropy.units.quantity.Quantity
#       unit: *id001
#       value: !astropy.table.SerializedColumn {name: annulus_sum_err}
#     aperture_bkg:
#       __class__: astropy.units.quantity.Quantity
#       unit: *id001
#       value: !astropy.table.SerializedColumn {name: aperture_bkg}
#     aperture_bkg_err:
#       __class__: astropy.units.quantity.Quantity
#       unit: *id001
#       value: !astropy.table.SerializedColumn {name: aperture_bkg_err}
#     aperture_sum:
#       __class__: astropy.units.quantity.Quantity
#       unit: *id001
#       value: !astropy.table.SerializedColumn {name: aperture_sum}
#     aperture_sum_err:
#       __class__: astropy.units.quantity.Quantity
#       unit: *id001
#       value: !astropy.table.SerializedColumn {name: aperture_sum_err}
#     net_aperture_sum:
#       __class__: astropy.units.quantity.Quantity
#       unit: *id001
#       value: !astropy.table.SerializedColumn {name: net_aperture_sum}
#     net_aperture_sum_err:
#       __class__: astropy.units.quantity.Quantity
#       unit: *id001
#       value: !astropy.table.SerializedColumn {name: net_aperture_sum_err}
# schema: astropy-2.0
MJD aperture_sum aperture_sum_err annulus_sum annulus_sum_err annulus_mean annulus_mean_err aperture_bkg aperture_bkg_err net_aperture_sum net_aperture_sum_err
[from data line 137]
59782.936265536344 0.03989709834963084 6.439638001768602e-06 0.00343393555363958 1.5981009469545378e-06 8.408120271088362e-07 3.9130102348869775e-10 0.006603722218537654 3.07327105183565e-06 0.033293376131093184 7.135399957386644e-06
59782.93721632442 0.0399013321872997 6.440981096015267e-06 0.003431777637376841 1.598456177043311e-06 8.402836532011541e-07 3.913880029111027e-10 0.0065995723795708484 3.073954186621752e-06 0.033301759807728856 7.1369063200153765e-06
59782.9381671125 0.03989949247215631 6.439731831146283e-06 0.0034346071982915617 1.59817344681816e-06 8.409764818263194e-07 3.913187753528038e-10 0.006605013842868388 3.0734104746503076e-06 0.03329447862928792 7.135544688583268e-06
59782.939117900576 0.039904239901556685 6.4409414508341875e-06 0.0034322106306278353 1.5981816807996544e-06 8.403896732261098e-07 3.91320791474121e-10 0.006600405058899684 3.0734263092301047e-06 0.033303834842657004 7.136643192099616e-06
59782.94006868866 0.03988904367779289 6.438637233262557e-06 0.003437059691665281 1.5989899765125124e-06 8.415769840468234e-07 3.915187057174769e-10 0.006609730176279387 3.074980724062524e-06 0.0332793135015135 7.1352334141856215e-06
59782.94101947673 0.03989888669923987 6.439027754735166e-06 0.0034366054117756445 1.598354082341247e-06 8.414657519083882e-07 3.913630046395689e-10 0.00660885656110701 3.0737578506562446e-06 0.03329003013813286 7.1350589171162905e-06
59782.941970264816 0.03990298433020094 6.44030711470888e-06 0.003433930346039169 1.5983645748136436e-06 8.408107520083023e-07 3.913655737608722e-10 0.00660371220392148 3.0737780284877762e-06 0.03329927212627946 7.136222186856574e-06
59782.94292105289 0.03990478374539552 6.440651622097079e-06 0.0034350243907240534 1.5982880919630323e-06 8.410786329614758e-07 3.913468466474314e-10 0.006605816136007796 3.073630946082755e-06 0.03329896760938773 7.13646975121028e-06
59782.94387184097 0.03989997922338468 6.440075296682825e-06 0.0034312890381802863 1.5986016102038577e-06 8.401640178514274e-07 3.914236127670881e-10 0.0065986327657313205 3.0742338657766497e-06 0.03330134645765336 7.1362093360854e-06
59782.94482262905 0.039889319996962797 6.440645288388339e-06 0.0034344298257628055 1.5981927884092102e-06 8.409330514959806e-07 3.9132351121406986e-10 0.00660467274185155 3.0734476700177123e-06 0.033284647255111245 7.13638510109819e-06
59782.94577341713 0.03990065972851148 6.4405280249993045e-06 0.0034336866201472053 1.5985432028957922e-06 8.40751074807586e-07 3.9140931151817837e-10 0.0066032435002830875 3.07412154403037e-06 0.03329741622822839 7.136569519613265e-06
59782.946724205205 0.03991097045358385 6.4404655031583015e-06 0.003432186576718594 1.5980354892243988e-06 8.403837835360231e-07 3.912849959174436e-10 0.006600358801381913 3.0731451715853823e-06 0.033310611652201935 7.13609256827647e-06
59782.94767499329 0.0399038699282432 6.440021812450042e-06 0.003434791648785631 1.598298749749367e-06 8.410216452230685e-07 3.913494562464738e-10 0.006605368555356983 3.0736514418257058e-06 0.033298501372886216 7.135910182357228e-06
59782.94862578136 0.03989238060977539 6.439339089250318e-06 0.0034303005943014738 1.5982702841015948e-06 8.399219936525321e-07 3.9134248632562576e-10 0.006596731912118219 3.073596700195375e-06 0.033295648697657165 7.135270463114836e-06
59782.949576569445 0.03989991654450582 6.439632532045928e-06 0.0034333992687774696 1.5985360493261274e-06 8.406807157446666e-07 3.914075599397585e-10 0.006602690901495134 3.0741077871656296e-06 0.033297225643010686 7.135755449487924e-06
59782.95052735752 0.039879095638248006 6.438644471435145e-06 0.003431340749360919 1.5978718782319153e-06 8.401766795283671e-07 3.9124493515098527e-10 0.00659873221030946 3.072830535061376e-06 0.033280363427938546 7.134313570817303e-06
59782.9514781456 0.03985923378254666 6.4373185781461035e-06 0.0034274133398614843 1.5982284331168072e-06 8.392150385508577e-07 3.913322389546993e-10 0.006591179499733624 3.073516217532322e-06 0.033268054282813035 7.133412396320513e-06
59782.952428933684 0.03982556452264073 6.434649009410138e-06 0.0034278653894178317 1.5979668668296655e-06 8.393257245838042e-07 3.912681934661688e-10 0.006592048825803523 3.0730132054416646e-06 0.033233515696837204 7.130786635086043e-06
59782.95337972176 0.039808256779236995 6.433136853781124e-06 0.00342781331799138 1.5977061739422075e-06 8.393129746993216e-07 3.9120436183283365e-10 0.006591948688444962 3.0725118729657837e-06 0.033216308090792034 7.129206056005999e-06
59782.95433050984 0.03976896787485855 6.431274504312245e-06 0.00342365507151341 1.5974130390585585e-06 8.382948124199934e-07 3.911325866547946e-10 0.006583952060602712 3.0719481520356897e-06 0.033185015814255835 7.12728259567503e-06
59782.95528129792 0.03972873058496941 6.428211280120307e-06 0.0034156072344746877 1.5972353286536074e-06 8.363242692724384e-07 3.9108907359419947e-10 0.006568475450912862 3.0716064012569375e-06 0.03316025513405655 7.124371280759345e-06
59782.956232086 0.039699816594511474 6.426709280793551e-06 0.0034137946169108474 1.5971758816797831e-06 8.358804430490225e-07 3.91074517779221e-10 0.006564989647905476 3.0714920801534292e-06 0.033134826946605994 7.1229667820567015e-06
59782.95718287407 0.039662779086564154 6.423761798413245e-06 0.0034148527774633085 1.5969137679127684e-06 8.361395376374979e-07 3.910103382381859e-10 0.006567024572044825 3.0709880152168626e-06 0.03309575451451933 7.120090100016922e-06
59782.958133662156 0.03961337530534987 6.421169113505236e-06 0.0034071485992138214 1.5963143951332128e-06 8.342531406361642e-07 3.908635795603074e-10 0.006552208844641964 3.0698353752561783e-06 0.033061166460707905 7.117253825416645e-06
59782.95908445023 0.039576574748783566 6.41897748724168e-06 0.003405161455877534 1.596637107897192e-06 8.337665811213914e-07 3.909425969935169e-10 0.0065483874151491045 3.0704559767253694e-06 0.03302818733363446 7.115544384425133e-06
59782.96003523831 0.03953425795825981 6.415288331761481e-06 0.0034031355636555904 1.596143647481445e-06 8.332705337963241e-07 3.9082177135599943e-10 0.006544491468568443 3.069507014387394e-06 0.03298976648969137 7.111806921662625e-06
59782.96098602639 0.03947668374736229 6.411478793682415e-06 0.0033962831774238234 1.5958073690683513e-06 8.315927012720771e-07 3.9073943232261643e-10 0.006531313802738123 3.068860325131445e-06 0.032945369944624166 7.108091446865691e-06
59782.96193681447 0.039446504650915315 6.40909917493841e-06 0.003395236951122572 1.5957517287268117e-06 8.313365288298665e-07 3.907258085758605e-10 0.0065293018290818695 3.068753324474638e-06 0.03291720282183345 7.1058989016640494e-06
59782.962887602545 0.03939766334062178 6.406498098759769e-06 0.003391875129688628 1.5954491067669132e-06 8.305133742160135e-07 3.906517104515436e-10 0.006522836787862747 3.068171359167141e-06 0.032874826552759036 7.1033015829701384e-06
59782.96383839063 0.039342939889246364 6.402680722346027e-06 0.0033840887719296955 1.5956440214436821e-06 8.286068552529118e-07 3.9069943604275734e-10 0.006507863022941722 3.0685461950840044e-06 0.032835076866304644 7.100020857974008e-06
59782.9647891787 0.039302343396547354 6.400122795896016e-06 0.0033819509784359224 1.5951517081839954e-06 8.280834084808446e-07 3.90578891290713e-10 0.006503751881607543 3.0675994388153763e-06 0.03279859151493981 7.097304989893576e-06
59782.965739966785 0.03925587418414499 6.396591800468584e-06 0.0033779630089623295 1.5945802723854425e-06 8.271069391660417e-07 3.9043897308763704e-10 0.006496082709542941 3.0665005238181585e-06 0.03275979147460205 7.093645897872191e-06
59782.96669075486 0.039220464305341096 6.394584780676551e-06 0.003375648773038041 1.5946166687186669e-06 8.265402898016857e-07 3.904478848666264e-10 0.006491632255842386 3.066570516766667e-06 0.03272883204949871 7.091866415236736e-06
59782.96764154294 0.03920454073469377 6.393339089888302e-06 0.003370392040339078 1.5942245507753247e-06 8.252531590423739e-07 3.903518733143834e-10 0.006481523154498227 3.0658164437987016e-06 0.03272301758019554 7.090417137613294e-06
59782.96859233102 0.03916872072479668 6.390896411457246e-06 0.0033729485650457764 1.59419723065904e-06 8.258791337257702e-07 3.9034518388122567e-10 0.006486439548164955 3.0657639051135386e-06 0.032682281176631724 7.088191960145699e-06
59782.9695431191 0.03915075184294711 6.390108869076435e-06 0.003367678699011779 1.594732984841569e-06 8.24588787220012e-07 3.904763653065051e-10 0.006476305190407267 3.066794201618402e-06 0.032674446652539844 7.0879276261633465e-06
59782.970493907174 0.03912856551038009 6.388685159132351e-06 0.0033679190977164717 1.5939608600079547e-06 8.246476497464194e-07 3.90287307638884e-10 0.0064767674956086 3.065309346169144e-06 0.03265179801477149 7.086001654687209e-06
59782.97144469526 0.039105751138118545 6.387488624801982e-06 0.003367319236231815 1.594379648496182e-06 8.245007714072601e-07 3.9038984957428606e-10 0.006475613915830414 3.066114708646504e-06 0.03263013722228813 7.085271366613501e-06
59782.97239548333 0.03909904762964076 6.3861957759606755e-06 0.0033682382335721668 1.5938730548687182e-06 8.247257913601913e-07 3.902658082205173e-10 0.006477381218408014 3.0651404901321505e-06 0.03262166641123275 7.083684261254558e-06
59782.973346271414 0.03907677144941899 6.385469737692739e-06 0.0033648436632887167 1.5940651545209879e-06 8.238946180674467e-07 3.9031284454240185e-10 0.0064708531986321476 3.0655099125403618e-06 0.03260591825078685 7.083189591905118e-06
59782.97429705949 0.039049761616805186 6.38345106147768e-06 0.0033606864454005414 1.5933033661118477e-06 8.228767076421958e-07 3.901263177871637e-10 0.006462858548847196 3.0640449348304764e-06 0.03258690306795799 7.0807357539270465e-06
59782.97524784757 0.03903620792179581 6.382352573647797e-06 0.003359764547487061 1.5934435805276776e-06 8.226509774730318e-07 3.9016064981388997e-10 0.006461085668244348 3.0643145779378415e-06 0.03257512225355146 7.079862160163221e-06
59782.976198635646 0.03902177144619369 6.3826107959018885e-06 0.003358795139031634 1.5934238743170705e-06 8.224136141690991e-07 3.9015582467415504e-10 0.006459221421214681 3.064276681378982e-06 0.03256255002497901 7.080078541372711e-06
59782.97714942373 0.039004779720702404 6.3802566307737825e-06 0.0033545778707655383 1.5931815920711793e-06 8.213810001831088e-07 3.9009650095560583e-10 0.006451111289933728 3.0638107539830374e-06 0.03255366843076868 7.077754658841668e-06
59782.9781002118 0.038996758458887615 6.3806067321035055e-06 0.0033561561195277665 1.5933417332988067e-06 8.217674403245508e-07 3.9013571213709765e-10 0.006454146383707244 3.064118717882321e-06 0.032542612075180374 7.0782035706131946e-06
59782.979050999886 0.03898204324028 6.379008726567346e-06 0.003355499438098736 1.5929872464708361e-06 8.216066494084479e-07 3.9004891470489384e-10 0.006452883534805262 3.0634370124439158e-06 0.032529159705474736 7.076467951092102e-06
59782.98000178796 0.03895342586049344 6.377413693700806e-06 0.003352079932335472 1.5934289921177657e-06 8.207693705697483e-07 3.9015707778689104e-10 0.0064463075621836 3.0642865233033957e-06 0.03250711829830984 7.075398032443219e-06
59782.98095257604 0.03894670778983016 6.376877307113601e-06 0.0033490169237166134 1.592670804167123e-06 8.200193813967878e-07 3.899714326174487e-10 0.006440417160993488 3.06282846955216e-06 0.03250629062883667 7.0742831738544115e-06
59782.98190336412 0.038926932471829837 6.375226815194779e-06 0.003349968213572133 1.592873337761703e-06 8.202523082934326e-07 3.90021023729325e-10 0.0064422465645617944 3.0632179572340445e-06 0.032484685907268045 7.072964102743607e-06
59782.9828541522 0.03892223368044102 6.374713887968353e-06 0.003352481825180054 1.5928167205902167e-06 8.208677755432999e-07 3.900071608020851e-10 0.006447080433038566 3.063109078058109e-06 0.03247515324740245 7.072454621808371e-06
59782.983804940275 0.03891007314858863 6.374705960087712e-06 0.0033511961028247156 1.5926730169313373e-06 8.205529615920756e-07 3.899719744210835e-10 0.006444607890047531 3.0628327248679566e-06 0.0324654652585411 7.072327790628759e-06
59782.98475572836 0.03888218838651318 6.372181691708367e-06 0.0033415960702883065 1.5921855377978152e-06 8.182023575428254e-07 3.898526133230001e-10 0.006426146289015974 3.0618952649957987e-06 0.03245604209749721 7.069646534724845e-06
59782.98570651643 0.03888158734660582 6.371944708365867e-06 0.0033469399261060583 1.5928333145877667e-06 8.195108207252341e-07 3.900112239047555e-10 0.006436422934819343 3.0631409895918595e-06 0.03244516441178648 7.069972566325104e-06
59782.986657304515 0.03886655833736232 6.372322798999546e-06 0.00334587647961163 1.5927795329949335e-06 8.192504318540002e-07 3.899980552796066e-10 0.006434377845406981 3.0630375634517952e-06 0.03243218049195534 7.070268521758287e-06
59782.98760809259 0.03885438665926405 6.371494950738498e-06 0.0033421742875001242 1.5922912443382022e-06 8.183439362004279e-07 3.898784959667228e-10 0.006427258245192547 3.0620985468042352e-06 0.032427128414071506 7.069115603640019e-06
59782.98855888067 0.03884781882720101 6.36978297167165e-06 0.0033430726888867978 1.592635216094697e-06 8.18563913156689e-07 3.899627187441538e-10 0.006428985940166919 3.062760030951341e-06 0.03241883288703409 7.067859231294238e-06
59782.98950966875 0.03883323246690008 6.369481889968974e-06 0.003340834104095497 1.5922917034668942e-06 8.180157872565877e-07 3.898786083861087e-10 0.006424680969414418 3.0620994297440276e-06 0.032408551497485664 7.067301639542594e-06
59782.99046045683 0.0388149706768334 6.368046592762333e-06 0.0033447680983834088 1.59220126065358e-06 8.189790405443053e-07 3.898564631233301e-10 0.006432246343045017 3.061925501256885e-06 0.03238272433378838 7.065932718533285e-06
59782.991411244904 0.03881745905792024 6.369224748420879e-06 0.003336403185356447 1.5918291941795623e-06 8.169308601492672e-07 3.897653612487167e-10 0.006416159971839321 3.061209988806851e-06 0.032401299086080915 7.066684547329663e-06
59782.99236203299 0.03880557129525307 6.368164174894739e-06 0.003338437493693116 1.5919554163405558e-06 8.174289681916579e-07 3.8979626721925496e-10 0.006420072103255993 3.061452723731838e-06 0.032385499191997076 7.065833831760967e-06
59782.99331282106 0.03879706574363696 6.366635828763482e-06 0.0033378830275125927 1.5922201315672652e-06 8.172932050633386e-07 3.898610837374742e-10 0.006419005822139602 3.0619617914755104e-06 0.03237805992149736 7.064677047717807e-06
59782.994263609144 0.03877566849804809 6.364863394498468e-06 0.0033392166832193282 1.5925474225329907e-06 8.17619755675815e-07 3.8994122216058884e-10 0.0064215705446525545 3.0625911971788284e-06 0.032354097953395534 7.063352665106268e-06
59782.99521439722 0.038781243989933295 6.3655171206869434e-06 0.003337055254933283 1.5918309849713216e-06 8.170905218360262e-07 3.897657997308099e-10 0.006417413951794776 3.0612134326371573e-06 0.032363830038138516 7.063344526066725e-06
59782.9961651853 0.03878485111639405 6.366055895400315e-06 0.0033385109657017046 1.5921468009916514e-06 8.174469580891129e-07 3.8984312847041463e-10 0.0064202133955802015 3.061820771137791e-06 0.03236463772081385 7.064093296236392e-06
59782.99711597338 0.03878031238614291 6.36552023400214e-06 0.00333821177210656 1.5917786309078661e-06 8.173736994127918e-07 3.8975298064159464e-10 0.006419638023281846 3.0611127517458964e-06 0.03236067436286106 7.063303697873397e-06
59782.99806676146 0.03876455374297272 6.364581661769214e-06 0.0033406770072450616 1.5919938823249051e-06 8.179773215022939e-07 3.8980568576010126e-10 0.006424378860086657 3.061526696778664e-06 0.03234017488288606 7.062637286766002e-06
59782.99901754954 0.038760288589219996 6.364454389483285e-06 0.0033355160762732114 1.5916343876263032e-06 8.167136481559462e-07 3.8971766213195075e-10 0.006414453992833099 3.060835360819814e-06 0.032345834596386895 7.062222934873836e-06
