WASP39b/Results/ROEBA_Results/WASP39b_nrca3_level3_asn_phot.ecsv
# %ECSV 0.9
# ---
# datatype:
# - {name: MJD, datatype: float64}
# - {name: aperture_sum, unit: Jy, datatype: float64}
# - {name: aperture_sum_err, unit: Jy, datatype: float64}
# - {name: annulus_sum, unit: Jy, datatype: float64}
# - {name: annulus_sum_err, unit: Jy, datatype: float64}
# - {name: annulus_mean, unit: Jy, datatype: float64}
# - {name: annulus_mean_err, unit: Jy, datatype: float64}
# - {name: aperture_bkg, unit: Jy, datatype: float64}
# - {name: aperture_bkg_err, unit: Jy, datatype: float64}
# - {name: net_aperture_sum, unit: Jy, datatype: float64}
# - {name: net_aperture_sum_err, unit: Jy, datatype: float64}
# meta: !!omap
# - {instrument: NIRCAM}
# - {detector: NRCA3}
# - {channel: SHORT}
# - {subarray: SUBGRISM256}
# - {filter: F210M}
# - {pupil: WLP8}
# - {target_name: UNKNOWN}
# - {xcenter: 1054}
# - {ycenter: 165}
# - ra_icrs: !numpy.ndarray
#     buffer: !!binary |
#       aXlsL3BYTXFhMEE9
#     dtype: float64
#     order: C
#     shape: !!python/tuple []
# - dec_icrs: !numpy.ndarray
#     buffer: !!binary |
#       T0ZFWVZocU9DOEE9
#     dtype: float64
#     order: C
#     shape: !!python/tuple []
# - {apertures: Photometry measured in a circular aperture of r=50.0 pixels.  Background calculated as the mean in a circular annulus
#     with r_inner=60.0 pixels and r_outer=70.0 pixels.}
# - {number_of_integrations: 378}
# - __serialized_columns__:
#     annulus_mean:
#       __class__: astropy.units.quantity.Quantity
#       unit: &id001 !astropy.units.Unit {unit: Jy}
#       value: !astropy.table.SerializedColumn {name: annulus_mean}
#     annulus_mean_err:
#       __class__: astropy.units.quantity.Quantity
#       unit: *id001
#       value: !astropy.table.SerializedColumn {name: annulus_mean_err}
#     annulus_sum:
#       __class__: astropy.units.quantity.Quantity
#       unit: *id001
#       value: !astropy.table.SerializedColumn {name: annulus_sum}
#     annulus_sum_err:
#       __class__: astropy.units.quantity.Quantity
#       unit: *id001
#       value: !astropy.table.SerializedColumn {name: annulus_sum_err}
#     aperture_bkg:
#       __class__: astropy.units.quantity.Quantity
#       unit: *id001
#       value: !astropy.table.SerializedColumn {name: aperture_bkg}
#     aperture_bkg_err:
#       __class__: astropy.units.quantity.Quantity
#       unit: *id001
#       value: !astropy.table.SerializedColumn {name: aperture_bkg_err}
#     aperture_sum:
#       __class__: astropy.units.quantity.Quantity
#       unit: *id001
#       value: !astropy.table.SerializedColumn {name: aperture_sum}
#     aperture_sum_err:
#       __class__: astropy.units.quantity.Quantity
#       unit: *id001
#       value: !astropy.table.SerializedColumn {name: aperture_sum_err}
#     net_aperture_sum:
#       __class__: astropy.units.quantity.Quantity
#       unit: *id001
#       value: !astropy.table.SerializedColumn {name: net_aperture_sum}
#     net_aperture_sum_err:
#       __class__: astropy.units.quantity.Quantity
#       unit: *id001
#       value: !astropy.table.SerializedColumn {name: net_aperture_sum_err}
# schema: astropy-2.0
MJD aperture_sum aperture_sum_err annulus_sum annulus_sum_err annulus_mean annulus_mean_err aperture_bkg aperture_bkg_err net_aperture_sum net_aperture_sum_err
[from data line 341]
59783.1302263044 0.03989507029480897 6.460892472498924e-06 0.003429202440207398 1.6057684708142648e-06 8.396531064950725e-07 3.931784455249294e-10 0.0065946200773219195 3.0880162900274324e-06 0.033300450217487045 7.160934027671812e-06
59783.13117709248 0.03989729731230212 6.460301399230917e-06 0.0034375143236902144 1.6055240966299584e-06 8.416883024069096e-07 3.931186095873965e-10 0.006610604468635028 3.0875463396729975e-06 0.033286692843667094 7.1601980816547994e-06
59783.132127880555 0.03990721883445989 6.461169584152611e-06 0.0034352579260627596 1.6055966032450123e-06 8.411358149669245e-07 3.93136363104616e-10 0.006606265242428384 3.0876857754711776e-06 0.03330095359203151 7.161041533410197e-06
59783.13307866864 0.0398905178150272 6.460110599608545e-06 0.0034328919636216998 1.6056286023081746e-06 8.405565001705177e-07 3.931441981955031e-10 0.006601715314657116 3.0877473121311057e-06 0.033288802500370085 7.160112598468514e-06
59783.13402945671 0.039893102625099666 6.4601113735124565e-06 0.0034294675764769363 1.6052136630625788e-06 8.397180261072109e-07 3.930425987616271e-10 0.0065951299547633395 3.086949352043421e-06 0.03329797267033632 7.15976921836635e-06
59783.134980244795 0.03990186105907093 6.4609304999506065e-06 0.0034340062201428344 1.6053056473783442e-06 8.408293300677653e-07 3.9306512146707476e-10 0.006603858115659297 3.0871262449583546e-06 0.033298002943411634 7.160584569537788e-06
59783.13593103287 0.039887706314571156 6.459741383324562e-06 0.003435717442576475 1.6054534817596615e-06 8.412483293124479e-07 3.9310131927099105e-10 0.006607148928031683 3.087410541845503e-06 0.03328055738653947 7.159634249969384e-06
59783.13688182095 0.039902252281280984 6.460372832355028e-06 0.0034306881786084356 1.6060563933552224e-06 8.400168951268672e-07 3.932489444412694e-10 0.006597477266554685 3.0885699872215817e-06 0.0333047750147263 7.160703994650026e-06
59783.13783260903 0.03991284040706433 6.460729536378179e-06 0.003431123256067255 1.6051863694764631e-06 8.401234254779425e-07 3.930359158244809e-10 0.006598313953975491 3.086896864377814e-06 0.03331452645308884 7.160304350621906e-06
59783.13878339711 0.03991086157065474 6.462377612802195e-06 0.0034324902541027205 1.605689607489593e-06 8.404581400849291e-07 3.931591355434676e-10 0.006600942796351386 3.087864629787679e-06 0.03330991877430335 7.1622086246032236e-06
59783.139734185184 0.03990774066103082 6.4618660561687735e-06 0.003434068005658232 1.6051724220852367e-06 8.408444584834376e-07 3.9303250075331644e-10 0.006603976933958138 3.0868700424716093e-06 0.03330376372707268 7.161318285551541e-06
59783.14068497327 0.03989006965172736 6.459392360657675e-06 0.0034330023921269083 1.6053864904762572e-06 8.405835390050749e-07 3.9308491620345585e-10 0.006601927677167132 3.087281712454341e-06 0.03328814197456023 7.159263791827882e-06
59783.14163576134 0.03990471698000181 6.461581743212025e-06 0.003437274445647796 1.6053639626099948e-06 8.416295673666172e-07 3.9307940017072823e-10 0.006610143164707301 3.0872383896346056e-06 0.033294573815294506 7.161220531351106e-06
59783.142586549424 0.03989559142148892 6.460286194329688e-06 0.003432627448130649 1.60573557692776e-06 8.404917325583253e-07 3.931703913331837e-10 0.00660120663102048 3.087953032553385e-06 0.033294384790468444 7.16035974263182e-06
59783.1435373375 0.03988976858296049 6.459861586043705e-06 0.003434121621789845 1.6054643272407827e-06 8.408575865947848e-07 3.931039748278074e-10 0.006604080041903548 3.087431398539967e-06 0.03328568854105694 7.159751696220586e-06
59783.14448812558 0.03990354712877283 6.460889309991503e-06 0.0034367106075888347 1.6060262303404738e-06 8.41491509498637e-07 3.932415589137374e-10 0.006609058860747759 3.088511981423988e-06 0.03329448826802507 7.16114494584225e-06
59783.145438913656 0.03988946695391396 6.460015918514795e-06 0.0034312218754699955 1.6111969776792693e-06 8.401475728093747e-07 3.945076358344275e-10 0.006598503606673069 3.0984557263062873e-06 0.03329096334724089 7.164651670203149e-06
59783.14638970174 0.03990257172155904 6.460248970310319e-06 0.003434848695912606 1.6060325202635443e-06 8.410356134265259e-07 3.9324309902504257e-10 0.006605478261370397 3.088524077429893e-06 0.033297093460188644 7.1605724446624874e-06
59783.14734048981 0.03990272501535683 6.460898088235237e-06 0.003429449080513944 1.6061780008584999e-06 8.397134973011532e-07 3.932787204955212e-10 0.006595094385603738 3.0888038478048076e-06 0.03330763062975309 7.161278748713496e-06
59783.148291277896 0.03990843799480483 6.460709223624053e-06 0.003436343977139209 1.6058727981041564e-06 8.414017386550279e-07 3.9320399045398426e-10 0.006608353802190787 3.0882169194310703e-06 0.03330008419261404 7.160855215243585e-06
59783.14924206597 0.03990625603519459 6.4607913667559314e-06 0.0034300474782250983 1.6058078807275701e-06 8.398600172298688e-07 3.931880951903285e-10 0.006596245150432882 3.0880920783222507e-06 0.03331001088476171 7.160875488998857e-06
59783.15019285405 0.039908723940319996 6.4609157231316575e-06 0.0034329687864046586 1.605669804814499e-06 8.405753105176716e-07 3.9315428678404044e-10 0.00660186305077819 3.0878265477201903e-06 0.03330686088954181 7.160873184899693e-06
59783.15114364213 0.039907640979897734 6.4611245090045584e-06 0.0034352933884440303 1.6058064683857097e-06 8.411444980642677e-07 3.931877493731155e-10 0.006606333439315443 3.088089362280211e-06 0.03330130754058229 7.161174891753978e-06
59783.15209443021 0.03990411718340812 6.460670107492777e-06 0.0034332690541403355 1.6054950487899507e-06 8.406488322013391e-07 3.931114971145913e-10 0.006602440488731415 3.087490478442213e-06 0.0333016766946767 7.160506664498125e-06
59783.153045218285 0.039898964978384036 6.46118090011575e-06 0.0034336556297259275 1.6054969126265636e-06 8.407434866864556e-07 3.931119534819914e-10 0.006603183903319093 3.0874940627433916e-06 0.033295781075064944 7.160969083266334e-06
59783.15399600637 0.03990989503212734 6.461202075143442e-06 0.0034331904597514704 1.6059314223943796e-06 8.406295880698205e-07 3.9321834483179084e-10 0.006602289345675905 3.0883296584507303e-06 0.03330760568645144 7.16134849976625e-06
59783.15494679444 0.03990391944026442 6.4604678848266264e-06 0.0034354335911294166 1.6058934325733264e-06 8.411788272187508e-07 3.932090428813173e-10 0.006606603059864264 3.088256601102551e-06 0.033297316380400156 7.1606545877545094e-06
59783.155897582525 0.039909440475930084 6.461362260833193e-06 0.003433380146194083 1.6054689266267657e-06 8.406760335082502e-07 3.931051010047526e-10 0.0066026541272963144 3.087440243513011e-06 0.03330678634863377 7.1611095175945405e-06
59783.1568483706 0.03990583516254581 6.460590501549418e-06 0.0034313461611492476 1.6050958718774063e-06 8.401780046250801e-07 3.930137571472073e-10 0.0065987426175947075 3.086722830533474e-06 0.0333070925449511 7.160103872238667e-06
59783.15779915868 0.039900011707259514 6.4608747576132214e-06 0.003434529442880191 1.6053431027431638e-06 8.409574431215936e-07 3.930742925539307e-10 0.0066048643132311366 3.0871982745060846e-06 0.03329514739402838 7.160565328217951e-06
59783.15874994676 0.03990041408425933 6.459915039941612e-06 0.0034340824875987814 1.6057514088148178e-06 8.40848004441013e-07 3.9317426783023556e-10 0.006604004783843811 3.0879834784900343e-06 0.03329640930041552 7.160038008746269e-06
59783.15970073484 0.03990355132964616 6.4609991497714546e-06 0.003432344398949544 1.6064138428205551e-06 8.404224269024622e-07 3.9333646728636674e-10 0.0066006623056722 3.0892573900395294e-06 0.03330288902397396 7.1615655575622084e-06
59783.160651522914 0.03990289786491972 6.460595964641283e-06 0.003434754364985833 1.6059682456145477e-06 8.41012516144553e-07 3.9322736113565283e-10 0.006605296855741988 3.0884004723356685e-06 0.03329760100917773 7.160832192969084e-06
59783.161602311 0.039905224250002314 6.460859970385734e-06 0.0034350267694352897 1.6061924170442821e-06 8.410792153978626e-07 3.932822503527947e-10 0.006605820710452481 3.088831571239004e-06 0.033299403539549834 7.161256316625984e-06
59783.16255309907 0.03989930495047891 6.4604696764946155e-06 0.0034318885557461645 1.60528582321648e-06 8.403108119807811e-07 3.930602674465312e-10 0.00659978568412724 3.0870881215701545e-06 0.03329951926635167 7.160152338550206e-06
59783.163503887154 0.03989736621893783 6.4603161909252466e-06 0.003428721936539821 1.605843061972813e-06 8.395354533660437e-07 3.9319670945045855e-10 0.006593696031807349 3.0881597345631026e-06 0.03330367018713048 7.1604759501661435e-06
59783.16445467523 0.03990731449060374 6.461938223985459e-06 0.003435688398988685 1.6056780467285615e-06 8.412412178808142e-07 3.9315630484767675e-10 0.006607093074978241 3.0878423975549263e-06 0.0333002214156255 7.161802586133054e-06
