Short_Transit_NRCA3/Results/modified_test_level3_phot.ecsv
# %ECSV 0.9
# ---
# datatype:
# - {name: MJD, datatype: float64}
# - {name: aperture_sum, unit: Jy, datatype: float64}
# - {name: aperture_sum_err, unit: Jy, datatype: float64}
# - {name: annulus_sum, unit: Jy, datatype: float64}
# - {name: annulus_sum_err, unit: Jy, datatype: float64}
# - {name: annulus_mean, unit: Jy, datatype: float64}
# - {name: annulus_mean_err, unit: Jy, datatype: float64}
# - {name: aperture_bkg, unit: Jy, datatype: float64}
# - {name: aperture_bkg_err, unit: Jy, datatype: float64}
# - {name: net_aperture_sum, unit: Jy, datatype: float64}
# - {name: net_aperture_sum_err, unit: Jy, datatype: float64}
# meta: !!omap
# - {instrument: NIRCAM}
# - {detector: NRCA3}
# - {channel: SHORT}
# - {subarray: SUBGRISM256}
# - {filter: F210M}
# - {pupil: WLP8}
# - {target_name: UNKNOWN}
# - {xcenter: 1045.0}
# - {ycenter: 175.0}
# - ra_icrs: !numpy.ndarray
#     buffer: !!binary |
#       OHlLdmY3NlhVRUE9
#     dtype: float64
#     order: C
#     shape: !!python/tuple []
# - dec_icrs: !numpy.ndarray
#     buffer: !!binary |
#       MUpUUUhyS1pQc0E9
#     dtype: float64
#     order: C
#     shape: !!python/tuple []
# - {apertures: Photometry measured in a circular aperture of r=50.0 pixels.  Background calculated as the mean in a circular annulus
#     with r_inner=60.0 pixels and r_outer=70.0 pixels.}
# - {number_of_integrations: 70}
# - __serialized_columns__:
#     annulus_mean:
#       __class__: astropy.units.quantity.Quantity
#       unit: &id001 !astropy.units.Unit {unit: Jy}
#       value: !astropy.table.SerializedColumn {name: annulus_mean}
#     annulus_mean_err:
#       __class__: astropy.units.quantity.Quantity
#       unit: *id001
#       value: !astropy.table.SerializedColumn {name: annulus_mean_err}
#     annulus_sum:
#       __class__: astropy.units.quantity.Quantity
#       unit: *id001
#       value: !astropy.table.SerializedColumn {name: annulus_sum}
#     annulus_sum_err:
#       __class__: astropy.units.quantity.Quantity
#       unit: *id001
#       value: !astropy.table.SerializedColumn {name: annulus_sum_err}
#     aperture_bkg:
#       __class__: astropy.units.quantity.Quantity
#       unit: *id001
#       value: !astropy.table.SerializedColumn {name: aperture_bkg}
#     aperture_bkg_err:
#       __class__: astropy.units.quantity.Quantity
#       unit: *id001
#       value: !astropy.table.SerializedColumn {name: aperture_bkg_err}
#     aperture_sum:
#       __class__: astropy.units.quantity.Quantity
#       unit: *id001
#       value: !astropy.table.SerializedColumn {name: aperture_sum}
#     aperture_sum_err:
#       __class__: astropy.units.quantity.Quantity
#       unit: *id001
#       value: !astropy.table.SerializedColumn {name: aperture_sum_err}
#     net_aperture_sum:
#       __class__: astropy.units.quantity.Quantity
#       unit: *id001
#       value: !astropy.table.SerializedColumn {name: net_aperture_sum}
#     net_aperture_sum_err:
#       __class__: astropy.units.quantity.Quantity
#       unit: *id001
#       value: !astropy.table.SerializedColumn {name: net_aperture_sum_err}
# schema: astropy-2.0
MJD aperture_sum aperture_sum_err annulus_sum annulus_sum_err annulus_mean annulus_mean_err aperture_bkg aperture_bkg_err net_aperture_sum net_aperture_sum_err
59884.118132793345 1.0186334627704654 0.0001714924207296511 0.155250302089782 6.248739707985187e-05 3.8013619990921256e-05 1.5300274040314602e-08 0.2985582732495808 0.00012016807130740744 0.7200751895208846 0.0002094039534714133
59884.1181951401 1.0185559262879407 0.00017151495207984855 0.15529192592235627 6.248028347217358e-05 3.8023811742774525e-05 1.5298532246737346e-08 0.2986383190814544 0.00012015439129264149 0.7199176072064863 0.0002094145566426984
59884.118257486865 1.0183816877275809 0.0001715213683197828 0.15532508689957475 6.247219290830783e-05 3.803193133268541e-05 1.52965512417656e-08 0.2987020901914899 0.0001201388325159766 0.719679597536091 0.00020941088526767767
59884.11831983362 1.0189213063920717 0.00017152283280865162 0.15558548596849175 6.250464928314694e-05 3.8095691023446445e-05 1.5304498307135582e-08 0.29920285763171495 0.00012020124862143642 0.7197184487603567 0.00020944789887906976
59884.11838218038 1.0193849856204769 0.00017154916724276118 0.1556934187195481 6.25132205573349e-05 3.812211876321894e-05 1.530659701583652e-08 0.29941042061451556 0.00012021773184102867 0.7199745650059612 0.00020947892455014733
59884.11844452714 1.018714583162338 0.00017153703810234488 0.15528261187060638 6.248585009245443e-05 3.8021531162195744e-05 1.529989525463583e-08 0.29862040744347385 0.00012016509633164315 0.7200941757188642 0.0002094387877574696
59884.1185068739 1.018624870753328 0.00017149311850091513 0.15525796584943713 6.247645358027859e-05 3.801549649127784e-05 1.5297594483311817e-08 0.29857301124891755 0.00012014702611592038 0.7200518595044105 0.0002093924487121457
59884.118569220656 1.0193971054380015 0.00017154070818331332 0.15560213344712406 6.25096179980145e-05 3.8099767221160825e-05 1.530571491564633e-08 0.29923487201370014 0.00012021080384233559 0.7201622334243014 0.00020946802124537564
59884.11863156742 1.0190177937832114 0.00017152596037234462 0.15554542729539061 6.249424688698018e-05 3.808588250677298e-05 1.5301951241335676e-08 0.29912582172190505 0.00012018124401342343 0.7198919720613064 0.00020943898036007805
59884.11869391418 1.0187191626829446 0.0001714985777316215 0.15524585424694054 6.250144611436433e-05 3.801253091988385e-05 1.530371399921972e-08 0.2985497197056549 0.00012019508868146988 0.7201694429772897 0.00020942450073263975
59884.118756260934 1.0185906587726263 0.00017157441654702956 0.1553827881279886 6.249745588058965e-05 3.804605969533855e-05 1.5302736975482284e-08 0.2988130540922858 0.00012018741515498009 0.7197776046803406 0.00020948220729954405
59884.1188186077 1.0194980425906544 0.00017153909699696294 0.155603749374989 6.250179575560399e-05 3.8100162887172186e-05 1.5303799610191416e-08 0.29923797956728654 0.00012019576106846923 0.7202600630233678 0.00020945806925817397
59884.118880954455 1.018846820046005 0.0001715146368783715 0.15551418596465472 6.249220377224339e-05 3.807823294951854e-05 1.5301450977013115e-08 0.2990657422397206 0.00012017731494662191 0.7197810778062844 0.00020942745209570588
59884.11894330122 1.0187469987875994 0.00017149463756047588 0.1554057465909517 6.249643044289814e-05 3.805168116128681e-05 1.530248589320931e-08 0.29885720498259943 0.00012018544315941952 0.719889793805 0.00020941573832791328
59884.119005647975 1.0194800844412795 0.0001715373290050858 0.1555477664864351 6.252692167797665e-05 3.808645526649231e-05 1.5309951786722726e-08 0.2991303201662213 0.00012024408014995511 0.7203497642750581 0.00020948435276484944
59884.11906799473 1.019248667925012 0.0001715304663080722 0.1555138907434765 6.249421808348125e-05 3.807816066350343e-05 1.53019441886907e-08 0.29906517450668557 0.00012018118862207932 0.7201834934183263 0.00020944263885484373
59884.119130341496 1.018677793981373 0.00017149751282060282 0.15516418317324066 6.248795166240297e-05 3.79925334505193e-05 1.5300409831936695e-08 0.29839265994853975 0.00012016913781231341 0.7202851340328331 0.00020940873569697994
59884.11919268825 1.01877542115492 0.00017155509051038203 0.1553681829872483 6.24895654347063e-05 3.804248357173336e-05 1.5300804970150698e-08 0.29878496728316983 0.00012017224122058906 0.7199904538717502 0.0002094576726692169
59884.11925503501 1.0194313656491731 0.00017153936413109966 0.15563886215473222 6.250281754252122e-05 3.810876038326731e-05 1.530404979855859e-08 0.2993055041437159 0.00012019772604331006 0.7201258615054573 0.00020945941562146262
59884.119317381774 1.0185711595434337 0.0001715390193600079 0.15547550178859867 6.251060741287344e-05 3.806876098361276e-05 1.530595717759336e-08 0.298991349593459 0.00012021270656321815 0.7195798099499746 0.00020946773016922575
59884.11937972853 1.018540055834704 0.00017154473454851385 0.1554935985663337 6.255477777431538e-05 3.807319204765979e-05 1.531677245661127e-08 0.29902615108910335 0.00012029764956599113 0.7195139047456006 0.0002095211694374153
59884.11944207529 1.0187683437511041 0.0001714988183312772 0.15522254893173576 6.246387066113173e-05 3.800682452586053e-05 1.529451350826451e-08 0.29850490179179956 0.00012012282819448412 0.7202634419593046 0.00020938323367086
59884.11950442205 1.0179971055523303 0.00017146951648566573 0.15513327563428597 6.249276126242133e-05 3.798496562343707e-05 1.5301587480578566e-08 0.29833322237362686 0.00012017838704311795 0.7196638831787034 0.0002093911168032528
59884.11956676881 1.013643804702553 0.00017117934467249937 0.1544749771476357 6.239564918296962e-05 3.782377876469814e-05 1.5277809222919072e-08 0.2970672637454533 0.00011999163304417236 0.7165765409570999 0.00020904631076178708
59884.119629115565 1.0097908269772695 0.00017090518893759927 0.15420160628897958 6.23573739377176e-05 3.775684288246369e-05 1.5268437385257665e-08 0.29654155055573 0.00011991802680330308 0.7132492764215395 0.000208779588940572
59884.11969146233 1.0086174219033182 0.00017084235506942502 0.15385494333243632 6.233982297415359e-05 3.767196115458567e-05 1.5264139965861914e-08 0.295874891023916 0.00011988427495029537 0.7127425308794022 0.00020870876758302586
59884.119753809086 1.008688707245394 0.00017083056699794078 0.15380112900384973 6.232630323262254e-05 3.765878451396455e-05 1.5260829606332698e-08 0.29577140193048024 0.00011985827544735105 0.7129173053149138 0.00020868418438887745
59884.11981615584 1.0082894516097025 0.00017081500329693613 0.1537361051257852 6.233053613643445e-05 3.764286317302151e-05 1.5261866048740848e-08 0.2956463560111254 0.00011986641564698933 0.7126430955985772 0.0002086761197439446
59884.119878502606 1.0078836393629786 0.00017077687249735467 0.15384367578261207 6.235656533746025e-05 3.766920225266096e-05 1.5268239396445444e-08 0.2958532226588694 0.00011991647180280816 0.7120304167041093 0.00020867366961265483
59884.11994084936 1.00797460175685 0.00017087376573292066 0.15392064220797563 6.238126024709664e-05 3.7688047771197455e-05 1.5274286037888277e-08 0.29600123501533776 0.0001199639620136474 0.7119733667415122 0.00020878025768199658
59884.12000319612 1.0084212899866896 0.0001708051382287794 0.15405494961317268 6.23427214256081e-05 3.772093344416816e-05 1.5264849662594682e-08 0.29625951848687054 0.00011988984889540021 0.712161771499819 0.00020868150640033803
59884.120065542884 1.0086195678555945 0.00017082923364223541 0.15406151123906842 6.234062259245745e-05 3.7722540082931274e-05 1.5264335755409064e-08 0.2962721369982085 0.0001198858126778028 0.712347430857386 0.00020869891027077903
59884.12012788964 1.0081757494119068 0.00017079059418326835 0.15402980367668412 6.233770794856221e-05 3.771477636710535e-05 1.5263622093896324e-08 0.2962111609167003 0.00011988020759338887 0.7119645884952065 0.00020866406311127912
59884.1201902364 1.0078448197484178 0.0001707896228164201 0.15377708968475562 6.235134428465719e-05 3.7652898396330105e-05 1.5266961002042753e-08 0.2957251724706839 0.00011990643131664845 0.7121196472777338 0.0002086783350826558
59884.12025258316 1.0081911827036438 0.00017080718719787908 0.15407787121551922 6.233652929728231e-05 3.772654588465591e-05 1.5263333496700358e-08 0.2963035984913831 0.00011987794095631214 0.7118875842122607 0.00020867634251724935
59884.12031492992 1.0083440696363057 0.00017080099791490555 0.1540015789308397 6.233117502784665e-05 3.770786543199973e-05 1.5262022483704466e-08 0.29615688255930717 0.0001198676442843205 0.7121871870769986 0.00020866536136838804
59884.120377276675 1.0081764644905677 0.00017078588924660591 0.1540367207552321 6.23344166768711e-05 3.7716470039786366e-05 1.5262816213652173e-08 0.29622446299083094 0.00011987387822475213 0.7119520014997368 0.0002086565758522761
59884.12043962344 1.0075401389492826 0.00017081947843314939 0.1538060240990074 6.233607597650455e-05 3.7659983096412626e-05 1.526322249940407e-08 0.29578081557501423 0.00011987706918558568 0.7117593233742684 0.0002086859025633952
59884.120501970196 1.0078810421757867 0.00017078842829199131 0.15378032729046429 6.233165978642762e-05 3.7653691136256746e-05 1.526214117866503e-08 0.29573139863550824 0.00011986857651236081 0.7121496435402784 0.0002086556082964183
59884.12056431696 1.0075054517389648 0.00017077351834745232 0.15379042897725384 6.234436650075841e-05 3.7656164572235397e-05 1.5265252465428417e-08 0.2957508249562574 0.00011989301250145849 0.7117546267827074 0.00020865744418889663
59884.12062666372 1.0084071901231788 0.00017080020715634146 0.15405801031534475 6.233838999409214e-05 3.7721682868598954e-05 1.5263789095307865e-08 0.2962654044525861 0.00011988151921940796 0.7121417856705927 0.00020867268487993927
59884.12068901047 1.0086503340285522 0.00017081663576278306 0.1540826191997463 6.233129484616037e-05 3.77277084464397e-05 1.5262051821668927e-08 0.2963127292302814 0.00011986787470415455 0.7123376047982708 0.0002086782941261649
59884.12075135724 1.0081292563415887 0.00017079291585920406 0.15374063418903602 6.23378335696887e-05 3.7643972131181427e-05 1.5263652852701303e-08 0.2956550657481462 0.00011988044917247826 0.7124741905934424 0.0002086661021859667
59884.120813703994 1.0081917520039243 0.00017083426550702413 0.1537550453226663 6.232409180113682e-05 3.764750075141653e-05 1.5260288129021526e-08 0.295682779466666 0.00011985402269449389 0.7125089725372583 0.00020868476951463582
59884.12087605075 1.0085008195632257 0.0001708108206049322 0.15376760354077101 6.232513815250384e-05 3.765057567832082e-05 1.526054433208656e-08 0.2957069298860981 0.00011985603490866123 0.7127938896771275 0.00020866673318896943
59884.120938397515 1.0090081551671541 0.00017090599981894018 0.1539622326949097 6.234029675123081e-05 3.7698231358245384e-05 1.5264255971960012e-08 0.2960812167209802 0.00011988518606005925 0.7129269384461739 0.0002087613915712544
59884.12100074427 1.0112528425379623 0.00017100944762067343 0.15415912927759118 6.236753958083247e-05 3.774644222657102e-05 1.5270926481182958e-08 0.29645986399536767 0.00011993757611698553 0.7147929785425946 0.000208876167478115
59884.12106309103 1.0157224123184112 0.00017130369037623059 0.15479251065734878 6.248838639296256e-05 3.790152803803377e-05 1.530051627734819e-08 0.29767790511028613 0.00012016997383262032 0.7180445072081251 0.00020925051241860347
59884.12112543779 1.018834607585254 0.00017156519907627927 0.15536151252050132 6.248675130152269e-05 3.804085028287873e-05 1.530011591906348e-08 0.29877213946250253 0.00012016682942600519 0.7200624681227514 0.00020946284737008127
59884.12118778455 1.0194745767039786 0.0001715729511755295 0.15557971459577513 6.25043006206275e-05 3.809427788114448e-05 1.5304412935807213e-08 0.2991917588380291 0.00012020057811659135 0.7202828178659495 0.0002094885594839093
59884.121250131306 1.0190783300022987 0.00017151648569046728 0.15570231471396473 6.250657169338068e-05 3.8124296980888364e-05 1.530496901650689e-08 0.29942752829608604 0.00012020494556419361 0.7196508017062127 0.00020944482280949085
59884.12131247807 1.0184889291113612 0.00017148054315928893 0.15530973415165256 6.248507048062106e-05 3.802817215465178e-05 1.5299704363748177e-08 0.29867256567625494 0.00012016359707811744 0.7198163634351062 0.0002093916587282237
59884.12137482483 1.01945813971342 0.00017154315483640343 0.15547125497930586 6.247879818502234e-05 3.806772113639535e-05 1.5298168568595764e-08 0.2989831826525113 0.00012015153497119684 0.7204749570609086 0.00020943601726341392
59884.12143717158 1.0184420991419119 0.00017148411186655664 0.1552304220507016 6.248162867593393e-05 3.8008752288631244e-05 1.5298861624934154e-08 0.29852004240519536 0.00012015697822294986 0.7199220567367165 0.00020939078307875004
59884.12149951835 1.01924365702809 0.00017153366493379222 0.15558012761140128 6.249157351218296e-05 3.8094379009572904e-05 1.530129665546842e-08 0.2991925530988486 0.00012017610290804416 0.7200511039292414 0.0002094423403129924
59884.121561865104 1.0187551100538281 0.00017154786939377727 0.1553921564654067 6.249980673889052e-05 3.804835356796723e-05 1.5303312591973197e-08 0.2988310701257821 0.00012019193603632793 0.719924039928046 0.0002094630587519079
59884.12162421186 1.019207731806031 0.0001715258346235776 0.1556032435934294 6.250514690839105e-05 3.8100039044656286e-05 1.530462015254698e-08 0.2992370069104412 0.00012020220559305972 0.7199707248955899 0.00020945090635457055
59884.121686558625 1.0193990344581967 0.00017155131973522816 0.15553723441985245 6.251305665930426e-05 3.8083876450403696e-05 1.530655688478769e-08 0.29911006619202396 0.0001202174166525082 0.7202889682661727 0.00020948050641885805
59884.12174890538 1.0186703127504562 0.00017149511774665905 0.1551270725238933 6.246125484709793e-05 3.79834467685424e-05 1.529387301636653e-08 0.2983212933151794 0.00012011779778288065 0.7203490194352767 0.000209377316715898
59884.12181125214 1.0185635096582821 0.00017152894637533574 0.1553351852784593 6.249094070345005e-05 3.8034403958711095e-05 1.5301141709871692e-08 0.29872151015088333 0.00012017488596817319 0.7198419995073988 0.00020943777754286888
59884.1218735989 1.0184992909947646 0.00017148600907940936 0.15524258864117974 6.249203754642982e-05 3.80117313240392e-05 1.5301410275997885e-08 0.2985434396945765 0.00012017699528159581 0.719955851300188 0.00020940382399778658
59884.12193594566 1.0190945435251026 0.00017152422089940166 0.15551190300398862 6.249602970914635e-05 3.807767395801871e-05 1.5302387772043983e-08 0.2990613519307474 0.00012018467251758916 0.7200331915943552 0.00020943952316434186
59884.121998292416 1.0184361435093559 0.00017149981571417286 0.15522749979777106 6.247146974524966e-05 3.800803676401762e-05 1.5296374172572726e-08 0.2985144226880213 0.00012013744181778782 0.7199217208213345 0.00020939243471653317
59884.12206063918 1.0187546105045056 0.0001715051534791216 0.15527588795249986 6.248433846428138e-05 3.801988478557482e-05 1.5299525126796047e-08 0.2986074768317305 0.00012016218935438728 0.720147133672775 0.00020941100596753908
59884.12212298594 1.0187552728781255 0.00017149895976063996 0.1552048502907764 6.24838631798382e-05 3.8002490947099475e-05 1.5299408751613727e-08 0.29847086594380084 0.00012016127534584269 0.7202844069343246 0.00020940540893616148
59884.12218533269 1.0190292142512352 0.00017151552693729617 0.15561155084016937 6.250076788614028e-05 3.810207310524421e-05 1.5303547932489873e-08 0.29925298238494114 0.00012019378439642363 0.719776231866294 0.00020943763221568452
59884.12224767946 1.0193020159426727 0.00017154726968283396 0.15565663144391909 6.250912982662736e-05 3.811311126051242e-05 1.530559538504735e-08 0.2993396758536906 0.00012020986505120649 0.7199623400889821 0.00020947285597724646
59884.122310026214 1.0188591582369089 0.00017152011204553811 0.15528155401990815 6.248675422405798e-05 3.802127214347624e-05 1.530011663465723e-08 0.298618373115208 0.00012016683504626534 0.7202407851217009 0.00020942592265798973
59884.12237237298 1.0187818954904975 0.00017152432650368937 0.1551931442534321 6.247563449584198e-05 3.7999624679857375e-05 1.5297393927408897e-08 0.2984483543335233 0.00012014545095354226 0.7203335411569742 0.00020941710524065188
59884.122434719735 1.0191849184729118 0.00017152191261628807 0.15562044167039657 6.250331061005906e-05 3.810425005844244e-05 1.5304170527998475e-08 0.29927008013537804 0.00012019867425011359 0.7199148383375338 0.0002094456678927365
