WASP39b/WASP39b_SYS/Results/ROEBA_Results/WASP39b_SYS_nrca3_level3_asn_phot.ecsv
# %ECSV 0.9
# ---
# datatype:
# - {name: MJD, datatype: float64}
# - {name: aperture_sum, unit: Jy, datatype: float64}
# - {name: aperture_sum_err, unit: Jy, datatype: float64}
# - {name: annulus_sum, unit: Jy, datatype: float64}
# - {name: annulus_sum_err, unit: Jy, datatype: float64}
# - {name: annulus_mean, unit: Jy, datatype: float64}
# - {name: annulus_mean_err, unit: Jy, datatype: float64}
# - {name: aperture_bkg, unit: Jy, datatype: float64}
# - {name: aperture_bkg_err, unit: Jy, datatype: float64}
# - {name: net_aperture_sum, unit: Jy, datatype: float64}
# - {name: net_aperture_sum_err, unit: Jy, datatype: float64}
# meta: !!omap
# - {instrument: NIRCAM}
# - {detector: NRCA3}
# - {channel: SHORT}
# - {subarray: SUBGRISM256}
# - {filter: F210M}
# - {pupil: WLP8}
# - {target_name: UNKNOWN}
# - {xcenter: 1054}
# - {ycenter: 165}
# - ra_icrs: !numpy.ndarray
#     buffer: !!binary |
#       aXlsL3BYTXFhMEE9
#     dtype: float64
#     order: C
#     shape: !!python/tuple []
# - dec_icrs: !numpy.ndarray
#     buffer: !!binary |
#       T0ZFWVZocU9DOEE9
#     dtype: float64
#     order: C
#     shape: !!python/tuple []
# - {apertures: Photometry measured in a circular aperture of r=50.0 pixels.  Background calculated as the mean in a circular annulus
#     with r_inner=60.0 pixels and r_outer=70.0 pixels.}
# - {number_of_integrations: 378}
# - __serialized_columns__:
#     annulus_mean:
#       __class__: astropy.units.quantity.Quantity
#       unit: &id001 !astropy.units.Unit {unit: Jy}
#       value: !astropy.table.SerializedColumn {name: annulus_mean}
#     annulus_mean_err:
#       __class__: astropy.units.quantity.Quantity
#       unit: *id001
#       value: !astropy.table.SerializedColumn {name: annulus_mean_err}
#     annulus_sum:
#       __class__: astropy.units.quantity.Quantity
#       unit: *id001
#       value: !astropy.table.SerializedColumn {name: annulus_sum}
#     annulus_sum_err:
#       __class__: astropy.units.quantity.Quantity
#       unit: *id001
#       value: !astropy.table.SerializedColumn {name: annulus_sum_err}
#     aperture_bkg:
#       __class__: astropy.units.quantity.Quantity
#       unit: *id001
#       value: !astropy.table.SerializedColumn {name: aperture_bkg}
#     aperture_bkg_err:
#       __class__: astropy.units.quantity.Quantity
#       unit: *id001
#       value: !astropy.table.SerializedColumn {name: aperture_bkg_err}
#     aperture_sum:
#       __class__: astropy.units.quantity.Quantity
#       unit: *id001
#       value: !astropy.table.SerializedColumn {name: aperture_sum}
#     aperture_sum_err:
#       __class__: astropy.units.quantity.Quantity
#       unit: *id001
#       value: !astropy.table.SerializedColumn {name: aperture_sum_err}
#     net_aperture_sum:
#       __class__: astropy.units.quantity.Quantity
#       unit: *id001
#       value: !astropy.table.SerializedColumn {name: net_aperture_sum}
#     net_aperture_sum_err:
#       __class__: astropy.units.quantity.Quantity
#       unit: *id001
#       value: !astropy.table.SerializedColumn {name: net_aperture_sum_err}
# schema: astropy-2.0
MJD aperture_sum aperture_sum_err annulus_sum annulus_sum_err annulus_mean annulus_mean_err aperture_bkg aperture_bkg_err net_aperture_sum net_aperture_sum_err
[from data line 205]
59783.0009191257 0.038741051246213375 6.363503863500736e-06 0.0033345898583841942 1.5919223584109289e-06 8.164868602245351e-07 3.897881728609342e-10 0.006412672804584989 3.061389150790248e-06 0.032328378441628385 7.061606400342986e-06
59783.00186991377 0.038736226696539436 6.36310134293712e-06 0.0033316697399256466 1.5913956733705725e-06 8.15771858244394e-07 3.89659212049203e-10 0.006407057192164706 3.060376294943409e-06 0.03232916950437473 7.060804611879564e-06
59783.002820701855 0.03873265799253383 6.3625508105563075e-06 0.0033358207966335146 1.5918364531704217e-06 8.167882600814893e-07 3.8976713863991233e-10 0.00641503999352599 3.0612239484046574e-06 0.03231761799900784 7.06067595058695e-06
59783.00377148993 0.03871505753801336 6.361502621020547e-06 0.003332572454003284 1.591758146167746e-06 8.159928911792473e-07 3.897479648759822e-10 0.006408793180775547 3.0610733580148963e-06 0.03230626435723781 7.059666118195668e-06
59783.00472227801 0.03871690646749104 6.3622098529865626e-06 0.0033306097455220265 1.5919651233926777e-06 8.155123146305695e-07 3.8979864402745196e-10 0.006405018741388513 3.061471391139765e-06 0.03231188772610253 7.060475996149732e-06
59783.00567306609 0.03871364362551756 6.356446464437909e-06 0.0033280885328652882 1.5894823032689572e-06 8.148949862353299e-07 3.89190716188224e-10 0.0064001702555101705 3.056696737055687e-06 0.03231347337000739 7.053212501944917e-06
59783.00662385417 0.0387164541506631 6.356676134042357e-06 0.0033315396902704876 1.5901054966966707e-06 8.157400150975232e-07 3.893433074413363e-10 0.006406807096674015 3.057895185955136e-06 0.03230964705398908 7.0539389309371885e-06
59783.007574642244 0.03869704652603902 6.356673052224049e-06 0.0033320080531343593 1.5895843646417526e-06 8.158546955051323e-07 3.892157062989612e-10 0.006407707794489154 3.0568930089264477e-06 0.03228933873154986 7.053501765853242e-06
59783.00852543033 0.03870377970930822 6.354995231027583e-06 0.0033326256981301046 1.5896674055771405e-06 8.160059282038228e-07 3.8923603918410883e-10 0.006408895573327125 3.057052703032963e-06 0.03229488413598109 7.052058962849394e-06
59783.0094762184 0.03870135840366072 6.355388852568964e-06 0.003331265098972856 1.5900941287868543e-06 8.156727803862185e-07 3.893405239658903e-10 0.006406279036486262 3.0578733245901048e-06 0.03229507936717446 7.052769437362715e-06
59783.010427006484 0.038692357417724435 6.355584329940694e-06 0.0033280408914383264 1.590076503813903e-06 8.14883321052873e-07 3.893362084250179e-10 0.006400078637381397 3.057839430411352e-06 0.03229227878034304 7.052930891279605e-06
59783.01137779456 0.038721085160317456 6.3574244857325404e-06 0.0033287890912987177 1.589600181837526e-06 8.150665206008761e-07 3.8921957919879686e-10 0.006401517483266766 3.0569234266106273e-06 0.03231956767705069 7.054192152752327e-06
59783.01232858264 0.03871441854818793 6.355555345809057e-06 0.003329638700486512 1.5898483386775129e-06 8.15274550603851e-07 3.892803413337907e-10 0.006403151347089446 3.0574006513029096e-06 0.03231126720109849 7.052714548046698e-06
59783.013279370716 0.038715166270543826 6.355815453852407e-06 0.0033302955168750563 1.589703386618117e-06 8.154353745652981e-07 3.8924484927723035e-10 0.006404414455528955 3.057121897342533e-06 0.032310751815014874 7.052828112086689e-06
59783.0142301588 0.03871539273912 6.35666802911518e-06 0.0033354831943851345 1.589567890565969e-06 8.167055969020606e-07 3.8921167255958606e-10 0.006414390758432951 3.0568613280114792e-06 0.032301001980687055 7.053483508952663e-06
59783.01518094687 0.03872080828477406 6.3570336538871225e-06 0.003330708996438353 1.5898060515075864e-06 8.155366165904768e-07 3.892699871612935e-10 0.0064052096085352945 3.057319329822282e-06 0.03231559867623877 7.054011508436773e-06
59783.016131734956 0.03872010628278028 6.35697626457412e-06 0.0033326118456581577 1.590086643285285e-06 8.160025363740006e-07 3.8933869111269604e-10 0.006408868933957996 3.057858929394779e-06 0.03231123734882228 7.054193678971263e-06
59783.01708252303 0.038716673850777525 6.355947769005677e-06 0.0033297805324412223 1.5892795531386807e-06 8.153092786910519e-07 3.891410720567686e-10 0.0064034241008485045 3.0563068329590015e-06 0.032313249749929024 7.052594097175884e-06
59783.01803331111 0.038714359114344586 6.356402374237035e-06 0.0033342622232510315 1.5898572799421335e-06 8.164066375307298e-07 3.8928253063603967e-10 0.006412042737021215 3.0574178460425646e-06 0.03230231637732337 7.053485310717373e-06
59783.01898409919 0.03873528403650307 6.358065510433593e-06 0.00333520273075252 1.5907701292269121e-06 8.166369243274635e-07 3.895060452144557e-10 0.006413851405293308 3.0591733254363698e-06 0.03232143263120976 7.0557450683841045e-06
59783.01993488727 0.038739631103032385 6.358285938622038e-06 0.003332211574617376 1.590119479701531e-06 8.159045285052054e-07 3.8934673123263293e-10 0.006408099181956493 3.0579220763490983e-06 0.03233153192107589 7.055401299876706e-06
59783.020885675345 0.038743487454102596 6.358148138714339e-06 0.0033357813004182084 1.5896975808842851e-06 8.16778589284721e-07 3.8924342772148015e-10 0.006414964039265786 3.057110732469779e-06 0.03232852341483681 7.05492549814798e-06
59783.02183646343 0.038756299057461197 6.359170201084772e-06 0.0033377166231782513 1.5898678492282044e-06 8.172524603366272e-07 3.892851185654599e-10 0.00641868581380433 3.057438171592701e-06 0.03233761324365687 7.055988507606617e-06
59783.0227872515 0.03876139165930077 6.359962450965726e-06 0.0033339378002739946 1.589878181955038e-06 8.163272013454252e-07 3.892876485724617e-10 0.00641141884668076 3.0574580422212272e-06 0.03234997281262001 7.056711136048948e-06
59783.023738039585 0.038764496275057944 6.35968208051152e-06 0.003338809628278134 1.5899557610153063e-06 8.175200867435056e-07 3.893066440969573e-10 0.006420787746688719 3.057607232721743e-06 0.03234370852836922 7.056523092484829e-06
59783.02468882766 0.03876982736749571 6.359758791402064e-06 0.0033324241079587483 1.5904262752747743e-06 8.159565680926688e-07 3.894218512818643e-10 0.00640850789992067 3.0585120678361044e-06 0.032361319467575034 7.056984338505714e-06
59783.02563961574 0.03878224545367445 6.360679409505198e-06 0.003335444516458972 1.590201417510173e-06 8.166961264664647e-07 3.893667940130506e-10 0.006414316377805715 3.058079649058025e-06 0.03236792907586874 7.057626632975581e-06
59783.02659040382 0.03878653873356544 6.360702179498885e-06 0.0033384979303545453 1.5902681003347349e-06 8.174437663353662e-07 3.8938312155327887e-10 0.006420188327604895 3.058207885259106e-06 0.032366350405960545 7.057702720130881e-06
59783.0275411919 0.03879175360836938 6.36156870524039e-06 0.0033361136844830973 1.594957766895532e-06 8.168599747723087e-07 3.9053140403728445e-10 0.006415603239390572 3.0672264747991004e-06 0.03237615036897881 7.062395814396303e-06
59783.028491979974 0.0388124923415001 6.362829368831073e-06 0.003343614957775013 1.5905108458708245e-06 8.18696689732142e-07 3.8944255871017446e-10 0.006430028764951949 3.0586747035977396e-06 0.03238246357654816 7.059822130853437e-06
59783.02944276806 0.03880705190729599 6.361954110294437e-06 0.0033403461701250704 1.590256498744358e-06 8.178963147899787e-07 3.893802808602693e-10 0.006423742634855905 3.058185574508381e-06 0.03238330927244008 7.058821368303878e-06
59783.03039355613 0.03882767917264256 6.3637506347067645e-06 0.0033365777092577123 1.589889252123684e-06 8.169735929824581e-07 3.8929035914486307e-10 0.00641649559472637 3.057479331007085e-06 0.03241118357791618 7.060134701283416e-06
59783.031344344214 0.03883935043587286 6.364604400022896e-06 0.003341287845500944 1.5903904340685214e-06 8.181268875451452e-07 3.8941307542780044e-10 0.006425553549040277 3.0584431424394646e-06 0.03241379688683258 7.0613216627148345e-06
59783.03229513229 0.03882739575100352 6.364013125655215e-06 0.0033440620609011774 1.5907350742020068e-06 8.188061646130664e-07 3.8949746185984975e-10 0.006430888578656111 3.0591059119269365e-06 0.032396507172347405 7.061075841817463e-06
59783.03324592037 0.03885191602876631 6.3653220061622604e-06 0.0033398784444016606 1.5901965209235197e-06 8.177817903886066e-07 3.8936559506540423e-10 0.006422843162310886 3.0580702325452305e-06 0.032429072866455425 7.061806977630639e-06
59783.034196708446 0.038871116596523994 6.366870571468596e-06 0.00334550177149915 1.5911565403921547e-06 8.191586831642804e-07 3.896006594406315e-10 0.006433657252882981 3.059916423831067e-06 0.03243745934364101 7.064002363721571e-06
59783.03514749653 0.038888093710868085 6.367860323780848e-06 0.003349914956829788 1.5907246409800661e-06 8.202392681798984e-07 3.8949490724624323e-10 0.006442144147749592 3.059085848038589e-06 0.03244594956311849 7.064534756716277e-06
59783.0360982846 0.03888435472001431 6.367128010445323e-06 0.0033471806348073932 1.590648989742118e-06 8.195697591554844e-07 3.894763837562886e-10 0.006436885836168064 3.0589403648886883e-06 0.032447468883846246 7.063811666327377e-06
59783.037049072685 0.038888297468480104 6.368183510258128e-06 0.003346161539836506 1.5905302842981478e-06 8.193202299214893e-07 3.894473182821659e-10 0.0064349260381471275 3.0587120851887458e-06 0.03245337143033298 7.0646642411655506e-06
59783.03799986076 0.038919368189938366 6.369097058248685e-06 0.0033482075575351966 1.5906303609413142e-06 8.198212050451817e-07 3.894718224243936e-10 0.006438860687567686 3.0589045402717582e-06 0.03248050750237068 7.065571054337167e-06
59783.03895064884 0.03893885296105233 6.370743089436776e-06 0.003350422748484164 1.5908179155518618e-06 8.203636028750596e-07 3.8951774587572945e-10 0.006443120670161854 3.0592652222151188e-06 0.03249573229089048 7.0672109924256086e-06
59783.03990143692 0.038951290853484644 6.372142960122946e-06 0.0033530013641037354 1.5909401211871477e-06 8.209949866015038e-07 3.8954766838485166e-10 0.006448079546353337 3.0595002330522073e-06 0.032503211307131304 7.068574649835067e-06
59783.040852225 0.03896777659778018 6.372277470504991e-06 0.003355025708663619 1.5911631224872813e-06 8.214906549756987e-07 3.896022710913627e-10 0.006451972516660806 3.0599290817063103e-06 0.03251580408111938 7.068881534314853e-06
59783.04180301308 0.038989254065470935 6.373784107842127e-06 0.003355583640557491 1.5911938170793552e-06 8.216272666969577e-07 3.896097867776008e-10 0.00645304546261056 3.059988109767991e-06 0.03253620860286038 7.070265276869202e-06
59783.04275380116 0.03900577667192418 6.374962809964362e-06 0.0033566786015090935 1.591155311322671e-06 8.21895372001481e-07 3.896003584983488e-10 0.006455151156748257 3.0599140602359058e-06 0.03255062551517592 7.0712958419555675e-06
59783.04370458924 0.03901898644835329 6.375794476120801e-06 0.003358780493787959 1.591628679317688e-06 8.224100282261396e-07 3.8971626443113107e-10 0.006459193257284537 3.0608243833032467e-06 0.032559793191068755 7.0724395442560146e-06
59783.044655377314 0.03903767220651749 6.3775962726134125e-06 0.00335600757414107 1.591458812986271e-06 8.217310684282951e-07 3.8967467202142353e-10 0.006453860719502058 3.0604977172812906e-06 0.03258381148701543 7.073922567708561e-06
59783.0456061654 0.03904656579437661 6.378555397211005e-06 0.0033607956726805313 1.591808462733411e-06 8.229034523522432e-07 3.897602850762053e-10 0.006463068601308714 3.061170120641175e-06 0.0325834971930679 7.0750781948184826e-06
59783.04655695347 0.03906350461548111 6.379316501810274e-06 0.003359884513521365 1.5919030929359758e-06 8.226803516074359e-07 3.897834556369807e-10 0.006461316372156471 3.061352101799954e-06 0.032602188243324635 7.075843110291795e-06
59783.047507741554 0.039091480681360584 6.381262429248027e-06 0.0033634543254746313 1.5919354999950713e-06 8.235544334816988e-07 3.8979139062720545e-10 0.006468181395143522 3.061414423067445e-06 0.03262329928621706 7.077624492772826e-06
59783.04845852963 0.039118532562199326 6.382964204301738e-06 0.00336502923896738 1.5921585243847436e-06 8.239400569698727e-07 3.8984599898727685e-10 0.00647121007493727 3.061843316124507e-06 0.03264732248726206 7.0793443570639815e-06
59783.04940931771 0.03914309141291458 6.384191787170345e-06 0.0033699398321049177 1.5924894169677834e-06 8.251424341565686e-07 3.8992701927992793e-10 0.006480653523278689 3.062479648014968e-06 0.032662437889635895 7.080726401286747e-06
59783.050360105786 0.03916518071514394 6.385784073582471e-06 0.0033687628940169863 1.5919676868884364e-06 8.248542564420956e-07 3.8979927170902364e-10 0.006478390180801897 3.061476320939301e-06 0.03268679053434204 7.0817282846838715e-06
59783.05131089387 0.03917902774060311 6.386216998696323e-06 0.003371659391224029 1.5921354026544853e-06 8.255634746700228e-07 3.8984033754471767e-10 0.006483960367738517 3.0617988512586257e-06 0.032695067372864595 7.082258097528394e-06
59783.05226168194 0.039207307709173994 6.388407480882949e-06 0.0033742417638860053 1.5923639624625708e-06 8.261957783224211e-07 3.8989630127279297e-10 0.006488926469011549 3.062238389351098e-06 0.03271838124016244 7.0844233424476294e-06
59783.053212470026 0.03924199898793761 6.392024978184498e-06 0.003377240063168233 1.5925205666805345e-06 8.26929923171091e-07 3.899346464041745e-10 0.006494692429169679 3.0625395513087205e-06 0.032747306558767925 7.087815730185482e-06
59783.0541632581 0.03927304906049131 6.392769160434946e-06 0.0033792357624054716 1.5930086435443448e-06 8.274185776303699e-07 3.9005415385876555e-10 0.006498530312318215 3.063478160662202e-06 0.032774518748173095 7.088892436725386e-06
59783.05511404618 0.03930586882666284 6.394858920601731e-06 0.0033824254993377323 1.5930217410453184e-06 8.281995967071884e-07 3.900573608311072e-10 0.006504664421803331 3.063503348164074e-06 0.032801204404859514 7.090787923680416e-06
59783.05606483426 0.039355078320863594 6.398571457621937e-06 0.0033903015438737703 1.5935631591651803e-06 8.301280758147613e-07 3.901899290927311e-10 0.006519810661295713 3.064544536856116e-06 0.03283526765956788 7.094585958085841e-06
59783.05701562234 0.03940933102612778 6.401722414393876e-06 0.0033901603637700173 1.5935085400868551e-06 8.300935073357174e-07 3.901765554061118e-10 0.006519539161096187 3.0644395001670294e-06 0.03288979186503159 7.097382568323121e-06
59783.057966410415 0.039459651274382744 6.4056314307758136e-06 0.0033949150578821098 1.5942673341061891e-06 8.312577120600704e-07 3.9036234897375114e-10 0.006528682803619442 3.0658987194349792e-06 0.0329309684707633 7.101538494212084e-06
59783.0589171985 0.03950473382601801 6.4082732345769466e-06 0.003400313432149916 1.594158800074123e-06 8.325795242898881e-07 3.9033577400806343e-10 0.006539064292595992 3.0656900001425445e-06 0.03296566953342202 7.103831432823366e-06
59783.05986798657 0.03954457938150515 6.411074320202927e-06 0.003405716351830763 1.5945424587232003e-06 8.339024494811731e-07 3.904297142703105e-10 0.006549454522751468 3.066427805236924e-06 0.03299512485875368 7.106676679285161e-06
59783.060818774655 0.03960226428844041 6.414591869403339e-06 0.003405893834087944 1.5948407847067417e-06 8.339459066789291e-07 3.9050276050866953e-10 0.006549795834784508 3.0670015090514266e-06 0.0330524684536559 7.110097545571309e-06
59783.06176956273 0.03963296374442512 6.416702830434559e-06 0.003410687914086201 1.5951225577250248e-06 8.351197551855456e-07 3.9057175369126905e-10 0.006559015219396541 3.0675433802404325e-06 0.033073948525028575 7.112235766885387e-06
59783.06272035081 0.039680567664431385 6.420692426135409e-06 0.0034139611830318445 1.5951012312826707e-06 8.359212273898045e-07 3.90566531831701e-10 0.006565309967368932 3.06750236785129e-06 0.03311525769706245 7.1158177328966116e-06
59783.06367113889 0.03970450584943311 6.4213445630592015e-06 0.0034161475869381942 1.5950439236604466e-06 8.364565766040984e-07 3.9055249984500283e-10 0.006569514590265758 3.0673921608854743e-06 0.03313499125916735 7.116358666213475e-06
