WASP39b/WASP39b_SYS/Results/ROEBA_Results/WASP39b_SYS_nrca3_level3_asn_phot.ecsv
# %ECSV 0.9
# ---
# datatype:
# - {name: MJD, datatype: float64}
# - {name: aperture_sum, unit: Jy, datatype: float64}
# - {name: aperture_sum_err, unit: Jy, datatype: float64}
# - {name: annulus_sum, unit: Jy, datatype: float64}
# - {name: annulus_sum_err, unit: Jy, datatype: float64}
# - {name: annulus_mean, unit: Jy, datatype: float64}
# - {name: annulus_mean_err, unit: Jy, datatype: float64}
# - {name: aperture_bkg, unit: Jy, datatype: float64}
# - {name: aperture_bkg_err, unit: Jy, datatype: float64}
# - {name: net_aperture_sum, unit: Jy, datatype: float64}
# - {name: net_aperture_sum_err, unit: Jy, datatype: float64}
# meta: !!omap
# - {instrument: NIRCAM}
# - {detector: NRCA3}
# - {channel: SHORT}
# - {subarray: SUBGRISM256}
# - {filter: F210M}
# - {pupil: WLP8}
# - {target_name: UNKNOWN}
# - {xcenter: 1054}
# - {ycenter: 165}
# - ra_icrs: !numpy.ndarray
#     buffer: !!binary |
#       aXlsL3BYTXFhMEE9
#     dtype: float64
#     order: C
#     shape: !!python/tuple []
# - dec_icrs: !numpy.ndarray
#     buffer: !!binary |
#       T0ZFWVZocU9DOEE9
#     dtype: float64
#     order: C
#     shape: !!python/tuple []
# - {apertures: Photometry measured in a circular aperture of r=50.0 pixels.  Background calculated as the mean in a circular annulus
#     with r_inner=60.0 pixels and r_outer=70.0 pixels.}
# - {number_of_integrations: 378}
# - __serialized_columns__:
#     annulus_mean:
#       __class__: astropy.units.quantity.Quantity
#       unit: &id001 !astropy.units.Unit {unit: Jy}
#       value: !astropy.table.SerializedColumn {name: annulus_mean}
#     annulus_mean_err:
#       __class__: astropy.units.quantity.Quantity
#       unit: *id001
#       value: !astropy.table.SerializedColumn {name: annulus_mean_err}
#     annulus_sum:
#       __class__: astropy.units.quantity.Quantity
#       unit: *id001
#       value: !astropy.table.SerializedColumn {name: annulus_sum}
#     annulus_sum_err:
#       __class__: astropy.units.quantity.Quantity
#       unit: *id001
#       value: !astropy.table.SerializedColumn {name: annulus_sum_err}
#     aperture_bkg:
#       __class__: astropy.units.quantity.Quantity
#       unit: *id001
#       value: !astropy.table.SerializedColumn {name: aperture_bkg}
#     aperture_bkg_err:
#       __class__: astropy.units.quantity.Quantity
#       unit: *id001
#       value: !astropy.table.SerializedColumn {name: aperture_bkg_err}
#     aperture_sum:
#       __class__: astropy.units.quantity.Quantity
#       unit: *id001
#       value: !astropy.table.SerializedColumn {name: aperture_sum}
#     aperture_sum_err:
#       __class__: astropy.units.quantity.Quantity
#       unit: *id001
#       value: !astropy.table.SerializedColumn {name: aperture_sum_err}
#     net_aperture_sum:
#       __class__: astropy.units.quantity.Quantity
#       unit: *id001
#       value: !astropy.table.SerializedColumn {name: net_aperture_sum}
#     net_aperture_sum_err:
#       __class__: astropy.units.quantity.Quantity
#       unit: *id001
#       value: !astropy.table.SerializedColumn {name: net_aperture_sum_err}
# schema: astropy-2.0
MJD aperture_sum aperture_sum_err annulus_sum annulus_sum_err annulus_mean annulus_mean_err aperture_bkg aperture_bkg_err net_aperture_sum net_aperture_sum_err
[from data line 273]
59783.065572715044 0.03978889639872586 6.42692503583281e-06 0.00342910193109465 1.596198029257004e-06 8.396284964610423e-07 3.908350869381446e-10 0.006594426790566635 3.0696115947250083e-06 0.03319446960815923 7.1223507887975285e-06
59783.06652350313 0.03982611537900291 6.429455917825109e-06 0.003426216482125904 1.5959590180475584e-06 8.389219834357879e-07 3.907765641451636e-10 0.006588877850242124 3.0691519577837662e-06 0.03323723752876078 7.124436619075521e-06
59783.0674742912 0.03986701335953566 6.432057936248938e-06 0.0034336008383516834 1.596458618643187e-06 8.407300708125328e-07 3.908988932288035e-10 0.0066030785352917 3.070112728159975e-06 0.03326393482424396 7.127198710494386e-06
59783.068425079284 0.03988352359412836 6.433712369203963e-06 0.003430692177896674 1.5969067544085747e-06 8.400178743676241e-07 3.9100862095532307e-10 0.006597484957493604 3.0709745277087975e-06 0.033286038636634756 7.129063009925241e-06
59783.06937586736 0.03990500471122012 6.434685674526664e-06 0.003433423052485108 1.5961430507327629e-06 8.406865392748754e-07 3.908216252398417e-10 0.006602736639394439 3.069505866793775e-06 0.03330226807182568 7.12930894240389e-06
59783.07032665544 0.039917969530188564 6.437048983319836e-06 0.0034315154747496203 1.596568565679522e-06 8.402194616965139e-07 3.909258141738974e-10 0.006599068220672347 3.070324164768312e-06 0.033318901309516216 7.13179431072007e-06
59783.071277443516 0.03991635821952853 6.436052743361357e-06 0.00343505062729415 1.5968025877652386e-06 8.410850570842767e-07 3.9098311536118123e-10 0.006605866590950289 3.070774207240844e-06 0.03331049162857824 7.131088917352306e-06
59783.0722282316 0.03991341482171091 6.435372057243109e-06 0.0034368220855729398 1.5967775611435925e-06 8.415188053020467e-07 3.90976987498806e-10 0.0066092732414864235 3.0707260791222933e-06 0.03330414158022449 7.130453854289162e-06
59783.07317901967 0.03991580466321422 6.4361745625656166e-06 0.003436277328137202 1.596690634030341e-06 8.413854193963794e-07 3.9095570306840186e-10 0.006608225631033081 3.0705589115968097e-06 0.03330757903218114 7.131106157490806e-06
59783.074129807756 0.039931773359520195 6.436502898913476e-06 0.0034367576882222903 1.5965200768842843e-06 8.415030373686961e-07 3.909139415101333e-10 0.006609149400427482 3.0702309170851625e-06 0.03332262395909271 7.131261280583343e-06
59783.07508059583 0.03992333311352775 6.436268150990969e-06 0.0034361643372984815 1.5970561178821205e-06 8.41357753164831e-07 3.910451931632188e-10 0.006608008340958619 3.0712617651579245e-06 0.03331532477256913 7.131493289738249e-06
59783.07603138391 0.03991077806044816 6.435546817737508e-06 0.0034372511831294635 1.5972143412560104e-06 8.416238714515688e-07 3.9108393475101456e-10 0.006610098429095123 3.0715660408769434e-06 0.03330067963135304 7.130973340769114e-06
59783.07698217199 0.0399187731984433 6.436350467793039e-06 0.003439592004150632 1.5968057207937136e-06 8.421970302768186e-07 3.909838824949791e-10 0.006614600007981985 3.0707802322956032e-06 0.03330417319046132 7.131360219433394e-06
59783.07793296007 0.039922997689237155 6.436158975591887e-06 0.003438380592180035 1.5968369278015372e-06 8.419004115026014e-07 3.909915236481395e-10 0.006612270369576991 3.070840245772187e-06 0.033310727319660165 7.13121323297419e-06
59783.078883748145 0.039931114499227066 6.436847232629203e-06 0.0034365957419203053 1.5969050637602296e-06 8.414633842079632e-07 3.910082069937213e-10 0.006608837965231357 3.07097127646198e-06 0.03332227653399571 7.131890834628693e-06
59783.07983453623 0.03992314634879329 6.43661030875261e-06 0.003438376165484979 1.5967642256378432e-06 8.418993276096787e-07 3.9097372225010045e-10 0.0066122618567018825 3.0707004339189294e-06 0.03331088449209141 7.131560377758171e-06
59783.0807853243 0.039913467037444646 6.435930509019222e-06 0.0034357927513254207 1.5965891993702402e-06 8.412667689426829e-07 3.909308664106236e-10 0.006607293752548886 3.07036384494277e-06 0.03330617328489576 7.130801894405437e-06
59783.081736112385 0.039927796142228744 6.435881842199147e-06 0.0034337373892815186 1.5964353880199397e-06 8.407635058209437e-07 3.9089320512338675e-10 0.00660334113323369 3.0700680538845e-06 0.03332445500899506 7.1306306132228475e-06
59783.08268690046 0.03991782718632386 6.435463292276532e-06 0.003433412904742212 1.5964690475489925e-06 8.406840545618859e-07 3.909014467855881e-10 0.006602717124504254 3.0701327837480627e-06 0.03331511006181961 7.13028071649941e-06
59783.08363768854 0.0399211303397225 6.436177582981695e-06 0.003431536063875803 1.5964093445698491e-06 8.402245030214461e-07 3.908868282867451e-10 0.006599107815145775 3.0700179703266333e-06 0.03332202252457672 7.130875978293589e-06
59783.08458847662 0.03991402776538198 6.435646339665538e-06 0.0034346075132931113 1.5965290606415659e-06 8.409765589556328e-07 3.909161412168701e-10 0.006605014448640599 3.070248193541473e-06 0.03330901331674138 7.130495619463988e-06
59783.0855392647 0.03990934163871436 6.4355230260530555e-06 0.003435460758322433 1.5963948313335153e-06 8.411854792080715e-07 3.908832746662792e-10 0.006606655304466217 3.06999006025676e-06 0.03330268633424814 7.13027317772148e-06
59783.08649005278 0.03992557539467162 6.436306997420523e-06 0.0034338425740134673 1.5968960308114969e-06 8.40789260697909e-07 3.9100599524227285e-10 0.006603543411564361 3.070953905406725e-06 0.03332203198310726 7.131395771809134e-06
59783.087440840856 0.03991670320013035 6.435776731070274e-06 0.0034361893372600763 1.5970579654908194e-06 8.413638744993923e-07 3.9104564555715313e-10 0.00660805641780784 3.071265318251576e-06 0.03330864678232251 7.131051310100113e-06
59783.08839162894 0.03990989814352598 6.4350841581185795e-06 0.003435742166768725 1.5968999297840454e-06 8.412543831238487e-07 3.9100694992035604e-10 0.006607196474555241 3.0709614034308566e-06 0.033302701668970744 7.130295369999109e-06
59783.08934241701 0.03990852280169736 6.434941639995336e-06 0.0034324302810001175 1.5968530576460426e-06 8.404434554453417e-07 3.909954731011923e-10 0.006600827463461765 3.0708712647039285e-06 0.0333076953382356 7.130127925537532e-06
59783.090293205096 0.039921359258082975 6.43594823530223e-06 0.0034356509465817983 1.596702150827771e-06 8.412320475182193e-07 3.909585229995397e-10 0.006607021051118844 3.070581059284175e-06 0.03331433820696413 7.130911423452448e-06
59783.09124399317 0.03991134472993893 6.4353380816272885e-06 0.003433314176293259 1.5963146944756679e-06 8.406598805300787e-07 3.9086365285543265e-10 0.006602527262102422 3.069835950914746e-06 0.03330881746783651 7.130039901036391e-06
59783.09219478125 0.039920917562405595 6.436093674693059e-06 0.0034343750818382605 1.5968454414252483e-06 8.409196472402951e-07 3.909936082409045e-10 0.006604567465073578 3.070856618125478e-06 0.03331635009733202 7.1311613471095325e-06
59783.09314556933 0.03991328981509133 6.43556608783513e-06 0.0034331747213727946 1.5965873513634312e-06 8.406257344686474e-07 3.9093041391921047e-10 0.006602259079563067 3.0703602910835216e-06 0.03331103073552827 7.13047145621915e-06
59783.09409635741 0.03990546661906082 6.435195915764223e-06 0.003435305140394949 1.5966704420670503e-06 8.411473755736211e-07 3.909507589902966e-10 0.006606356039221057 3.070520080898174e-06 0.03329911057983976 7.130206171035131e-06
59783.095047145485 0.03989842087277165 6.433834962100069e-06 0.003432247159949318 1.596595958464679e-06 8.40398617567774e-07 3.9093252140030166e-10 0.006600475307594843 3.0703768432013057e-06 0.03329794556517681 7.128916206465609e-06
59783.09599793357 0.03990763337827724 6.434744752952105e-06 0.003432001281434684 1.596273000265811e-06 8.403384132893063e-07 3.908534438714372e-10 0.00660000246429747 3.0697557697419443e-06 0.03330763091397977 7.129469862585058e-06
59783.09694872164 0.03989524359301939 6.434870666063851e-06 0.0034368795749269475 1.5967632664725947e-06 8.415328817864551e-07 3.9097348739488424e-10 0.006609383797936438 3.070698589370375e-06 0.03328585979508295 7.129989503199162e-06
59783.097899509725 0.039893475719914626 6.433923924372001e-06 0.003430442220765164 1.5962787820203402e-06 8.399566714244843e-07 3.90854859555765e-10 0.0065970042707022385 3.0697668885006545e-06 0.033296471449212384 7.1287338156464644e-06
59783.0988502978 0.03989585044271385 6.434131336387318e-06 0.003434415067506087 1.5969599928576997e-06 8.409294378813526e-07 3.9102165658969353e-10 0.006604644360588629 3.0710769093417305e-06 0.03329120608212522 7.12948521542567e-06
59783.09980108588 0.039884028442671984 6.433258598579983e-06 0.003432005680851084 1.5973653044488945e-06 8.403394905029474e-07 3.9112089865620293e-10 0.006600010924713623 3.071856354709413e-06 0.03328401751795836 7.129033430989918e-06
59783.10075187396 0.03989679511144748 6.43386876379301e-06 0.0034308635739333424 1.5962902375606383e-06 8.40059841331412e-07 3.9085766448786387e-10 0.006597814565256428 3.0697889183858435e-06 0.033298980546191057 7.128693517970591e-06
59783.10170266204 0.039888855135089066 6.433405836890985e-06 0.0034355615206673636 1.5964570768780947e-06 8.412101512469534e-07 3.908985157218258e-10 0.006606849078206469 3.0701097632271056e-06 0.0332820060568826 7.128413892332949e-06
59783.102653450114 0.03990029238325759 6.434817818825112e-06 0.00343113097898676 1.5960891510953918e-06 8.401253164638107e-07 3.9080842771104406e-10 0.00659832880574377 3.0694022136449843e-06 0.03330196357751382 7.12938358559826e-06
59783.1036042382 0.03989120472489518 6.43459398971061e-06 0.0034335538386572923 1.596726590983862e-06 8.40718562760708e-07 3.909645072636194e-10 0.006602988151264024 3.0706280595843504e-06 0.03328821657363115 7.1297094255465034e-06
59783.10455502627 0.039886774669345565 6.433741349540646e-06 0.00343107149236336 1.5962813269542007e-06 8.401107509404847e-07 3.9085548269238615e-10 0.006598214408391078 3.0697717826042324e-06 0.03328856026095449 7.128571143648792e-06
59783.105505814354 0.03988530464860514 6.459549859876743e-06 0.003430880420124915 1.605251728580689e-06 8.400639661847368e-07 3.9305191924680953e-10 0.006597846961778684 3.0870225549628636e-06 0.033287457686826456 7.15929414447284e-06
59783.10645660243 0.03989241607108641 6.459681378547086e-06 0.003433271596502467 1.6057753443386568e-06 8.406494547082629e-07 3.9318012853321164e-10 0.006602445377889361 3.0880295083435708e-06 0.033289970693197043 7.159847048418606e-06
59783.10740739051 0.03989283834762694 6.45958727391471e-06 0.0034339202522527357 1.6056965506636358e-06 8.408082805067555e-07 3.9316083560572866e-10 0.006603692792793723 3.087877982045454e-06 0.03328914555483322 7.159696793951681e-06
59783.108358178586 0.03989051953207557 6.459145632497102e-06 0.0034354953710644858 1.6051985305027226e-06 8.411939542680587e-07 3.9303889349746903e-10 0.006606721867431704 3.0869202509667746e-06 0.033283797664643865 7.1588853139043345e-06
59783.10930896667 0.03987921583490382 6.458470978160234e-06 0.003432176323249557 1.6053710318734798e-06 8.403812729355905e-07 3.9308113110646307e-10 0.006600339083172225 3.087251984372077e-06 0.0332788767517316 7.158419671320433e-06
59783.11025975474 0.03988477273365936 6.459413975831518e-06 0.0034288629511517944 1.6048520573811088e-06 8.395699813238034e-07 3.92954058251387e-10 0.006593967213753452 3.0862539565021324e-06 0.03329080551990591 7.158840157119908e-06
59783.111210542826 0.03989674594953537 6.4600492806582336e-06 0.0034299423717898516 1.6057434625304618e-06 8.398342815241452e-07 3.9317232215264407e-10 0.006596043022672792 3.0879681971739654e-06 0.03330070292686258 7.160152532962604e-06
59783.1121613309 0.03989811084904285 6.460008202934426e-06 0.0034334025191479663 1.606009166121165e-06 8.406815116100995e-07 3.9323738067550205e-10 0.006602697152207628 3.0884791656176254e-06 0.033295413696835224 7.1603358537455646e-06
59783.11311211898 0.03988832204196921 6.459946393557754e-06 0.0034288893159229376 1.6048904846253016e-06 8.395764368371124e-07 3.9296346730656034e-10 0.0065940179152364185 3.0863278550486573e-06 0.03329430412673279 7.159352417397057e-06
59783.11406290706 0.03989664472647632 6.459874557580141e-06 0.003433165444876803 1.6052897908776872e-06 8.406234630837372e-07 3.930612389432906e-10 0.006602241240147699 3.08709575168786e-06 0.033294403486328616 7.159618668599638e-06
59783.11501369514 0.03989063932042197 6.459431916738511e-06 0.0034324842549951304 1.6056609335434769e-06 8.404566711808874e-07 3.931521146199871e-10 0.006600931259606021 3.0878094875836096e-06 0.03328970806081595 7.159527087635852e-06
59783.115964483215 0.039891927416171834 6.4594680087574056e-06 0.003434682733722578 1.6053011879826561e-06 8.409949769605115e-07 3.9306402956727943e-10 0.006605159103312651 3.087117669197416e-06 0.033286768312859184 7.159261306841038e-06
59783.1169152713 0.039887320086428875 6.459772913847537e-06 0.003431713935539823 1.6054766706570932e-06 8.402680555669304e-07 3.9310699715968504e-10 0.006599449876038122 3.0874551358790255e-06 0.03328787021039075 7.1596819283082725e-06
59783.11786605937 0.03989470059647641 6.460048128441136e-06 0.0034321095422793603 1.6055685510926128e-06 8.403649213640348e-07 3.931294944296641e-10 0.00660021065822954 3.0876318290242553e-06 0.033294489938246866 7.160006433892325e-06
59783.118816847455 0.03989387925860821 6.460200098387192e-06 0.003432253773858013 1.605579007156758e-06 8.404002370081771e-07 3.9313205463627025e-10 0.006600488026650026 3.0876519368399194e-06 0.03329339123195819 7.160152218652421e-06
59783.11976763553 0.03990097041620412 6.460435369818004e-06 0.0034348754199021265 1.6055126907009985e-06 8.410421568958048e-07 3.931158168028203e-10 0.0066055296536579365 3.087524405194228e-06 0.03329544076254618 7.160309498915914e-06
59783.12071842361 0.03990220929846354 6.4609933665974804e-06 0.0034333755391745915 1.6054072763244327e-06 8.406749054622118e-07 3.930900056965074e-10 0.006602645267643446 3.087321685239294e-06 0.03329956403082009 7.160725554813942e-06
59783.12166921169 0.039898985188812394 6.460339443969283e-06 0.0034343431213700133 1.6052288028008986e-06 8.40911821599518e-07 3.93046305783459e-10 0.006604506002634641 3.0869784669248053e-06 0.033294479186177756 7.159987554916752e-06
59783.12261999977 0.0399071358977235 6.460791212999148e-06 0.003433944341205871 1.6058007274156578e-06 8.408141787774715e-07 3.931863436750203e-10 0.006603739117703599 3.0880783219531888e-06 0.0333033967800199 7.160869417918765e-06
59783.123570787844 0.03990610918364132 6.4603553260913355e-06 0.0034323864347370124 1.6051305333546563e-06 8.404327195230197e-07 3.930222441401907e-10 0.006600743143725024 3.086789487220493e-06 0.033305366039916295 7.159920410016556e-06
59783.124521575926 0.039891326520739054 6.459773858548765e-06 0.003429763208030439 1.6050936582152628e-06 8.397904126042476e-07 3.930132151237112e-10 0.006595698476981614 3.0867185734908903e-06 0.03329562804375744 7.159365185232811e-06
59783.125472364 0.03988069942511703 6.459104801669223e-06 0.003430752122869366 1.6052007680028208e-06 8.400325521194971e-07 3.930394413577779e-10 0.006597600236287243 3.0869245538515786e-06 0.03328309918882979 7.158850329495524e-06
59783.12642315208 0.03990296978279165 6.46039184700167e-06 0.0034358539503639724 1.6051787675952438e-06 8.412817537572952e-07 3.930340544752919e-10 0.00660741144300764 3.086882245375469e-06 0.03329555833978401 7.159993352903336e-06
59783.12737394016 0.03989813838139271 6.4599670817469995e-06 0.0034361801826751177 1.6052669525998877e-06 8.413616329648568e-07 3.930556469051314e-10 0.006608038812836765 3.0870518319228614e-06 0.03329009956855594 7.1596832129803855e-06
59783.12832472824 0.03988610724348351 6.45910733924802e-06 0.0034287780768962827 1.6050595308385885e-06 8.395491995433327e-07 3.9300485890726125e-10 0.0065938039940313135 3.086652943920363e-06 0.0332923032494522 7.158735503993696e-06
