WASP39b/WASP39b_SYS/Results/ROEBA_Results/WASP39b_SYS_nrca3_level3_asn_phot.ecsv
# %ECSV 0.9
# ---
# datatype:
# - {name: MJD, datatype: float64}
# - {name: aperture_sum, unit: Jy, datatype: float64}
# - {name: aperture_sum_err, unit: Jy, datatype: float64}
# - {name: annulus_sum, unit: Jy, datatype: float64}
# - {name: annulus_sum_err, unit: Jy, datatype: float64}
# - {name: annulus_mean, unit: Jy, datatype: float64}
# - {name: annulus_mean_err, unit: Jy, datatype: float64}
# - {name: aperture_bkg, unit: Jy, datatype: float64}
# - {name: aperture_bkg_err, unit: Jy, datatype: float64}
# - {name: net_aperture_sum, unit: Jy, datatype: float64}
# - {name: net_aperture_sum_err, unit: Jy, datatype: float64}
# meta: !!omap
# - {instrument: NIRCAM}
# - {detector: NRCA3}
# - {channel: SHORT}
# - {subarray: SUBGRISM256}
# - {filter: F210M}
# - {pupil: WLP8}
# - {target_name: UNKNOWN}
# - {xcenter: 1054}
# - {ycenter: 165}
# - ra_icrs: !numpy.ndarray
#     buffer: !!binary |
#       aXlsL3BYTXFhMEE9
#     dtype: float64
#     order: C
#     shape: !!python/tuple []
# - dec_icrs: !numpy.ndarray
#     buffer: !!binary |
#       T0ZFWVZocU9DOEE9
#     dtype: float64
#     order: C
#     shape: !!python/tuple []
# - {apertures: Photometry measured in a circular aperture of r=50.0 pixels.  Background calculated as the mean in a circular annulus
#     with r_inner=60.0 pixels and r_outer=70.0 pixels.}
# - {number_of_integrations: 378}
# - __serialized_columns__:
#     annulus_mean:
#       __class__: astropy.units.quantity.Quantity
#       unit: &id001 !astropy.units.Unit {unit: Jy}
#       value: !astropy.table.SerializedColumn {name: annulus_mean}
#     annulus_mean_err:
#       __class__: astropy.units.quantity.Quantity
#       unit: *id001
#       value: !astropy.table.SerializedColumn {name: annulus_mean_err}
#     annulus_sum:
#       __class__: astropy.units.quantity.Quantity
#       unit: *id001
#       value: !astropy.table.SerializedColumn {name: annulus_sum}
#     annulus_sum_err:
#       __class__: astropy.units.quantity.Quantity
#       unit: *id001
#       value: !astropy.table.SerializedColumn {name: annulus_sum_err}
#     aperture_bkg:
#       __class__: astropy.units.quantity.Quantity
#       unit: *id001
#       value: !astropy.table.SerializedColumn {name: aperture_bkg}
#     aperture_bkg_err:
#       __class__: astropy.units.quantity.Quantity
#       unit: *id001
#       value: !astropy.table.SerializedColumn {name: aperture_bkg_err}
#     aperture_sum:
#       __class__: astropy.units.quantity.Quantity
#       unit: *id001
#       value: !astropy.table.SerializedColumn {name: aperture_sum}
#     aperture_sum_err:
#       __class__: astropy.units.quantity.Quantity
#       unit: *id001
#       value: !astropy.table.SerializedColumn {name: aperture_sum_err}
#     net_aperture_sum:
#       __class__: astropy.units.quantity.Quantity
#       unit: *id001
#       value: !astropy.table.SerializedColumn {name: net_aperture_sum}
#     net_aperture_sum_err:
#       __class__: astropy.units.quantity.Quantity
#       unit: *id001
#       value: !astropy.table.SerializedColumn {name: net_aperture_sum_err}
# schema: astropy-2.0
MJD aperture_sum aperture_sum_err annulus_sum annulus_sum_err annulus_mean annulus_mean_err aperture_bkg aperture_bkg_err net_aperture_sum net_aperture_sum_err
59782.80600756956 0.039898776375395115 6.461885594491174e-06 0.0034338332502863145 1.606137332632592e-06 8.407869777482714e-07 3.9326876272755195e-10 0.006603525481319835 3.088725639678062e-06 0.03329525089407528 7.162135960277297e-06
59782.806958357636 0.039896888392654546 6.461265618933364e-06 0.0034323605543633397 1.6057337875713921e-06 8.404263826162519e-07 3.931699532025515e-10 0.006600693373775654 3.0879495914834467e-06 0.03329619501887889 7.161241936839806e-06
59782.80790914572 0.03989719136673372 6.461168356729279e-06 0.003432751025117466 1.6056253572166699e-06 8.405219908480243e-07 3.9314340362265114e-10 0.006601444279072051 3.087741071570519e-06 0.03329574708766167 7.16106426860304e-06
59782.80885993379 0.039906971634343494 6.462420891974612e-06 0.003433621233476033 1.6055723587825738e-06 8.40735064635387e-07 3.9313042675686265e-10 0.00660311775668468 3.08763915150495e-06 0.033303853877658815 7.162150467208585e-06
59782.809810721876 0.03990006389613551 6.461118583502227e-06 0.003432436486287111 1.6060096897577866e-06 8.404449748331851e-07 3.93237508889897e-10 0.006600839396705983 3.0884801726111286e-06 0.03329922449942953 7.1613380821386926e-06
59782.81076150995 0.03991602723750993 6.462060796456719e-06 0.0034362141696394535 1.606573444974566e-06 8.413699548008179e-07 3.933755464736574e-10 0.006608104172383565 3.089564317258781e-06 0.033307923065126366 7.162655751017325e-06
59782.81171229803 0.03990133853475941 6.461527213979779e-06 0.0034374365553906426 1.6061459760537064e-06 8.416692605464593e-07 3.93270879101699e-10 0.006610454914212775 3.088742261641743e-06 0.033290883620546635 7.161819789400809e-06
59782.81266308611 0.039901929841626896 6.462120256064833e-06 0.0034322544722121245 1.6060680133270005e-06 8.404004080028061e-07 3.9325178963503413e-10 0.006600489369638702 3.088592333321155e-06 0.03330144047198819 7.162290192759131e-06
59782.81361387419 0.03990648827788018 6.462334676476771e-06 0.003433676286990159 1.6057756575350392e-06 8.407485446952451e-07 3.9318020522052306e-10 0.00660322362882723 3.0880301106443063e-06 0.03330326464905295 7.1622412298832844e-06
59782.814564662265 0.03991856659107042 6.463188425095845e-06 0.0034344267688749567 1.605832420177139e-06 8.409323030055012e-07 3.9319410376678946e-10 0.006604666863221071 3.0881392695714213e-06 0.033313899727849344 7.163058618115729e-06
59782.81551545035 0.0399136042242286 6.461958700924382e-06 0.003436551258852406 1.606513420764237e-06 8.414524923615939e-07 3.9336084932015115e-10 0.006608752420870012 3.089448886085071e-06 0.033304851803358584 7.162513851448011e-06
59782.81646623842 0.03991959442298515 6.462918155824377e-06 0.0034319425229890044 1.6055999757091622e-06 8.403240260630319e-07 3.9313718886513885e-10 0.006599889467286547 3.087692260979158e-06 0.0333197049556986 7.1626220469458634e-06
59782.817417026505 0.03990837768085019 6.461709016419796e-06 0.003435242090115838 1.6057518016988116e-06 8.411319374757998e-07 3.9317436402935815e-10 0.006606234788684304 3.0879842340361765e-06 0.03330214289216589 7.161656934155453e-06
59782.81836781459 0.03990600661447689 6.461586090635691e-06 0.003434490661886452 1.6056489213459836e-06 8.409479474495143e-07 3.9314917338828177e-10 0.006604789734397024 3.0877863872038145e-06 0.033301216880079865 7.161460715503354e-06
59782.81931860266 0.039926965915070306 6.46376866215537e-06 0.003437193608211007 1.6064659285379293e-06 8.416097740163835e-07 3.933492206700353e-10 0.006609987708098091 3.0893575548806335e-06 0.033316978206972214 7.1641074405511165e-06
59782.820269390744 0.039904118274078304 6.461797615321503e-06 0.0034340773004981973 1.6062273697615636e-06 8.408467343599388e-07 3.9329080865699445e-10 0.00660399480865038 3.088898788003007e-06 0.033300123465427926 7.162131257098065e-06
59782.82122017882 0.039909500224696484 6.462008590417397e-06 0.0034334161560107034 1.6059558931077912e-06 8.406848506471963e-07 3.9322433657794534e-10 0.006602723376943661 3.088376717514983e-06 0.03330677684775282 7.16209646485698e-06
59782.8221709669 0.03992078650893664 6.462640440742474e-06 0.0034352585957093435 1.6056596748210097e-06 8.411359789324076e-07 3.9315180641706e-10 0.006606266530210276 3.087807066963481e-06 0.033314519978726365 7.162420955871674e-06
59782.82312175498 0.0399116576865977 6.4621437080104194e-06 0.003437170063920947 1.6063838415521432e-06 8.416040091084687e-07 3.933291213630332e-10 0.0066099424306172066 3.0891996952925832e-06 0.03330171525598049 7.162573284817017e-06
59782.82407254306 0.03991807903158351 6.463193280300337e-06 0.003434782783974955 1.6060098319271715e-06 8.410194746408552e-07 3.9323754370060524e-10 0.006605351507644145 3.0884804460137916e-06 0.033312727523939364 7.163210093521548e-06
59782.825023331134 0.03991576057816894 6.462686996276217e-06 0.0034343350822877957 1.6056418783658132e-06 8.409098532000214e-07 3.931474488881153e-10 0.006604490542861146 3.0877728430111793e-06 0.03331127003530779 7.162448208669648e-06
59782.825974119216 0.039928078032798235 6.463433577380383e-06 0.003435959966551688 1.6055026517797115e-06 8.4130771221933e-07 3.931133587352109e-10 0.006607615320291707 3.0875050995763687e-06 0.03332046271250653 7.163006446256924e-06
59782.82692490729 0.039928596387487095 6.463314266576668e-06 0.0034336426901232053 1.6060890696154408e-06 8.407403183760942e-07 3.93256945346401e-10 0.006603159019467703 3.0886328261835404e-06 0.03332543736801939 7.1633849570934e-06
59782.82787569537 0.03991955927106466 6.462130625006483e-06 0.0034370137916241005 1.6060687118757724e-06 8.415657452492202e-07 3.932519606773265e-10 0.006609641906969424 3.088593676684178e-06 0.033309917364095235 7.162300127354352e-06
59782.82882648345 0.039920722797080914 6.462939251860556e-06 0.0034366360527866907 1.605754577402704e-06 8.414732544751102e-07 3.9317504367088897e-10 0.006608915486128252 3.0879895719282773e-06 0.033311807310952665 7.162769252850302e-06
59782.82977727153 0.03992561417111686 6.462684133637911e-06 0.003438661434946948 1.6059346169896567e-06 8.419691769096565e-07 3.9321912704045165e-10 0.006612810451821054 3.088335801903186e-06 0.033312803719295805 7.162688338640192e-06
59782.830728059605 0.03991526011221253 6.4623423628170845e-06 0.003433912686799024 1.6057035095405068e-06 8.408064280769787e-07 3.9316253951288617e-10 0.006603678243844277 3.087891364500975e-06 0.03331158186836825 7.162188345276881e-06
59782.83167884769 0.03992132679823994 6.4625218199585635e-06 0.0034368216807695176 1.6061238112460072e-06 8.415187061844072e-07 3.9326545196522513e-10 0.006609272463018304 3.0886996370115523e-06 0.033312054335221636 7.162698773584984e-06
59782.83262963576 0.039922705586516796 6.462391022879719e-06 0.0034373150209896642 1.6060711825557424e-06 8.416395023915801e-07 3.9325256563260345e-10 0.006610221194210893 3.0885984279918123e-06 0.0333124843923059 7.162537119065414e-06
59782.833580423845 0.03993286245339052 6.463290832556208e-06 0.0034348176727480675 1.606069047487985e-06 8.410280172880848e-07 3.932520428532382e-10 0.006605418601438592 3.088594322092279e-06 0.033327443851951924 7.163347211511234e-06
59782.83453121192 0.03992883228120705 6.463779410730273e-06 0.003436827878166238 1.605672577282569e-06 8.415202236402878e-07 3.93154965633268e-10 0.00660928438108892 3.087831879389556e-06 0.03331954790011813 7.163459358854145e-06
59782.835482 0.03991582785318706 6.462888056430487e-06 0.0034373047309045786 1.6059728348627432e-06 8.416369828255705e-07 3.932284848303227e-10 0.006610201405585729 3.088409297812968e-06 0.03330562644760133 7.162904021468487e-06
59782.83643278808 0.03991531898165584 6.4624345363295594e-06 0.0034358989752555193 1.6059849916789723e-06 8.412927782712211e-07 3.9323146147246905e-10 0.0066074980293375375 3.0884326763057165e-06 0.0333078209523183 7.162504906275314e-06
59782.83738357616 0.039924027546705515 6.4644940381506155e-06 0.003435883118802623 1.6058852126987675e-06 8.412888957591313e-07 3.932070302141363e-10 0.00660746753615889 3.0882407936514763e-06 0.03331656001054663 7.1642804501818565e-06
59782.838334364234 0.03991329547838017 6.461997972782919e-06 0.00343640534007914 1.605899447830045e-06 8.41416763601509e-07 3.932105157395338e-10 0.006608471807844502 3.0882681689039327e-06 0.033304823670535666 7.162040078309797e-06
59782.83928515232 0.03992489121065636 6.46376037803378e-06 0.0034362994257971357 1.6062693608605203e-06 8.413908300914704e-07 3.9330109033540186e-10 0.006608268126532954 3.088979540116385e-06 0.033316623084123406 7.16393696398126e-06
59782.84023594039 0.03991527866720887 6.462561485936003e-06 0.0034391791602845024 1.605953785349276e-06 8.420959439044806e-07 3.932238204853507e-10 0.006613806077470197 3.0883726641332233e-06 0.03330147258973867 7.162593571609987e-06
59782.841186728474 0.039928655677447175 6.463687024187422e-06 0.0034375580695330168 1.6062923586717687e-06 8.41699013740943e-07 3.933067214359257e-10 0.006610688595255802 3.0890237666764786e-06 0.033317967082191376 7.163889849637625e-06
59782.84213751655 0.03992653380821654 6.462542593298507e-06 0.0034325929794367083 1.6056929331565626e-06 8.404832927690597e-07 3.93159949845525e-10 0.006601140345070594 3.087871025301082e-06 0.03332539346314595 7.1623602422030785e-06
59782.84308830463 0.03993150288735317 6.463272634834598e-06 0.00343575008137167 1.6059330812786599e-06 8.412563210441276e-07 3.9321875101584193e-10 0.0066072116949455195 3.0883328486128075e-06 0.03332429119240765 7.163218057271652e-06
59782.844039092706 0.03993415863918716 6.463162264586128e-06 0.0034388505581074112 1.6058548355332287e-06 8.420154844263348e-07 3.9319959225097846e-10 0.00661317415020656 3.08818237602544e-06 0.0333209844889806 7.1630535978704096e-06
59782.84498988079 0.03994622723404799 6.464101624726421e-06 0.003435719238433282 1.6056648465787487e-06 8.41248769034737e-07 3.93153072741381e-10 0.0066071523816024665 3.08781701265144e-06 0.03333907485244553 7.163743694354958e-06
59782.84594066886 0.039930563342111876 6.463635531382523e-06 0.0034341212866906843 1.6056328222374108e-06 8.408575045444958e-07 3.931452314610376e-10 0.006604079397482086 3.0877554273796365e-06 0.03332648394462979 7.163296577823861e-06
59782.846891456946 0.03993272366470489 6.463600833980466e-06 0.003435767397524566 1.6057897797256542e-06 8.412605609692488e-07 3.9318366309197487e-10 0.0066072449952395505 3.0880572687031815e-06 0.03332547866946534 7.163395384580103e-06
59782.84784224502 0.039920522020475926 6.463365186363103e-06 0.003435506734727295 1.6057614585304022e-06 8.41196736703609e-07 3.9317672854086926e-10 0.006606743720629414 3.088002804866158e-06 0.03331377829984651 7.163159278918193e-06
59782.8487930331 0.03993329609593599 6.464107508885752e-06 0.0034342593751764206 1.6057752714408528e-06 8.408913160292482e-07 3.9318011068391035e-10 0.006604344952262348 3.088029368155486e-06 0.03332895114367364 7.163840538776944e-06
59782.84974382118 0.03991966978189962 6.463276736341176e-06 0.0034342625341206474 1.6059557884285344e-06 8.408920895086153e-07 3.932243109468359e-10 0.006604351027155091 3.0883765162087202e-06 0.03331531875474453 7.163240584846956e-06
59782.85069460926 0.03993142138992775 6.46384776108202e-06 0.0034332372396718726 1.6056532937175348e-06 8.406410423091581e-07 3.931502439798901e-10 0.006602379307061294 3.087794795610644e-06 0.03332904208286646 7.163505048385547e-06
59782.851645397335 0.039922545841144796 6.4635307658655505e-06 0.003432620945956273 1.6059593267559202e-06 8.404901404764902e-07 3.9322517731959544e-10 0.0066011941268389876 3.088383320684462e-06 0.03332135171430581 7.163472726043737e-06
59782.85259618542 0.03993104131035781 6.4637960688784235e-06 0.0034353873240404826 1.6068874834650971e-06 8.411674985481256e-07 3.9345243997840995e-10 0.006606514084693237 3.0901682374328795e-06 0.03332452722566457 7.164481792543491e-06
59782.85354697349 0.03992122734745612 6.462974606886779e-06 0.0034369546458414184 1.60631748915568e-06 8.415512631820251e-07 3.9331287472936687e-10 0.006609528165079651 3.089072094530154e-06 0.033311699182376475 7.163267911677479e-06
59782.854497761575 0.03991762319342838 6.462241228831885e-06 0.0034338143929976963 1.60559384621894e-06 8.407823604702762e-07 3.9313568803641967e-10 0.006603489217303263 3.087680473497962e-06 0.033314133976125114 7.162006171879163e-06
59782.85544854965 0.03991889452890301 6.462303938096923e-06 0.003435937273762882 1.6056426287773075e-06 8.413021558046978e-07 3.931476326291902e-10 0.006607571680313235 3.087774286110207e-06 0.03331132284858977 7.162103198803156e-06
59782.85639933773 0.03991693342282181 6.467499944869412e-06 0.003433891335015987 1.6063108778636227e-06 8.408012000126491e-07 3.9331125592965745e-10 0.006603637182723052 3.0890593805069672e-06 0.03331329624009875 7.167345630928086e-06
59782.85735012581 0.0399228040199683 6.462904359544835e-06 0.00343376684667804 1.6062070848598609e-06 8.407707185752006e-07 3.9328584182256967e-10 0.006603397782073154 3.0888597785766556e-06 0.033319406237895144 7.1631129749803796e-06
59782.85830091389 0.0399323317064668 6.463378166927446e-06 0.0034356323668758844 1.6064219033834545e-06 8.412274982073924e-07 3.933384409454891e-10 0.006606985320915163 3.089272891122028e-06 0.03332534638555164 7.163718610089026e-06
59782.859251701964 0.03992650343481182 6.463254006730338e-06 0.003433596469562101 1.6057314204620556e-06 8.407290010979831e-07 3.9316937360693345e-10 0.006603070133773272 3.0879450393501072e-06 0.03332343330103855 7.16303405838355e-06
59782.86020249005 0.039932722366212856 6.46423327584026e-06 0.0034370557610086346 1.6058562692724098e-06 8.415760216107697e-07 3.9319994330740577e-10 0.006609722617324298 3.088185133216173e-06 0.033322999748888554 7.1640211656232485e-06
59782.86115327812 0.039919817674894865 6.462710354533529e-06 0.0034370906263560446 1.606058084584025e-06 8.415845585221281e-07 3.9324935854499835e-10 0.006609789666069317 3.0885732395846636e-06 0.03331002800882555 7.1628143758493e-06
59782.862104066204 0.03993048880236051 6.46362389194144e-06 0.0034346260005221744 1.6058694542831018e-06 8.409810856231551e-07 3.9320317170683095e-10 0.006605050001004182 3.0882104890059654e-06 0.03332543880135633 7.163482242658432e-06
59782.863054854286 0.03992648070312341 6.464260527676642e-06 0.0034350815075226086 1.6061203657374807e-06 8.410926182242813e-07 3.9326460831951213e-10 0.006605925976005017 3.088693011033617e-06 0.03332055472711839 7.164264699610575e-06
59782.86400564236 0.039922445190225656 6.4630699689324566e-06 0.0034349841504526897 1.6056246837829795e-06 8.410687799797852e-07 3.931432387298809e-10 0.006605738750870558 3.08773977650573e-06 0.033316706439355095 7.1627795129217985e-06
59782.86495643044 0.03991294797766959 6.46351660871998e-06 0.0034328540552600747 1.6057370194584522e-06 8.405472181656913e-07 3.9317074454224555e-10 0.006601642413961682 3.0879558066508698e-06 0.033311305563707906 7.163275648404705e-06
59782.86590721852 0.03992119542022627 6.462811818120603e-06 0.0034382048977510365 1.6058759718970538e-06 8.418573920612955e-07 3.932047675691042e-10 0.0066119324956750705 3.08822302287895e-06 0.0333092629245512 7.162754919406284e-06
59782.8668580066 0.039906141735411724 6.461684442590727e-06 0.00343206471646433 1.605787247790656e-06 8.403539455947421e-07 3.93183043138174e-10 0.006600124454739097 3.0880523995974157e-06 0.033306017280672624 7.16166415425063e-06
59782.867808794676 0.03991214388295071 6.46200307972343e-06 0.003436928835638481 1.6060607993260132e-06 8.415449434568255e-07 3.932500232597778e-10 0.006609478530074002 3.0885784602423333e-06 0.03330266535287671 7.16217848893952e-06
59782.86875958276 0.03992150125740241 6.463169267391714e-06 0.0034334927640955176 1.605496504608702e-06 8.407036084247024e-07 3.931118535772844e-10 0.006602870700183688 3.0874932780936578e-06 0.033318630557218724 7.1627628552975465e-06
59782.86971037083 0.039920182424518266 6.462431011152832e-06 0.003434371793878776 1.6061101555800478e-06 8.409188421710572e-07 3.9326210832408874e-10 0.00660456114207457 3.0886733761154766e-06 0.0333156212824437 7.162605517424116e-06
