WASP39b/WASP39b_SYS/Results/ROEBA_Results/WASP39b_SYS_nrca3_level3_asn_phot.ecsv
# %ECSV 0.9
# ---
# datatype:
# - {name: MJD, datatype: float64}
# - {name: aperture_sum, unit: Jy, datatype: float64}
# - {name: aperture_sum_err, unit: Jy, datatype: float64}
# - {name: annulus_sum, unit: Jy, datatype: float64}
# - {name: annulus_sum_err, unit: Jy, datatype: float64}
# - {name: annulus_mean, unit: Jy, datatype: float64}
# - {name: annulus_mean_err, unit: Jy, datatype: float64}
# - {name: aperture_bkg, unit: Jy, datatype: float64}
# - {name: aperture_bkg_err, unit: Jy, datatype: float64}
# - {name: net_aperture_sum, unit: Jy, datatype: float64}
# - {name: net_aperture_sum_err, unit: Jy, datatype: float64}
# meta: !!omap
# - {instrument: NIRCAM}
# - {detector: NRCA3}
# - {channel: SHORT}
# - {subarray: SUBGRISM256}
# - {filter: F210M}
# - {pupil: WLP8}
# - {target_name: UNKNOWN}
# - {xcenter: 1054}
# - {ycenter: 165}
# - ra_icrs: !numpy.ndarray
#     buffer: !!binary |
#       aXlsL3BYTXFhMEE9
#     dtype: float64
#     order: C
#     shape: !!python/tuple []
# - dec_icrs: !numpy.ndarray
#     buffer: !!binary |
#       T0ZFWVZocU9DOEE9
#     dtype: float64
#     order: C
#     shape: !!python/tuple []
# - {apertures: Photometry measured in a circular aperture of r=50.0 pixels.  Background calculated as the mean in a circular annulus
#     with r_inner=60.0 pixels and r_outer=70.0 pixels.}
# - {number_of_integrations: 378}
# - __serialized_columns__:
#     annulus_mean:
#       __class__: astropy.units.quantity.Quantity
#       unit: &id001 !astropy.units.Unit {unit: Jy}
#       value: !astropy.table.SerializedColumn {name: annulus_mean}
#     annulus_mean_err:
#       __class__: astropy.units.quantity.Quantity
#       unit: *id001
#       value: !astropy.table.SerializedColumn {name: annulus_mean_err}
#     annulus_sum:
#       __class__: astropy.units.quantity.Quantity
#       unit: *id001
#       value: !astropy.table.SerializedColumn {name: annulus_sum}
#     annulus_sum_err:
#       __class__: astropy.units.quantity.Quantity
#       unit: *id001
#       value: !astropy.table.SerializedColumn {name: annulus_sum_err}
#     aperture_bkg:
#       __class__: astropy.units.quantity.Quantity
#       unit: *id001
#       value: !astropy.table.SerializedColumn {name: aperture_bkg}
#     aperture_bkg_err:
#       __class__: astropy.units.quantity.Quantity
#       unit: *id001
#       value: !astropy.table.SerializedColumn {name: aperture_bkg_err}
#     aperture_sum:
#       __class__: astropy.units.quantity.Quantity
#       unit: *id001
#       value: !astropy.table.SerializedColumn {name: aperture_sum}
#     aperture_sum_err:
#       __class__: astropy.units.quantity.Quantity
#       unit: *id001
#       value: !astropy.table.SerializedColumn {name: aperture_sum_err}
#     net_aperture_sum:
#       __class__: astropy.units.quantity.Quantity
#       unit: *id001
#       value: !astropy.table.SerializedColumn {name: net_aperture_sum}
#     net_aperture_sum_err:
#       __class__: astropy.units.quantity.Quantity
#       unit: *id001
#       value: !astropy.table.SerializedColumn {name: net_aperture_sum_err}
# schema: astropy-2.0
MJD aperture_sum aperture_sum_err annulus_sum annulus_sum_err annulus_mean annulus_mean_err aperture_bkg aperture_bkg_err net_aperture_sum net_aperture_sum_err
[from data line 341]
59783.1302263044 0.039906556157867715 6.460638447040828e-06 0.0034380167609119085 1.6053212837442552e-06 8.418113260491034e-07 3.9306895009003897e-10 0.006611570694061363 3.0871563148927985e-06 0.033294985463806354 7.160334018463426e-06
59783.13117709248 0.03989028460094626 6.45922414102165e-06 0.0034325948877595137 1.605215996624334e-06 8.404837600290712e-07 3.9304317014299376e-10 0.006601144014922142 3.086953839662181e-06 0.03328914058602412 7.158970632162278e-06
59783.132127880555 0.039906894410991274 6.461032519093703e-06 0.0034347438926264997 1.6052658625718814e-06 8.410099519480088e-07 3.9305538000767704e-10 0.006605276716589423 3.0870497357151566e-06 0.03330161769440185 7.160643636124154e-06
59783.13307866864 0.039897542946592215 6.460040942811998e-06 0.003432894327951307 1.6049505741155994e-06 8.405570790855086e-07 3.929781804441123e-10 0.0066017198614448215 3.0864434117607684e-06 0.03329582308514739 7.159487545684312e-06
59783.13402945671 0.03988728877410942 6.46057488109665e-06 0.003429189976605204 1.6047440575457782e-06 8.396500547352295e-07 3.929276140857778e-10 0.006594596108856162 3.0860462645111123e-06 0.03329269266525326 7.159798135489574e-06
59783.134980244795 0.03990930007856159 6.4608176283647595e-06 0.0034306832550068766 1.6049814291584966e-06 8.400156895645197e-07 3.929857354173375e-10 0.006597467798090148 3.0865027483817245e-06 0.033311832280471444 7.160213938337092e-06
59783.13593103287 0.03989185572621971 6.460165341830362e-06 0.0034321143775274663 1.605158602640786e-06 8.403661052927073e-07 3.930291170104009e-10 0.00660021995678359 3.0868434666168964e-06 0.033291635769436126 7.159772261125462e-06
59783.13688182095 0.03989110096340237 6.460494487481604e-06 0.003432894157642398 1.6055771645643756e-06 8.405570373847322e-07 3.9313160347059984e-10 0.006601719533927689 3.0876483933930305e-06 0.033289381429474685 7.160416302422839e-06
59783.13783260903 0.03988204482809636 6.459125894573701e-06 0.0034346636754234456 1.6053728906058332e-06 8.409903104643363e-07 3.9308158622406604e-10 0.006605122452737396 3.087255558857372e-06 0.03327692237535897 7.159012097185495e-06
59783.13878339711 0.039888533786797395 6.45969745151449e-06 0.0034346398603970194 1.6053157873490827e-06 8.409844792656046e-07 3.930676042770222e-10 0.0066050766546096535 3.0871457449020824e-06 0.03328345713218774 7.159480429149159e-06
59783.139734185184 0.03990062668180393 6.46038081953097e-06 0.0034367083287631583 1.6057582366668257e-06 8.41490951519605e-07 3.931759396554629e-10 0.0066090544783906895 3.087996608974665e-06 0.033291572203413236 7.160463908882069e-06
59783.14068497327 0.039893431534968674 6.459374717180322e-06 0.0034320087850835206 1.6053049389352023e-06 8.403402505859271e-07 3.930649480021087e-10 0.006600016894391387 3.087124882567697e-06 0.033293414640577286 7.159180244798771e-06
59783.14163576134 0.03989264008144925 6.459402884019534e-06 0.003434664390170797 1.605225759406774e-06 8.409904854729118e-07 3.9304556059696867e-10 0.006605123827251534 3.0869726142437966e-06 0.033287516254197715 7.159139999970042e-06
59783.142586549424 0.03989999254800949 6.460105070785832e-06 0.003432483891659971 1.605237809585973e-06 8.40456582216908e-07 3.9304851112863737e-10 0.006600930560884561 3.086995787665333e-06 0.03329906198712493 7.159783552500475e-06
59783.1435373375 0.03988182830880935 6.459369580554105e-06 0.00343128642307114 1.6051823336592109e-06 8.401633775321238e-07 3.9303492763945765e-10 0.00659862773667527 3.0868891031907904e-06 0.033283200572134075 7.159073942458323e-06
59783.14448812558 0.039899514624481325 6.459973833972173e-06 0.003433159589847728 1.6055182537371871e-06 8.406220294578614e-07 3.931171789331403e-10 0.0066022299804764 3.0875351033407445e-06 0.03329728464400492 7.159897691305825e-06
59783.145438913656 0.039889868842444165 6.45968914458924e-06 0.003433543803905111 1.6055730951665098e-06 8.407161057139197e-07 3.9313060706323714e-10 0.006602968853663675 3.0876405676279036e-06 0.03328689998878049 7.159686314328697e-06
59783.14638970174 0.039899513507944843 6.459868852449395e-06 0.0034344108080057376 1.6050576335767073e-06 8.409283949266823e-07 3.9300439435555855e-10 0.006604636169241803 3.086649295339822e-06 0.03329487733870304 7.159421028495788e-06
59783.14734048981 0.039888005951975905 6.459254762645412e-06 0.003433433339209777 1.6054371183711324e-06 8.406890580180743e-07 3.930973126338062e-10 0.0066027564215572635 3.0873790737906397e-06 0.03328524953041864 7.159181631585959e-06
59783.148291277896 0.039913029769911304 6.461534865338787e-06 0.0034315111623156444 1.6052049082867909e-06 8.402184057808462e-07 3.930404551218697e-10 0.006599059927530086 3.0869325159361365e-06 0.03331396984238122 7.161046374234184e-06
59783.14924206597 0.03990032065214882 6.4598258875941216e-06 0.003432780422203179 1.604956943925865e-06 8.40529188834953e-07 3.929797401160974e-10 0.006601500811929191 3.0864556613958943e-06 0.03329881984021962 7.1592987818496544e-06
59783.15019285405 0.03990349514831876 6.460314266518065e-06 0.0034355491862940154 1.6062559274275093e-06 8.412071311292791e-07 3.932978011088382e-10 0.006606825358257722 3.088953706591364e-06 0.03329666979006103 7.1608166729529794e-06
59783.15114364213 0.03990660836294926 6.461363641266192e-06 0.0034293654395518326 1.605084898465657e-06 8.396930174972071e-07 3.9301107026609576e-10 0.006594933537599679 3.086701727818571e-06 0.03331167482534958 7.160792390594414e-06
59783.15209443021 0.03990271442828393 6.460282724210178e-06 0.003437054803644186 1.6054382536476764e-06 8.415757871964861e-07 3.9309759061053507e-10 0.006609720776238819 3.0873812570147625e-06 0.033292993652045105 7.1601100482391e-06
59783.153045218285 0.03990687834753233 6.460917460833129e-06 0.0034314257634748212 1.6054942398210223e-06 8.401974955536903e-07 3.931112990355086e-10 0.006598895698990041 3.0874889227327355e-06 0.03330798264854229 7.160729172625911e-06
59783.15399600637 0.03990670262616346 6.460459521354239e-06 0.003433381200395851 1.6051560541079452e-06 8.406762916335154e-07 3.9302849299255585e-10 0.006602656154607407 3.0868385655922025e-06 0.03330404647155605 7.160035583506828e-06
59783.15494679444 0.03989387025220755 6.459650329482243e-06 0.0034352558254149164 1.6053234710048478e-06 8.411353006154046e-07 3.930694856490161e-10 0.006606261202720993 3.087160521163169e-06 0.033287609049486556 7.159444284482455e-06
59783.155897582525 0.039898657747929674 6.460525386305072e-06 0.003434757444322211 1.6054237252062495e-06 8.410132701316391e-07 3.9309403326704505e-10 0.006605302777542715 3.0873533177043264e-06 0.03329335497038696 7.160316946576612e-06
59783.1568483706 0.039908315630609786 6.461546739220537e-06 0.003434696511985543 1.6054031464305116e-06 8.409983506199855e-07 3.9308899447645816e-10 0.006605185599972199 3.0873137431355994e-06 0.03330313003063759 7.161221432946024e-06
59783.15779915868 0.03990189205135382 6.461045448455723e-06 0.003430251573991249 1.604888873980741e-06 8.399099908453257e-07 3.929630729341859e-10 0.0065966376422908635 3.0863247576552714e-06 0.03330525440906296 7.1603427848620695e-06
59783.15874994676 0.03990658679215063 6.460470309853869e-06 0.0034309094049195295 1.6051703621405598e-06 8.400710632206404e-07 3.9303199636811975e-10 0.006597902701768327 3.0868660810395384e-06 0.033308684090382304 7.16005718041244e-06
59783.15970073484 0.03990290022574752 6.460720645382817e-06 0.0034292379187160354 1.605479363074112e-06 8.39661793541262e-07 3.9310765640811183e-10 0.006594688305223146 3.087460313604062e-06 0.033308211920524376 7.160539256631155e-06
59783.160651522914 0.0399007576016995 6.46009562488324e-06 0.0034354523729156743 1.6057798752260552e-06 8.411834260097092e-07 3.93181237938021e-10 0.00660663917868399 3.088038221588568e-06 0.03329411842301551 7.160224545405504e-06
59783.161602311 0.03989895790557401 6.460347116363038e-06 0.003436326225329471 1.6058175499266256e-06 8.413973920576916e-07 3.9319046273005987e-10 0.006608319664095137 3.088110672935819e-06 0.033290638241478876 7.1604826926821315e-06
59783.16255309907 0.039890565705148186 6.459750342076927e-06 0.0034304509442704555 1.6060130317263378e-06 8.399588074075431e-07 3.9323832718345786e-10 0.0065970210466739536 3.088486599473727e-06 0.033293544658474235 7.160106420793741e-06
59783.163503887154 0.03988906928202066 6.459776730659355e-06 0.0034296479303226376 1.6048281753317304e-06 8.397621864242093e-07 3.9294821064183354e-10 0.006595476789081995 3.086208029484097e-06 0.033293592492938666 7.159147673516742e-06
59783.16445467523 0.03991127760027021 6.461330713514117e-06 0.003432417065966388 1.6057372017825552e-06 8.404402196946629e-07 3.931707891849875e-10 0.006600802049935362 3.0879561572741448e-06 0.033310475550334846 7.161303499967597e-06
