HATP14b/Results/ROEBA_Results/506070_radii/HATP14b_WLP8_nrca3_level3_asn_phot.ecsv
# %ECSV 0.9
# ---
# datatype:
# - {name: MJD, datatype: float64}
# - {name: aperture_sum, unit: Jy, datatype: float64}
# - {name: aperture_sum_err, unit: Jy, datatype: float64}
# - {name: annulus_sum, unit: Jy, datatype: float64}
# - {name: annulus_sum_err, unit: Jy, datatype: float64}
# - {name: annulus_mean, unit: Jy, datatype: float64}
# - {name: annulus_mean_err, unit: Jy, datatype: float64}
# - {name: aperture_bkg, unit: Jy, datatype: float64}
# - {name: aperture_bkg_err, unit: Jy, datatype: float64}
# - {name: net_aperture_sum, unit: Jy, datatype: float64}
# - {name: net_aperture_sum_err, unit: Jy, datatype: float64}
# meta: !!omap
# - {instrument: NIRCAM}
# - {detector: NRCA3}
# - {channel: SHORT}
# - {subarray: SUBGRISM128}
# - {filter: F210M}
# - {pupil: WLP8}
# - {target_name: UNKNOWN}
# - {xcenter: 1051.8}
# - {ycenter: 56.2973}
# - ra_icrs: !numpy.ndarray
#     buffer: !!binary |
#       ZllmeEdOeEJjRUE9
#     dtype: float64
#     order: C
#     shape: !!python/tuple []
# - dec_icrs: !numpy.ndarray
#     buffer: !!binary |
#       ZXo0UCtmd2VRMEE9
#     dtype: float64
#     order: C
#     shape: !!python/tuple []
# - {apertures: Photometry measured in a circular aperture of r=50.0 pixels.  Background calculated as the mean in a circular annulus
#     with r_inner=60.0 pixels and r_outer=70.0 pixels.}
# - {number_of_integrations: 669}
# - __serialized_columns__:
#     annulus_mean:
#       __class__: astropy.units.quantity.Quantity
#       unit: &id001 !astropy.units.Unit {unit: Jy}
#       value: !astropy.table.SerializedColumn {name: annulus_mean}
#     annulus_mean_err:
#       __class__: astropy.units.quantity.Quantity
#       unit: *id001
#       value: !astropy.table.SerializedColumn {name: annulus_mean_err}
#     annulus_sum:
#       __class__: astropy.units.quantity.Quantity
#       unit: *id001
#       value: !astropy.table.SerializedColumn {name: annulus_sum}
#     annulus_sum_err:
#       __class__: astropy.units.quantity.Quantity
#       unit: *id001
#       value: !astropy.table.SerializedColumn {name: annulus_sum_err}
#     aperture_bkg:
#       __class__: astropy.units.quantity.Quantity
#       unit: *id001
#       value: !astropy.table.SerializedColumn {name: aperture_bkg}
#     aperture_bkg_err:
#       __class__: astropy.units.quantity.Quantity
#       unit: *id001
#       value: !astropy.table.SerializedColumn {name: aperture_bkg_err}
#     aperture_sum:
#       __class__: astropy.units.quantity.Quantity
#       unit: *id001
#       value: !astropy.table.SerializedColumn {name: aperture_sum}
#     aperture_sum_err:
#       __class__: astropy.units.quantity.Quantity
#       unit: *id001
#       value: !astropy.table.SerializedColumn {name: aperture_sum_err}
#     net_aperture_sum:
#       __class__: astropy.units.quantity.Quantity
#       unit: *id001
#       value: !astropy.table.SerializedColumn {name: net_aperture_sum}
#     net_aperture_sum_err:
#       __class__: astropy.units.quantity.Quantity
#       unit: *id001
#       value: !astropy.table.SerializedColumn {name: net_aperture_sum_err}
# schema: astropy-2.0
MJD aperture_sum aperture_sum_err annulus_sum annulus_sum_err annulus_mean annulus_mean_err aperture_bkg aperture_bkg_err net_aperture_sum net_aperture_sum_err
59650.41916485452 0.13969578527135734 2.1370532389611292e-05 0.010604831264113766 4.83021282445914e-06 2.5966327943679676e-06 1.182695764920827e-09 0.020393906277141858 9.288870816267577e-06 0.11930187899421549 2.330199080887152e-05
59650.41948562732 0.13965706125506944 2.1369059172359305e-05 0.010594131405726352 4.830067720642169e-06 2.5940128938252906e-06 1.182660235705854e-09 0.020373329626396833 9.28859177046571e-06 0.1192837316286726 2.330052847019047e-05
59650.41980640012 0.13964417661416428 2.136555933822082e-05 0.010605505731054805 4.830238584172347e-06 2.5967979401335343e-06 1.1827020722834263e-09 0.020395203328951547 9.28892035417759e-06 0.11924897328521274 2.329744979995213e-05
59650.42012717292 0.13964779914842218 2.136737829545705e-05 0.010609971981402906 4.831019566776852e-06 2.5978915183181287e-06 1.1828932988095428e-09 0.020403792271928668 9.290422243801639e-06 0.11924400687649352 2.3299716751267457e-05
59650.42044794572 0.13967183050625046 2.136902130523914e-05 0.010609608775085443 4.831358344633557e-06 2.5978025858861497e-06 1.1829762498410883e-09 0.020403093798241238 9.291073739679916e-06 0.11926873670800922 2.330148327424531e-05
59650.42076871852 0.1396827501439738 2.1370175534016627e-05 0.010607059066498765 4.830315991807921e-06 2.5971782801553593e-06 1.182721025833941e-09 0.020398190512497628 9.289069215015233e-06 0.11928455963147618 2.3301742622302447e-05
59650.42108949132 0.13964510652334572 2.136655305566855e-05 0.010610581484360518 4.830805983172477e-06 2.5980407574081795e-06 1.1828410020612356e-09 0.020404964393000997 9.290011506100918e-06 0.11924014213034473 2.329879617628745e-05
59650.42141026412 0.13970071597604947 2.1371236545393254e-05 0.010606612937270509 4.83036708356232e-06 2.5970690437369984e-06 1.1827335358420393e-09 0.02039733257167406 9.289167468389078e-06 0.11930338340437541 2.330275485291235e-05
59650.42173103692 0.1396922647950284 2.1370742668568072e-05 0.010614236281527469 4.83137719558595e-06 2.598935648231439e-06 1.1829808655676351e-09 0.02041199284909129 9.291109991511443e-06 0.1192802719459371 2.3303076343704487e-05
59650.42205180972 0.13966116889674826 2.136804965975637e-05 0.010610429615562736 4.830759115179873e-06 2.598003571762228e-06 1.1828295262570883e-09 0.020404672337620645 9.28992137534591e-06 0.11925649655912762 2.330013273399796e-05
59650.42237258252 0.13966103746588884 2.1367298184178806e-05 0.010600384247453784 4.829760272033977e-06 2.5955439256242014e-06 1.182584955758561e-09 0.02038535432202651 9.288000523142264e-06 0.11927568314386233 2.3298677760969655e-05
59650.42269335532 0.13965908683821832 2.136813464015836e-05 0.010608236219892785 4.8304751596861915e-06 2.597466510588337e-06 1.1827599986871845e-09 0.020400454269024586 9.28937530708883e-06 0.11925863256919372 2.3299992952700377e-05
59650.42301412812 0.1396948981739025 2.1371596843130585e-05 0.010602146988510383 4.830078533281538e-06 2.5959755393973534e-06 1.182662883221244e-09 0.020388744208673815 9.288612564002958e-06 0.11930615396522867 2.3302864094129347e-05
59650.42333490092 0.1396914130339003 2.136958253748407e-05 0.010617577473601017 4.831141178775511e-06 2.5997537516688614e-06 1.1829230759645057e-09 0.020418418218463495 9.29065611302983e-06 0.11927299481543682 2.3301831448127046e-05
59650.42365567372 0.1397034869272214 2.1371833568580608e-05 0.010593188571971193 4.829584439200089e-06 2.593782037436602e-06 1.1825419024282976e-09 0.020371516484559985 9.287662383077095e-06 0.11933197044266142 2.3302702474715978e-05
59650.42397644653 0.13969297642330097 2.1370888198630405e-05 0.010606620713828376 4.829997436422587e-06 2.597070947856421e-06 1.1826430263505189e-09 0.020397347526593033 9.288456608504975e-06 0.11929562889670794 2.3302152015778286e-05
59650.42429721933 0.13967401124068035 2.1368715086136497e-05 0.010598668146036966 4.8305167989421995e-06 2.5951237317421497e-06 1.1827701942155234e-09 0.020382054126994165 9.289455382581153e-06 0.11929195711368619 2.330055719800373e-05
59650.42461799213 0.13968441766962475 2.136942684586227e-05 0.010610380027342565 4.830706734055718e-06 2.597991429900137e-06 1.1828167005419593e-09 0.02040457697565878 9.289820642414844e-06 0.11927984069396597 2.330135556762516e-05
59650.42493876493 0.13969931778361577 2.1370841781872272e-05 0.010609270665493513 4.830901367837858e-06 2.597719798481746e-06 1.1828643573550672e-09 0.020402443587487527 9.290194938149728e-06 0.11929687419612825 2.3302802416332684e-05
59650.42525953773 0.13967806397255852 2.1369108447324846e-05 0.010605239847923014 4.829956289065179e-06 2.5967328376493664e-06 1.1826329512654008e-09 0.020394692015236568 9.288377478971498e-06 0.11928337195732196 2.3300488235772978e-05
59650.42558031053 0.13963623248025497 2.1366249949417207e-05 0.010607315507145252 4.830669716094593e-06 2.5972410706115104e-06 1.182807636555042e-09 0.020398683667587025 9.289749454028065e-06 0.11923754881266795 2.329841371895489e-05
59650.425901083334 0.13971140224467987 2.1370726557099464e-05 0.010606580546486345 4.830638634186768e-06 2.5970611127317514e-06 1.1828000260330864e-09 0.02039727028170451 9.289689681128402e-06 0.11931413196297536 2.330249531595232e-05
59650.426221856134 0.1397170144183385 2.137188681810074e-05 0.010614942895415015 4.831633123941661e-06 2.5991086652976857e-06 1.1830435305874642e-09 0.020413351721951956 9.291602161426273e-06 0.11930366269638655 2.3304321850076e-05
59650.426542628935 0.13969081945080208 2.137062235961381e-05 0.010616791493878397 4.8311548921684756e-06 2.5995613015795922e-06 1.1829264337403161e-09 0.02041690671899692 9.290682484939376e-06 0.11927391273180517 2.3302795563476606e-05
59650.426863401735 0.13964478159432286 2.136889719286703e-05 0.01061402112575596 4.831522329953954e-06 2.5988829665321e-06 1.1830164022631434e-09 0.020411579087992234 9.291389096065297e-06 0.11923320250633063 2.3301495200390072e-05
59650.427184174536 0.13968904548751576 2.1369824880117206e-05 0.010613660540452027 4.83107255452655e-06 2.5987946758651347e-06 1.1829062730592162e-09 0.020410885654715438 9.290524143320288e-06 0.11927815983280032 2.3302001078544594e-05
59650.427504947336 0.13967979682666842 2.1368802852033884e-05 0.0105995298861454 4.829854406044373e-06 2.5953347320466386e-06 1.1826080048248187e-09 0.020383711319510386 9.288181550085332e-06 0.11929608550715803 2.330012986737278e-05
59650.42782572014 0.13972901090368356 2.1372989297750014e-05 0.010614875062795712 4.831236189208453e-06 2.5990920562258933e-06 1.1829463396261178e-09 0.02041322127460714 9.29083882540087e-06 0.11931578962907642 2.3305028590441868e-05
59650.42814649294 0.1396723123986292 2.1369004132007184e-05 0.010607697764941353 4.830831811533565e-06 2.597334667869641e-06 1.1828473262325267e-09 0.020399418778733372 9.290061176026089e-06 0.11927289361989583 2.3301063800780583e-05
59650.42846726574 0.13967057524585397 2.136925083491455e-05 0.010610207637178033 4.832479938402272e-06 2.597949219520405e-06 1.1832508762909838e-09 0.0204042454561116 9.293230650773599e-06 0.11926632978974236 2.3302553876645667e-05
59650.42878803854 0.13964951945859372 2.1367667388134273e-05 0.010602855747217067 4.831206814292639e-06 2.5961490816306275e-06 1.1829391470675723e-09 0.02039010720618667 9.290782335178152e-06 0.11925941225240705 2.330012545051196e-05
59650.429108811346 0.13967456385573412 2.136886458224537e-05 0.010611649549647589 4.830563852909319e-06 2.5983022772081523e-06 1.18278171555623e-09 0.020407018364706903 9.289545870979461e-06 0.11926754549102722 2.3300730375320256e-05
59650.42942958415 0.1396177255789561 2.1367280162007374e-05 0.010620375411945967 4.831408056645077e-06 2.6004388373889616e-06 1.1829884220139568e-09 0.02042379886912686 9.29116933970207e-06 0.11919392670982924 2.3299924661267332e-05
59650.42975035695 0.13967740394379757 2.1368664203737352e-05 0.010593864377392685 4.829718675055066e-06 2.5939475109341385e-06 1.1825747705819281e-09 0.020372816110370548 9.287920528952051e-06 0.11930458783342703 2.329989866081428e-05
59650.43007112975 0.1397010915333975 2.137101051417701e-05 0.010614941212311428 4.831237818560383e-06 2.599108253183446e-06 1.182946738579062e-09 0.020413348485214287 9.290841958769967e-06 0.11928774304818321 2.3303215115084546e-05
59650.43039190255 0.13966325185630796 2.1375992311665154e-05 0.010606815968149396 4.831697879854744e-06 2.597118756610806e-06 1.1830593863161741e-09 0.020397723015671915 9.291726692028355e-06 0.11926552884063604 2.3308136609942032e-05
59650.43071267535 0.13965974915307933 2.1368501949859928e-05 0.01060432587846177 4.830891209159967e-06 2.5965090487915326e-06 1.1828618699646031e-09 0.020392934381657252 9.290175402230706e-06 0.11926681477142208 2.3300648801811935e-05
59650.43103344815 0.1396733090319287 2.1369144185568878e-05 0.010606143518447044 4.830554528911041e-06 2.596954104773714e-06 1.1827794325402062e-09 0.020396429843167394 9.289527940213541e-06 0.11927687918876131 2.33009796484105e-05
59650.43135422095 0.1396842992846976 2.1369770651968545e-05 0.010607349918166913 4.831059673932653e-06 2.5972494962795013e-06 1.1829031191973874e-09 0.02039874984262868 9.29049937294741e-06 0.11928554944206893 2.330194147096916e-05
59650.43167499375 0.13967694329141406 2.1369967738361402e-05 0.01061692805981199 4.831099857239923e-06 2.5995947402617294e-06 1.1829129582312057e-09 0.02041716934579229 9.290576648538314e-06 0.11925977394562176 2.3302153025009783e-05
59650.43199576655 0.1396666815846247 2.136856592501411e-05 0.010609477744121115 4.835175161634974e-06 2.5977705024620402e-06 1.183910811829785e-09 0.02040284181561753 9.298413772374951e-06 0.11926383976900717 2.3303993399715126e-05
59650.43231653935 0.13964188221263002 2.1365590966154474e-05 0.010610160472659703 4.830736143266516e-06 2.5979376711108195e-06 1.1828239014977607e-09 0.02040415475511482 9.289877198589456e-06 0.11923772745751521 2.3297860324456706e-05
59650.43263731215 0.1396816674281687 2.1368711485468248e-05 0.010609828226685521 4.830956319129997e-06 2.59785631943526e-06 1.1828778123854877e-09 0.02040351582054908 9.290300613711535e-06 0.11927815160761962 2.3300890885163845e-05
59650.43295808495 0.13964442325769133 2.136702361164925e-05 0.0105957925189646 4.830118294385637e-06 2.5944196236451408e-06 1.1826726188770288e-09 0.020376524074931925 9.288689027664687e-06 0.1192678991827594 2.3298700433145084e-05
59650.43327885775 0.1396693078349442 2.1368282451101735e-05 0.010612202318537912 4.8308751828671506e-06 2.5984376247485866e-06 1.1828579458665706e-09 0.02040808138180368 9.290144582436829e-06 0.11926122645314051 2.3300435216378314e-05
59650.43359963055 0.13967719811700796 2.1368746788343132e-05 0.010602328483845461 4.829626164794483e-06 2.5960199792123164e-06 1.182552119096915e-09 0.020389093238164353 9.287742624604776e-06 0.11928810487884361 2.3299903484032402e-05
59650.43392040335 0.1396713631896901 2.136918903023817e-05 0.010605797436627287 4.8300355460605945e-06 2.5968693653393623e-06 1.182652357638624e-09 0.020395764301206324 9.288529896270375e-06 0.11927559888848377 2.3300622898196518e-05
59650.43424117616 0.1396773269185445 2.1368953922430328e-05 0.010614430019808772 4.831882361105034e-06 2.598983085777801e-06 1.1831045572436994e-09 0.02041236542270918 9.292081463663528e-06 0.11926496149583533 2.3301823312056717e-05
59650.43456194896 0.139660292801718 2.1367906670695537e-05 0.010603468341438542 4.832327142011994e-06 2.596299077628254e-06 1.1832134635205233e-09 0.020391285271997198 9.292936811561527e-06 0.11926900752972079 2.330120404767166e-05
59650.43488272176 0.1396877644067922 2.137028024009874e-05 0.010602780328693624 4.829695003791543e-06 2.596130615121694e-06 1.1825689745840837e-09 0.02038996217056466 9.28787500729143e-06 0.11929780223622755 2.3301362614478652e-05
59650.43520349456 0.13968082608990826 2.136939730959901e-05 0.010612141478376316 4.831334697573472e-06 2.5984227278063457e-06 1.1829704597695467e-09 0.020407964381492914 9.29102826456437e-06 0.11927286170841533 2.3301809963786748e-05
59650.43552426736 0.13967482853837948 2.136899041670473e-05 0.010606659811125435 4.830551578490411e-06 2.597080520976557e-06 1.1827787101186255e-09 0.020397422713702762 9.289522266327714e-06 0.11927740582467672 2.3300836366229796e-05
59650.43584504016 0.13964916189663817 2.1367439607961142e-05 0.010609784189063932 4.830305198388852e-06 2.597845536658094e-06 1.182718383024714e-09 0.020403431132815255 9.289048458440101e-06 0.11924573076382292 2.3299225237400384e-05
59650.436165812964 0.13967854175496483 2.136985896838417e-05 0.01061836064579158 4.830888326852908e-06 2.599945514323354e-06 1.1828611642208863e-09 0.020419924318829965 9.290169859332516e-06 0.11925861743613486 2.3301891089434773e-05
59650.436486585764 0.13963370091767505 2.1365622308815447e-05 0.010610365421329728 4.83083459864621e-06 2.5979878535629955e-06 1.1828480086675334e-09 0.020404548887172556 9.290066535858097e-06 0.1192291520305025 2.3297964565249532e-05
59650.436807358565 0.13969817063412177 2.1370160653593714e-05 0.010601882806819255 4.83020843282913e-06 2.5959108535173265e-06 1.1826946896137126e-09 0.020388236166960106 9.28886237082525e-06 0.11930993446716166 2.3301646519174093e-05
59650.437128131365 0.1397249623586127 2.1371724277547536e-05 0.010614019971129379 4.830836283698512e-06 2.5988826838174416e-06 1.1828484212589229e-09 0.0204115768675565 9.290069776343292e-06 0.1193133854910562 2.3303561853176906e-05
59650.437448904166 0.13966258946625576 2.136788950961705e-05 0.010613404234037024 4.831250903900957e-06 2.5987319182760673e-06 1.1829499425738842e-09 0.020410392757763508 9.290867122886457e-06 0.11925219670849226 2.3300362958338973e-05
59650.437769676966 0.1396785849229481 2.1369451954553147e-05 0.010603909807101606 4.830528935818568e-06 2.5964071721551493e-06 1.18277316597532e-09 0.020392134244426166 9.289478722728016e-06 0.11928645067852194 2.3301242279714868e-05
59650.43809044977 0.13966361917625636 2.1368438723977984e-05 0.010613962286879235 4.831031358118224e-06 2.5988685596119815e-06 1.1828961859637967e-09 0.02041146593630622 9.290444919458124e-06 0.11925215323995014 2.3300698279276676e-05
59650.43841122257 0.1396924932047529 2.1371063344527814e-05 0.010614933487618456 4.830783098152845e-06 2.599106361763338e-06 1.1828353985781632e-09 0.020413333630035495 9.289967496447781e-06 0.11927915957471741 2.3302914936996115e-05
59650.43873199537 0.13967150964690295 2.1368267903918182e-05 0.010612878192914286 4.830858053438523e-06 2.5986031151299852e-06 1.1828537516615886e-09 0.020409381140219784 9.29011164122793e-06 0.11926212850668316 2.3300408741481312e-05
59650.43905276817 0.13963150332036492 2.136592994541488e-05 0.010606464984377378 4.830169909042083e-06 2.5970328169150187e-06 1.1826852569196586e-09 0.020397048046879574 9.28878828661939e-06 0.11923445527348535 2.329773702027761e-05
59650.439373540976 0.13969768776275399 2.1371319540727502e-05 0.010612295783968665 4.8311313781487715e-06 2.598460510110606e-06 1.1829206762442119e-09 0.020408261123016663 9.290637265670715e-06 0.11928942663973732 2.3303416910705405e-05
59650.439694313776 0.13968272252736333 2.136897676127167e-05 0.010606948909980578 4.830274620918726e-06 2.5971513079178466e-06 1.182710896016225e-09 0.020397978673039573 9.288989655612936e-06 0.11928474385432375 2.3300611507980917e-05
59650.44001508658 0.13967514612318954 2.1369055852533344e-05 0.010608664879701689 4.831582683419965e-06 2.5975714695537093e-06 1.1830311800361408e-09 0.02040127861481094 9.29150516042301e-06 0.1192738675083786 2.3301686981307964e-05
59650.44033585938 0.13969159323633154 2.1369993828854483e-05 0.010607734436885051 4.830734381551976e-06 2.5973436471328907e-06 1.182823470135334e-09 0.020399489301702024 9.289873810676879e-06 0.11929210393462952 2.3301896739612826e-05
59650.44065663218 0.13962878101580195 2.1365515608327928e-05 0.010607702502745741 4.830813139084069e-06 2.5973358279388527e-06 1.182842754213085e-09 0.02039942788989566 9.290025267469363e-06 0.1192293531259063 2.329785025876687e-05
