HATP14b/Results/ROEBA_Results/506070_radii/HATP14b_WLP8_nrca3_level3_asn_phot.ecsv
# %ECSV 0.9
# ---
# datatype:
# - {name: MJD, datatype: float64}
# - {name: aperture_sum, unit: Jy, datatype: float64}
# - {name: aperture_sum_err, unit: Jy, datatype: float64}
# - {name: annulus_sum, unit: Jy, datatype: float64}
# - {name: annulus_sum_err, unit: Jy, datatype: float64}
# - {name: annulus_mean, unit: Jy, datatype: float64}
# - {name: annulus_mean_err, unit: Jy, datatype: float64}
# - {name: aperture_bkg, unit: Jy, datatype: float64}
# - {name: aperture_bkg_err, unit: Jy, datatype: float64}
# - {name: net_aperture_sum, unit: Jy, datatype: float64}
# - {name: net_aperture_sum_err, unit: Jy, datatype: float64}
# meta: !!omap
# - {instrument: NIRCAM}
# - {detector: NRCA3}
# - {channel: SHORT}
# - {subarray: SUBGRISM128}
# - {filter: F210M}
# - {pupil: WLP8}
# - {target_name: UNKNOWN}
# - {xcenter: 1051.8}
# - {ycenter: 56.2973}
# - ra_icrs: !numpy.ndarray
#     buffer: !!binary |
#       ZllmeEdOeEJjRUE9
#     dtype: float64
#     order: C
#     shape: !!python/tuple []
# - dec_icrs: !numpy.ndarray
#     buffer: !!binary |
#       ZXo0UCtmd2VRMEE9
#     dtype: float64
#     order: C
#     shape: !!python/tuple []
# - {apertures: Photometry measured in a circular aperture of r=50.0 pixels.  Background calculated as the mean in a circular annulus
#     with r_inner=60.0 pixels and r_outer=70.0 pixels.}
# - {number_of_integrations: 669}
# - __serialized_columns__:
#     annulus_mean:
#       __class__: astropy.units.quantity.Quantity
#       unit: &id001 !astropy.units.Unit {unit: Jy}
#       value: !astropy.table.SerializedColumn {name: annulus_mean}
#     annulus_mean_err:
#       __class__: astropy.units.quantity.Quantity
#       unit: *id001
#       value: !astropy.table.SerializedColumn {name: annulus_mean_err}
#     annulus_sum:
#       __class__: astropy.units.quantity.Quantity
#       unit: *id001
#       value: !astropy.table.SerializedColumn {name: annulus_sum}
#     annulus_sum_err:
#       __class__: astropy.units.quantity.Quantity
#       unit: *id001
#       value: !astropy.table.SerializedColumn {name: annulus_sum_err}
#     aperture_bkg:
#       __class__: astropy.units.quantity.Quantity
#       unit: *id001
#       value: !astropy.table.SerializedColumn {name: aperture_bkg}
#     aperture_bkg_err:
#       __class__: astropy.units.quantity.Quantity
#       unit: *id001
#       value: !astropy.table.SerializedColumn {name: aperture_bkg_err}
#     aperture_sum:
#       __class__: astropy.units.quantity.Quantity
#       unit: *id001
#       value: !astropy.table.SerializedColumn {name: aperture_sum}
#     aperture_sum_err:
#       __class__: astropy.units.quantity.Quantity
#       unit: *id001
#       value: !astropy.table.SerializedColumn {name: aperture_sum_err}
#     net_aperture_sum:
#       __class__: astropy.units.quantity.Quantity
#       unit: *id001
#       value: !astropy.table.SerializedColumn {name: net_aperture_sum}
#     net_aperture_sum_err:
#       __class__: astropy.units.quantity.Quantity
#       unit: *id001
#       value: !astropy.table.SerializedColumn {name: net_aperture_sum_err}
# schema: astropy-2.0
MJD aperture_sum aperture_sum_err annulus_sum annulus_sum_err annulus_mean annulus_mean_err aperture_bkg aperture_bkg_err net_aperture_sum net_aperture_sum_err
[from data line 206]
59650.4852440515 0.13965436982426555 2.1366166248589536e-05 0.0106105671978961 4.830058017685901e-06 2.5980372593136695e-06 1.1826578599005422e-09 0.02040493691903096 9.288573110934425e-06 0.11924943290523458 2.3297867941070073e-05
59650.4855648243 0.1397090051413058 2.1369828849980886e-05 0.010607320377614323 4.829552102540603e-06 2.5972422631641685e-06 1.1825339846756818e-09 0.0203986930338737 9.287600197193469e-06 0.11931031210743209 2.3300839094341292e-05
59650.4858855971 0.1396879059285226 2.136827431083919e-05 0.01060166728023939 4.829487657980433e-06 2.595858081024168e-06 1.1825182051829026e-09 0.02038782169276806 9.287476265346986e-06 0.11930008423575453 2.3299363991376538e-05
59650.486206369904 0.13964891147579936 2.1365599090776807e-05 0.010601930440411867 4.828745527211923e-06 2.5959225167815136e-06 1.1823364916748583e-09 0.020388327770022825 9.286049090792162e-06 0.11926058370577654 2.329634160602056e-05
59650.48652714271 0.13969164578972035 2.1368701965357924e-05 0.010619260311679797 4.831264265070451e-06 2.6001658008975705e-06 1.1829532141064544e-09 0.02042165444553807 9.290892817443177e-06 0.11926999134418229 2.3301118278518496e-05
59650.48684791551 0.13969638256141476 2.136955793662506e-05 0.010614033123318227 4.830240417704047e-06 2.598885904180315e-06 1.1827025212305545e-09 0.020411602160227364 9.28892388020009e-06 0.1192847804011874 2.330111828344139e-05
59650.48716868831 0.13966342191417172 2.1366476122669436e-05 0.010601773657987711 4.8299130646122465e-06 2.595884128015676e-06 1.1826223675956368e-09 0.020388026265360987 9.28829435502355e-06 0.11927539564881073 2.329804098902235e-05
59650.48748946111 0.13967280143590619 2.136731442468917e-05 0.010604491979123866 4.829380164357224e-06 2.596549719162953e-06 1.1824918849652342e-09 0.020393253806007434 9.287269546840817e-06 0.11927954762989876 2.3298401261872172e-05
59650.48781023391 0.13968225574336562 2.1368404813588188e-05 0.010595582488392884 4.828827489464863e-06 2.5943681968702344e-06 1.1823565604405541e-09 0.020376120169986318 9.286206710509353e-06 0.11930613557337931 2.3298977645975968e-05
59650.488131006714 0.13965891358422367 2.1366330154742617e-05 0.010618000679897488 4.830583831320277e-06 2.599857375321217e-06 1.1827866073452439e-09 0.02041923207672594 9.289584291000533e-06 0.11923968150749772 2.329842141822204e-05
59650.488451779514 0.1396486371994311 2.136621158516102e-05 0.010611106946896128 4.8300369134317885e-06 2.5981694188850285e-06 1.1826526924446002e-09 0.02040597489787717 9.288532525830363e-06 0.11924266230155393 2.3297893337923876e-05
59650.488772552315 0.13965728750676182 2.1367435429881463e-05 0.010596402327578774 4.829099472635837e-06 2.5945689375763496e-06 1.1824231565422437e-09 0.020377696783805337 9.286729755068918e-06 0.11927959072295648 2.3298297070683858e-05
59650.489093325115 0.13968459265550276 2.136739856331556e-05 0.010606700010962243 4.829695836096966e-06 2.5970903640576947e-06 1.1825691783771947e-09 0.020397500021081236 9.287876607878782e-06 0.11928709263442153 2.329872042080341e-05
59650.489414097916 0.13968252019398109 2.1367151625897453e-05 0.010612307592069204 4.8305571237233555e-06 2.598463401368405e-06 1.1827800678897543e-09 0.02040828383090232 9.289532930237223e-06 0.11927423636307877 2.329915429079034e-05
59650.489734870716 0.1396887288296984 2.1369293030518522e-05 0.010620745378131666 4.831359768925619e-06 2.600529425000086e-06 1.1829765985843531e-09 0.020424510342560896 9.291076478703114e-06 0.1192642184871375 2.330173355691112e-05
59650.49005564352 0.139671202024771 2.1368363330108427e-05 0.010602989775622249 4.829456156473678e-06 2.596181898989396e-06 1.182510491920572e-09 0.020390364953119713 9.287415685526303e-06 0.1192808370716513 2.329942148473396e-05
59650.49037641632 0.13968652924616987 2.136826130625039e-05 0.010609214540270485 4.8298511619613454e-06 2.597706056009935e-06 1.1826072104988963e-09 0.02040233565436632 9.288175311464127e-06 0.11928419359180355 2.3299630723869625e-05
59650.49069718912 0.1396838478642753 2.1368085827783275e-05 0.010612463459429611 4.8297477420234555e-06 2.598501566077444e-06 1.1825818877383894e-09 0.020408583575826176 9.287976426968185e-06 0.11927526428844912 2.329939050815341e-05
59650.49101796192 0.13965271909555854 2.1365541519157504e-05 0.010603550043861182 4.829587831802463e-06 2.5963190827735245e-06 1.1825427331197403e-09 0.020391442392040736 9.28766890731243e-06 0.1192612767035178 2.3296934522350816e-05
59650.49133873472 0.13966301852499377 2.136779430539979e-05 0.010601879185315993 4.8293640791990186e-06 2.5959099667786413e-06 1.1824879464537897e-09 0.02038822920253076 9.287238613844266e-06 0.119274789322463 2.3298829038137422e-05
59650.49165950753 0.13969154198505768 2.136852302102729e-05 0.010613077511786936 4.830254168141674e-06 2.5986519191051142e-06 1.18270588807689e-09 0.020409764445744112 9.288950323349373e-06 0.11928177753931357 2.3300179703380523e-05
59650.49198028033 0.13966477358607576 2.1367740448135478e-05 0.010599229838458783 4.829994174853473e-06 2.5952612642428105e-06 1.1826422277430623e-09 0.02038313430472843 9.288450336256678e-06 0.11928163928134733 2.3299262681638484e-05
59650.49230105313 0.13968946539009808 2.136799080278259e-05 0.01060768704797024 4.830264257700528e-06 2.597332043778983e-06 1.182708358543298e-09 0.020399398169173542 9.28896972634717e-06 0.11929006722092453 2.329969934408587e-05
59650.49262182593 0.1396648488012771 2.136698868541056e-05 0.010595753043996212 4.829146192012862e-06 2.59440995805076e-06 1.182434595957308e-09 0.02037644816153118 9.286819600024736e-06 0.11928840063974593 2.3297923164219304e-05
59650.49294259873 0.13963849698309144 2.136561725934107e-05 0.010606072087924957 4.831173681435171e-06 2.596936614741902e-06 1.182931034362888e-09 0.020396292476778766 9.29071861814456e-06 0.11924220450631268 2.3298219960207064e-05
59650.49326337153 0.1396302577271586 2.136597607681343e-05 0.010609939652505833 4.830226068909363e-06 2.597883602466169e-06 1.1826990078742447e-09 0.020403730100972756 9.28889628636416e-06 0.11922652762618584 2.3297822386089943e-05
59650.49358414433 0.1396257190098591 2.1364338178847526e-05 0.010602950791987212 4.829437262764512e-06 2.596172353699833e-06 1.1825058657248689e-09 0.020390289984590793 9.287379351470215e-06 0.1192354290252683 2.3295715508184707e-05
59650.49390491713 0.13961796404199367 2.136407440325106e-05 0.010608251891932582 4.830010894871132e-06 2.597470347946187e-06 1.1826463217022302e-09 0.02040048440756266 9.288482490136794e-06 0.11921747963443101 2.3295913420109223e-05
59650.49422568993 0.13958629026450675 2.1361682686773375e-05 0.010598642566832614 4.829407357432441e-06 2.595117468577822e-06 1.182498543291909e-09 0.020382004936216565 9.287321841216234e-06 0.1192042853282902 2.3293257268847683e-05
59650.49454646273 0.13960526656063227 2.13625039583472e-05 0.010599333592109225 4.829294075022214e-06 2.59528666871409e-06 1.1824708056679813e-09 0.020383333830979282 9.287103990427336e-06 0.11922193272965298 2.3293923583188195e-05
59650.49486723553 0.1395867348781238 2.136135162242812e-05 0.010608488752424438 4.829824232314405e-06 2.597528344127882e-06 1.182600616673625e-09 0.020400939908508536 9.288123523681548e-06 0.11918579496961527 2.3293273315019057e-05
59650.49518800833 0.13957408285943934 2.136028692700838e-05 0.01060387395710622 4.829278696585206e-06 2.5963983941490335e-06 1.1824670401998785e-09 0.02039206530212735 9.287074416510012e-06 0.11918201755731199 2.3291878602249322e-05
59650.49550878113 0.13957292994893 2.1361666686194414e-05 0.01059251707819464 4.828556711929633e-06 2.5936176196615345e-06 1.1822902595433078e-09 0.02037022515037431 9.285685984480064e-06 0.11920270479855569 2.3292590405844467e-05
59650.49582955393 0.1395722981390034 2.1361530544375987e-05 0.010593883969984227 4.829519991021954e-06 2.5939523082538184e-06 1.1825261220496462e-09 0.020372853788431206 9.287538444272988e-06 0.1191994443505722 2.3293204106609227e-05
59650.49615032673 0.13956912661102963 2.135955708790613e-05 0.010601261029248344 4.829474417112838e-06 2.595758608942074e-06 1.182514963106705e-09 0.0203870404408622 9.287450802140074e-06 0.11918208617016743 2.3291359371957947e-05
59650.496471099534 0.13955750422721602 2.1359522398518872e-05 0.010598379043300831 4.830059042813324e-06 2.595052943850585e-06 1.1826581109068447e-09 0.020381498160193908 9.288575082333316e-06 0.11917600606702211 2.3291775890922804e-05
59650.49679187234 0.13954408987593345 2.1358962829948194e-05 0.010596879785696409 4.829340420847094e-06 2.594685844991028e-06 1.1824821536173989e-09 0.020378614972493096 9.287193117013643e-06 0.11916547490344034 2.329071165000791e-05
59650.49711264514 0.1395188453500878 2.1356150311809474e-05 0.010595282514353927 4.828634122855458e-06 2.5942947470993125e-06 1.182309213899453e-09 0.020375543296834477 9.285834851645113e-06 0.11914330205325332 2.3287590794941132e-05
59650.49743341794 0.13949517623576607 2.1354828432601784e-05 0.010597939936313836 4.829217364278785e-06 2.59494542685439e-06 1.1824520227541275e-09 0.020380653723680454 9.286956469766896e-06 0.11911452251208562 2.328682584332186e-05
59650.49775419074 0.1395392219893005 2.1357976978858852e-05 0.010601308126294524 4.829558697279631e-06 2.5957701408308503e-06 1.1825355994223198e-09 0.020387131012104855 9.287612879383905e-06 0.11915209097719565 2.328997495977105e-05
59650.49807496354 0.13949592266937677 2.1356661925653805e-05 0.010595242455725925 4.828371034298059e-06 2.5942849385936817e-06 1.1822447956773284e-09 0.020375466261011395 9.285328912111653e-06 0.11912045640836538 2.328785824443217e-05
59650.498395736344 0.1394958076694714 2.135460644001575e-05 0.010585263788629822 4.8278637655588865e-06 2.5918416244493536e-06 1.1821205890199202e-09 0.020356276516595814 9.284353395305552e-06 0.11913953115287558 2.3285584256721665e-05
59650.498716509144 0.1394748232671848 2.1353980938583905e-05 0.01059425899634805 4.828721073153802e-06 2.594044134868576e-06 1.1823305040068142e-09 0.020373574992977022 9.286002063757313e-06 0.11910124827420777 2.3285668043960213e-05
59650.499037281945 0.1394756904133234 2.1355104635236874e-05 0.010582105852421867 4.827854734136905e-06 2.591068391899408e-06 1.1821183776423027e-09 0.020350203562349747 9.284336027186358e-06 0.11912548685097364 2.3286034214688124e-05
59650.499358054745 0.13945799527352198 2.1352063200897147e-05 0.010591960035062346 4.828566626349633e-06 2.593481225556889e-06 1.182292687126309e-09 0.020369153913581437 9.28570505067237e-06 0.11908884135994055 2.3283790954721882e-05
59650.499678827546 0.1394518167921976 2.1352177872211387e-05 0.010588702539955419 4.829199524139025e-06 2.592683615636327e-06 1.1824476545288532e-09 0.02036288949991427 9.286922161805818e-06 0.11908892729228332 2.3284381527667718e-05
59650.499999600346 0.139399990855278 2.134857376903455e-05 0.010569857071207708 4.827570269408325e-06 2.5880692317808163e-06 1.1820487253843198e-09 0.02032664821386098 9.283788979631394e-06 0.119073342641417 2.327982688488545e-05
59650.50032037315 0.13938602934836164 2.1346858966050847e-05 0.010592076368149218 4.828175793724476e-06 2.593509710150459e-06 1.182196990289055e-09 0.02036937763105619 9.284953449470147e-06 0.11901665171730545 2.3278718785089808e-05
59650.50064114595 0.13938135332669627 2.1347883814238162e-05 0.010587785734778542 4.828322088127239e-06 2.592459132442862e-06 1.182232811023434e-09 0.02036112641303566 9.285234784860077e-06 0.1190202269136606 2.3279770796899766e-05
59650.50096191875 0.1393806393970356 2.1346693416373927e-05 0.010582655376417786 4.8288172542581e-06 2.591202944915251e-06 1.1823540543117081e-09 0.020351260339264973 9.286187027419424e-06 0.11902937905777063 2.327905902997101e-05
59650.50128269155 0.1393687494473551 2.1317732968236713e-05 0.010583476971737515 4.818539965199913e-06 2.591404115617337e-06 1.1798376214575624e-09 0.020352840330264455 9.266423009999833e-06 0.11901590911709066 2.3244619470004254e-05
59650.50160346435 0.13932691107461695 2.131516307536972e-05 0.01057827080431558 4.8184598379541195e-06 2.5901293659561605e-06 1.1798180020002633e-09 0.02034282846983766 9.266268919142538e-06 0.11898408260477929 2.324220119978897e-05
59650.501924237156 0.13936365400562972 2.1316562396952458e-05 0.010577037392712273 4.818658864427552e-06 2.5898273604891864e-06 1.1798667343803447e-09 0.020340456524446684 9.266651662360678e-06 0.11902319748118304 2.324363709608932e-05
59650.50224500996 0.13930895960079692 2.131359935939593e-05 0.01059070131779412 4.819598454240851e-06 2.593173023902745e-06 1.180096796477676e-09 0.02036673330345023 9.268458565847792e-06 0.11894222629734669 2.3241640257083404e-05
59650.50256578276 0.13931883639001763 2.1314441716089158e-05 0.010583798905949592 4.818673168167282e-06 2.591482942419187e-06 1.1798702367047796e-09 0.02035345943451845 9.266679169552465e-06 0.11896537695549918 2.324170321856768e-05
59650.50288655556 0.13932784586253813 2.1314363140710688e-05 0.010583379135714645 4.817605916474364e-06 2.5913801600994107e-06 1.1796089161163934e-09 0.020352652184066625 9.2646267624507e-06 0.11897519367847151 2.3240812919121484e-05
59650.50320732836 0.13932307371881011 2.131488722184193e-05 0.010577639246231896 4.8178558158090295e-06 2.5899747265855943e-06 1.1796701049077587e-09 0.020341613935061342 9.265107338094288e-06 0.11898145978374877 2.3241485134695006e-05
59650.50352810116 0.13930567700378974 2.1313947021604766e-05 0.010586511579045266 4.818872427066989e-06 2.5921471506225238e-06 1.179919025995308e-09 0.02035867611354859 9.267062359744211e-06 0.11894700089024114 2.324140233331807e-05
59650.50384887396 0.1392247012703796 2.1307226636852542e-05 0.010575177706346946 4.817903128471879e-06 2.589372009292813e-06 1.1796816895910869e-09 0.02033688020451336 9.265198323984383e-06 0.11888782106586626 2.3234496055153888e-05
59650.50416964676 0.13925502426867253 2.1311885272687364e-05 0.01058575215285875 4.818456726779516e-06 2.591961202266374e-06 1.179817240217468e-09 0.02035721567857452 9.266262936114454e-06 0.11889780859009802 2.3239192814669727e-05
59650.50449041956 0.1392502500899142 2.1309874757811253e-05 0.010575906657178512 4.81858642389979e-06 2.589550495643759e-06 1.1798489970448471e-09 0.0203382820330356 9.266512353653443e-06 0.1189119680568786 2.323744851299327e-05
59650.50481119236 0.1392174084198633 2.130764253593839e-05 0.010558877917336933 4.8164256633861265e-06 2.585380944689277e-06 1.1793199267116358e-09 0.020305534456417182 9.262357044973321e-06 0.11891187396344612 2.3233744607098916e-05
59650.50513196516 0.1391944293696578 2.130932488313591e-05 0.010582733692269919 4.817903722346525e-06 2.591222120846004e-06 1.179681835003526e-09 0.02035141094667292 9.26519946605101e-06 0.11884301842298489 2.3236420725248266e-05
59650.50545273796 0.13919013022105647 2.130481742056133e-05 0.010568296907059908 4.81782365066036e-06 2.5876872197251895e-06 1.179662229150211e-09 0.020323647898192132 9.265045482039154e-06 0.11886648232286434 2.3232225745883836e-05
59650.50577351076 0.13919714317302195 2.130551898571485e-05 0.0105761820636658 4.8175112086052695e-06 2.589617929957315e-06 1.1795857265386764e-09 0.02033881166089577 9.264444631933212e-06 0.11885833151212619 2.323262950224989e-05
59650.50609428356 0.13919006889092594 2.1305106875651805e-05 0.010579368071362994 4.818817639872766e-06 2.5903980359169106e-06 1.1799056111448794e-09 0.020344938598774988 9.266956999755321e-06 0.11884513029215096 2.3233253560753387e-05
59650.50641505636 0.13913173635728265 2.1300618276711257e-05 0.010573980849660693 4.817940660476045e-06 2.589078954434675e-06 1.1796908794433747e-09 0.020334578557039795 9.265270500915472e-06 0.11879715780024286 2.3228464788386254e-05
59650.50673582916 0.1391453067773603 2.1302518950953774e-05 0.010562681915895954 4.817013231000787e-06 2.5863123680341732e-06 1.1794637948505188e-09 0.02031284983826145 9.263486982693822e-06 0.11883245693909886 2.3229496437380696e-05
