HATP14b/Results/ROEBA_Results/506070_radii/HATP14b_WLP8_nrca3_level3_asn_phot.ecsv
# %ECSV 0.9
# ---
# datatype:
# - {name: MJD, datatype: float64}
# - {name: aperture_sum, unit: Jy, datatype: float64}
# - {name: aperture_sum_err, unit: Jy, datatype: float64}
# - {name: annulus_sum, unit: Jy, datatype: float64}
# - {name: annulus_sum_err, unit: Jy, datatype: float64}
# - {name: annulus_mean, unit: Jy, datatype: float64}
# - {name: annulus_mean_err, unit: Jy, datatype: float64}
# - {name: aperture_bkg, unit: Jy, datatype: float64}
# - {name: aperture_bkg_err, unit: Jy, datatype: float64}
# - {name: net_aperture_sum, unit: Jy, datatype: float64}
# - {name: net_aperture_sum_err, unit: Jy, datatype: float64}
# meta: !!omap
# - {instrument: NIRCAM}
# - {detector: NRCA3}
# - {channel: SHORT}
# - {subarray: SUBGRISM128}
# - {filter: F210M}
# - {pupil: WLP8}
# - {target_name: UNKNOWN}
# - {xcenter: 1051.8}
# - {ycenter: 56.2973}
# - ra_icrs: !numpy.ndarray
#     buffer: !!binary |
#       ZllmeEdOeEJjRUE9
#     dtype: float64
#     order: C
#     shape: !!python/tuple []
# - dec_icrs: !numpy.ndarray
#     buffer: !!binary |
#       ZXo0UCtmd2VRMEE9
#     dtype: float64
#     order: C
#     shape: !!python/tuple []
# - {apertures: Photometry measured in a circular aperture of r=50.0 pixels.  Background calculated as the mean in a circular annulus
#     with r_inner=60.0 pixels and r_outer=70.0 pixels.}
# - {number_of_integrations: 669}
# - __serialized_columns__:
#     annulus_mean:
#       __class__: astropy.units.quantity.Quantity
#       unit: &id001 !astropy.units.Unit {unit: Jy}
#       value: !astropy.table.SerializedColumn {name: annulus_mean}
#     annulus_mean_err:
#       __class__: astropy.units.quantity.Quantity
#       unit: *id001
#       value: !astropy.table.SerializedColumn {name: annulus_mean_err}
#     annulus_sum:
#       __class__: astropy.units.quantity.Quantity
#       unit: *id001
#       value: !astropy.table.SerializedColumn {name: annulus_sum}
#     annulus_sum_err:
#       __class__: astropy.units.quantity.Quantity
#       unit: *id001
#       value: !astropy.table.SerializedColumn {name: annulus_sum_err}
#     aperture_bkg:
#       __class__: astropy.units.quantity.Quantity
#       unit: *id001
#       value: !astropy.table.SerializedColumn {name: aperture_bkg}
#     aperture_bkg_err:
#       __class__: astropy.units.quantity.Quantity
#       unit: *id001
#       value: !astropy.table.SerializedColumn {name: aperture_bkg_err}
#     aperture_sum:
#       __class__: astropy.units.quantity.Quantity
#       unit: *id001
#       value: !astropy.table.SerializedColumn {name: aperture_sum}
#     aperture_sum_err:
#       __class__: astropy.units.quantity.Quantity
#       unit: *id001
#       value: !astropy.table.SerializedColumn {name: aperture_sum_err}
#     net_aperture_sum:
#       __class__: astropy.units.quantity.Quantity
#       unit: *id001
#       value: !astropy.table.SerializedColumn {name: net_aperture_sum}
#     net_aperture_sum_err:
#       __class__: astropy.units.quantity.Quantity
#       unit: *id001
#       value: !astropy.table.SerializedColumn {name: net_aperture_sum_err}
# schema: astropy-2.0
MJD aperture_sum aperture_sum_err annulus_sum annulus_sum_err annulus_mean annulus_mean_err aperture_bkg aperture_bkg_err net_aperture_sum net_aperture_sum_err
[from data line 618]
59650.61740244549 0.1396700024596167 2.1369710789270603e-05 0.010600189077995786 4.8296584451370165e-06 2.595496137648846e-06 1.1825600230601133e-09 0.020384978996145744 9.287804702186571e-06 0.11928502346347095 2.3300812333543812e-05
59650.61772321829 0.13965858856105637 2.1367777875223125e-05 0.010608723904378753 4.830790965123913e-06 2.597585921967739e-06 1.1828373248355979e-09 0.020401392123805297 9.289982625238295e-06 0.11925719643725108 2.329990790758848e-05
59650.61804399109 0.13968264788653822 2.136944360703267e-05 0.010601872320684515 4.830141292180346e-06 2.5959082859478225e-06 1.1826782499735029e-09 0.020388216001316378 9.288733254192975e-06 0.11929443188522185 2.3300937439118194e-05
59650.61836476389 0.13965795745865078 2.1366667547618083e-05 0.010602844330777834 4.829572939444217e-06 2.5961462862725714e-06 1.1825390866698492e-09 0.020390085251495837 9.287640268161956e-06 0.11926787220715494 2.3297955786747027e-05
59650.61868553669 0.13968883098179247 2.1369319345913223e-05 0.010608105021566191 4.8306299239778e-06 2.5974343861849483e-06 1.1827978933056824e-09 0.02040020196455037 9.28967293072654e-06 0.1192886290172421 2.3301198090817017e-05
59650.61900630949 0.13968210471690584 2.1369384028015884e-05 0.010608403258816072 4.8308028974131465e-06 2.597507410696537e-06 1.1828402465014653e-09 0.020400775497723216 9.290005571948358e-06 0.11928132921918262 2.3301390028572372e-05
59650.61932708229 0.13968415173107246 2.137020819059532e-05 0.010601122856900576 4.829816673982808e-06 2.595724776923388e-06 1.1825987659877248e-09 0.0203867747248088 9.288108988428478e-06 0.11929737700626367 2.3301389801690227e-05
59650.61964785509 0.13968310202995762 2.1370002243758548e-05 0.0106053925742462 4.830924107371013e-06 2.596770233263636e-06 1.1828699252152291e-09 0.02039498571970423 9.29023866802118e-06 0.11928811631025339 2.3302049918559556e-05
59650.61996862789 0.1396237019512385 2.1364585304207452e-05 0.010604409600650526 4.830703455970168e-06 2.596529548484128e-06 1.1828158978903912e-09 0.020393095385866398 9.28981433840417e-06 0.1192306065653721 2.329691300715133e-05
59650.62028940069 0.13968113971362578 2.136914105452234e-05 0.010613062888046278 4.8304608882715666e-06 2.598648338427249e-06 1.182756504277673e-09 0.020409736323165922 9.289347862060705e-06 0.11927140339045986 2.330090498479499e-05
59650.62061017349 0.1396414219908407 2.1365863184601256e-05 0.010608338006482747 4.830563192426368e-06 2.5974914334174647e-06 1.1827815538344969e-09 0.020400650012466822 9.28954460081994e-06 0.11924077197837388 2.3297977348124497e-05
59650.620930946294 0.13967523253097347 2.136962845909084e-05 0.010598717243956866 4.8294549888370615e-06 2.595135753552377e-06 1.182510206020358e-09 0.020382148546070896 9.287413440071274e-06 0.11929308398490257 2.3300580870150032e-05
59650.621251719094 0.13966251796925172 2.136710024650223e-05 0.010605939374782884 4.829241945240805e-06 2.5969041194302494e-06 1.1824580414950682e-09 0.020396037259197856 9.287003740847702e-06 0.11926648071005386 2.329809888009309e-05
59650.621572491895 0.139663413195139 2.1368553343313186e-05 0.010612675432809466 4.830652316947069e-06 2.598553468556225e-06 1.182803376308374e-09 0.020408991216941282 9.289715994128978e-06 0.11925442197819772 2.33005127676967e-05
59650.6218932647 0.13964174378409733 2.1366719786621363e-05 0.010608006070627833 4.830748892359643e-06 2.597410157675774e-06 1.1828270231611314e-09 0.020400011674284294 9.289901716076236e-06 0.11924173210981304 2.3298905303347474e-05
59650.6222140375 0.13968622923894514 2.1368828214042574e-05 0.010608846956769988 4.830487520403042e-06 2.597616051808238e-06 1.1827630252551644e-09 0.02040162876301921 9.28939907769816e-06 0.11928460047592593 2.3300638499105585e-05
59650.6225348103 0.13968468218767927 2.1369314305364543e-05 0.010609396758103757 4.830942032824529e-06 2.597750672731296e-06 1.182874314329897e-09 0.020402686073276458 9.290273140047171e-06 0.11928199611440281 2.3301432764921124e-05
59650.622855583104 0.1396690296063321 2.136751458253056e-05 0.010610609211979084 4.830718069608108e-06 2.5980475466198026e-06 1.1828194760945677e-09 0.020405017715344396 9.289842441554054e-06 0.1192640118909877 2.3299610555190727e-05
59650.623176355904 0.13964752149872167 2.1367439908524756e-05 0.01061224925380384 4.83106515082651e-06 2.59844911702486e-06 1.182904460235434e-09 0.020408171641930463 9.290509905435598e-06 0.11923934985679122 2.3299808208382606e-05
59650.623497128705 0.13969100526350217 2.137034033138668e-05 0.010604253734335838 4.829506982009347e-06 2.596491384031137e-06 1.1825229367440137e-09 0.020392795642953536 9.287513426941053e-06 0.11929820962054863 2.3301273603279768e-05
59650.623817901505 0.13968230711428833 2.136897270506522e-05 0.010612545396490099 4.830438634107558e-06 2.5985216286746735e-06 1.182751055261971e-09 0.020408741147096347 9.289305065591458e-06 0.11927356596719199 2.330073353075919e-05
59650.624138674306 0.1396536159929977 2.136795302085009e-05 0.010605483689987111 4.83027341191495e-06 2.5967925432952664e-06 1.1827105999871062e-09 0.02039516094228291 9.288987330605673e-06 0.11925845505071478 2.329967171291066e-05
59650.624459447106 0.13968854559278876 2.136942429246568e-05 0.010599490669844143 4.8299124471504306e-06 2.5953251297878774e-06 1.1826222164077905e-09 0.02038363590354643 9.288293167596983e-06 0.11930490968924233 2.3300744291945934e-05
59650.62478021991 0.13967405325999327 2.1370166055357582e-05 0.010604742114660223 4.8304452759302315e-06 2.5966109657891905e-06 1.1827526815372165e-09 0.020393734835885045 9.289317838327369e-06 0.11928031842410822 2.3301833042381546e-05
59650.62510099271 0.1396762659890194 2.136923194124809e-05 0.010606421906312752 4.8310899236563796e-06 2.5970222690889817e-06 1.1829105259559387e-09 0.0203969652044476 9.290557545493038e-06 0.11927930078457179 2.3301470624511563e-05
59650.62542176551 0.1396765310512748 2.1368944981563977e-05 0.01060061177769217 4.82982632069506e-06 2.5955996372582663e-06 1.1826011280214778e-09 0.020385791880177254 9.288127539798192e-06 0.11929073917109756 2.33002386859162e-05
59650.62574253831 0.13965361862213746 2.136640055543933e-05 0.01060581825007522 4.830399532620694e-06 2.596874461590318e-06 1.1827414811159452e-09 0.02039580432706773 9.289229870424411e-06 0.11925781429506974 2.329834466826052e-05
59650.62606331111 0.1396596520955996 2.136821183999335e-05 0.010623136356056696 4.831930863404826e-06 2.6011148649317664e-06 1.1831164332141043e-09 0.020429108377032112 9.292174737316974e-06 0.11923054371856749 2.330117998273186e-05
59650.62638408391 0.1396591583478911 2.1368691714385107e-05 0.010612972126797413 4.83139279222947e-06 2.598626115194329e-06 1.1829846844644225e-09 0.02040956178230272 9.291139985056673e-06 0.1192495965655884 2.3301207432370318e-05
59650.62670485671 0.13972105813101554 2.1371883865364768e-05 0.01060605971718592 4.830574918406962e-06 2.596933585719952e-06 1.1827844249849185e-09 0.020396268686896 9.28956715078262e-06 0.11932478944411953 2.330350784331703e-05
59650.62702562952 0.13966204088819045 2.1367872172000485e-05 0.010605465364979288 4.830544213916677e-06 2.5967880563482243e-06 1.1827769068750661e-09 0.02039512570188325 9.289508103685916e-06 0.1192669151863072 2.329980519161907e-05
59650.62734640232 0.13967512776745322 2.1369478087327053e-05 0.01061003818116107 4.830931266907651e-06 2.5979077275777336e-06 1.1828716782546848e-09 0.020403919579155903 9.290252436360868e-06 0.11927120818829731 2.330157471193868e-05
59650.62766717512 0.13967844361496923 2.1369873720571758e-05 0.010616625297384722 4.831434386179257e-06 2.599520607743449e-06 1.182994868899363e-09 0.020416587110355235 9.29121997342165e-06 0.11926185650461399 2.330232330536363e-05
59650.62798794792 0.1396869478568072 2.136951897514542e-05 0.010609812423846603 4.830503846278399e-06 2.5978524500507545e-06 1.182767022707108e-09 0.02040348543047424 9.289430473612306e-06 0.11928346242633295 2.3301284508652673e-05
59650.62830872072 0.13965491335985392 2.1367203859430798e-05 0.010606174853993976 4.830882039808602e-06 2.596961777400158e-06 1.1828596248144575e-09 0.02039649010383457 9.290157768862696e-06 0.11925842325601935 2.3299451327034168e-05
59650.62862949352 0.13964121487273962 2.136645676588393e-05 0.01060434237410933 4.8302350992665734e-06 2.596513087812838e-06 1.1827012189911491e-09 0.020392966104056404 9.288913652435719e-06 0.11924824876868322 2.3298270141167004e-05
59650.62895026632 0.13969571303830974 2.137022714189531e-05 0.010606489883278261 4.830677527710239e-06 2.5970389135044855e-06 1.1828095492584936e-09 0.020397095929381274 9.289764476365846e-06 0.11929861710892847 2.3302067121235143e-05
59650.62927103912 0.13970631311824885 2.137023355233893e-05 0.01061714505374271 4.831018238444819e-06 2.5996478720412603e-06 1.1828929735624519e-09 0.020417586641812906 9.290419689316961e-06 0.11928872647643594 2.3302334219669086e-05
59650.62959181192 0.1396638881108326 2.136770001884302e-05 0.0106039430926198 4.830299727466602e-06 2.596415322239386e-06 1.182717043448838e-09 0.020392198255038078 9.289037937435774e-06 0.11927168985579453 2.3299459862803366e-05
59650.62991258472 0.13968047628642552 2.1369409307503064e-05 0.010614421425408343 4.832011212425946e-06 2.5989809814065533e-06 1.1831361069739257e-09 0.020412348895016048 9.292329254665282e-06 0.11926812739140948 2.3302339735071816e-05
59650.63023335752 0.1396882993899389 2.1369251104439655e-05 0.010608919076795155 4.830448778989703e-06 2.5976337106674704e-06 1.1827535392744947e-09 0.020401767455375298 9.289324574980198e-06 0.11928653193456361 2.3300996627267395e-05
59650.63055413032 0.13969720563459861 2.1370637929932312e-05 0.010613467454292898 4.831495710120843e-06 2.598747397993338e-06 1.1830098842969528e-09 0.020410514335178653 9.291337904078546e-06 0.11928669129941996 2.3303071161974087e-05
59650.63087490312 0.13965539941863653 2.1367554496171303e-05 0.010606514014029799 4.830588010617758e-06 2.5970448220096973e-06 1.1827876306619405e-09 0.020397142334672692 9.289592328111075e-06 0.11925825708396384 2.329954743700724e-05
59650.631195675924 0.1396295374581743 2.1365628018957164e-05 0.010604653484596082 4.830969170599785e-06 2.5965892643848603e-06 1.1828809591161686e-09 0.020393564393454005 9.29032532807651e-06 0.1192359730647203 2.329807299640782e-05
59650.631516448724 0.1396908831845673 2.136927435018498e-05 0.010612908921398805 4.831103213166814e-06 2.598610639114916e-06 1.1829137799425185e-09 0.020409440233459242 9.290583102243874e-06 0.11928144295110805 2.330151970651642e-05
59650.631837221525 0.1396634096334525 2.136861691991406e-05 0.010611818177407209 4.8311649515186036e-06 2.5983435663489e-06 1.1829288968100043e-09 0.02040734264886002 9.290701829843469e-06 0.11925606698459248 2.3300964133724043e-05
59650.632157994325 0.13967161970296255 2.1368890789330045e-05 0.010596476910538633 4.830279933761133e-06 2.5945871994943987e-06 1.1827121968856572e-09 0.020377840212574296 9.288999872617565e-06 0.11929377949038825 2.3300536736302953e-05
59650.63247876713 0.13967646847738968 2.1368630022592143e-05 0.010616461476401096 4.8320503633414054e-06 2.5994804955598705e-06 1.1831456932227286e-09 0.02041627207000211 9.292404544887318e-06 0.11926019640738757 2.330165511864487e-05
59650.63279953993 0.13966164585114665 2.1368564514647287e-05 0.010612576255640618 4.8313912314636464e-06 2.5985291846536652e-06 1.1829843023050444e-09 0.020408800491616575 9.291136983583937e-06 0.11925284535953008 2.330108958534696e-05
59650.633120312734 0.1396816360280233 2.1369340241656692e-05 0.010607115965691935 4.830482749127175e-06 2.5971922121366684e-06 1.182761856990335e-09 0.02039829993402295 9.289389902167644e-06 0.11928333609400035 2.3301104418421507e-05
59650.633441085534 0.13968016235461334 2.136909255925743e-05 0.010612115873519236 4.8307863590351025e-06 2.5984164583608515e-06 1.18283619701744e-09 0.02040791514138315 9.289973767375198e-06 0.11927224721323018 2.3301110046618607e-05
