HATP14b/Results/ROEBA_Results/506070_radii/HATP14b_WLP8_nrca3_level3_asn_phot.ecsv
# %ECSV 0.9
# ---
# datatype:
# - {name: MJD, datatype: float64}
# - {name: aperture_sum, unit: Jy, datatype: float64}
# - {name: aperture_sum_err, unit: Jy, datatype: float64}
# - {name: annulus_sum, unit: Jy, datatype: float64}
# - {name: annulus_sum_err, unit: Jy, datatype: float64}
# - {name: annulus_mean, unit: Jy, datatype: float64}
# - {name: annulus_mean_err, unit: Jy, datatype: float64}
# - {name: aperture_bkg, unit: Jy, datatype: float64}
# - {name: aperture_bkg_err, unit: Jy, datatype: float64}
# - {name: net_aperture_sum, unit: Jy, datatype: float64}
# - {name: net_aperture_sum_err, unit: Jy, datatype: float64}
# meta: !!omap
# - {instrument: NIRCAM}
# - {detector: NRCA3}
# - {channel: SHORT}
# - {subarray: SUBGRISM128}
# - {filter: F210M}
# - {pupil: WLP8}
# - {target_name: UNKNOWN}
# - {xcenter: 1051.8}
# - {ycenter: 56.2973}
# - ra_icrs: !numpy.ndarray
#     buffer: !!binary |
#       ZllmeEdOeEJjRUE9
#     dtype: float64
#     order: C
#     shape: !!python/tuple []
# - dec_icrs: !numpy.ndarray
#     buffer: !!binary |
#       ZXo0UCtmd2VRMEE9
#     dtype: float64
#     order: C
#     shape: !!python/tuple []
# - {apertures: Photometry measured in a circular aperture of r=50.0 pixels.  Background calculated as the mean in a circular annulus
#     with r_inner=60.0 pixels and r_outer=70.0 pixels.}
# - {number_of_integrations: 669}
# - __serialized_columns__:
#     annulus_mean:
#       __class__: astropy.units.quantity.Quantity
#       unit: &id001 !astropy.units.Unit {unit: Jy}
#       value: !astropy.table.SerializedColumn {name: annulus_mean}
#     annulus_mean_err:
#       __class__: astropy.units.quantity.Quantity
#       unit: *id001
#       value: !astropy.table.SerializedColumn {name: annulus_mean_err}
#     annulus_sum:
#       __class__: astropy.units.quantity.Quantity
#       unit: *id001
#       value: !astropy.table.SerializedColumn {name: annulus_sum}
#     annulus_sum_err:
#       __class__: astropy.units.quantity.Quantity
#       unit: *id001
#       value: !astropy.table.SerializedColumn {name: annulus_sum_err}
#     aperture_bkg:
#       __class__: astropy.units.quantity.Quantity
#       unit: *id001
#       value: !astropy.table.SerializedColumn {name: aperture_bkg}
#     aperture_bkg_err:
#       __class__: astropy.units.quantity.Quantity
#       unit: *id001
#       value: !astropy.table.SerializedColumn {name: aperture_bkg_err}
#     aperture_sum:
#       __class__: astropy.units.quantity.Quantity
#       unit: *id001
#       value: !astropy.table.SerializedColumn {name: aperture_sum}
#     aperture_sum_err:
#       __class__: astropy.units.quantity.Quantity
#       unit: *id001
#       value: !astropy.table.SerializedColumn {name: aperture_sum_err}
#     net_aperture_sum:
#       __class__: astropy.units.quantity.Quantity
#       unit: *id001
#       value: !astropy.table.SerializedColumn {name: net_aperture_sum}
#     net_aperture_sum_err:
#       __class__: astropy.units.quantity.Quantity
#       unit: *id001
#       value: !astropy.table.SerializedColumn {name: net_aperture_sum_err}
# schema: astropy-2.0
MJD aperture_sum aperture_sum_err annulus_sum annulus_sum_err annulus_mean annulus_mean_err aperture_bkg aperture_bkg_err net_aperture_sum net_aperture_sum_err
[from data line 138]
59650.46343150104 0.1396600028015567 2.1366863180144046e-05 0.010605783153317545 4.830590670499709e-06 2.5968658680172866e-06 1.1827882819440335e-09 0.020395736833302973 9.289597443268672e-06 0.11926426596825371 2.3298915485854252e-05
59650.46375227384 0.13967937081172696 2.1367787538231372e-05 0.010604376809497103 4.83015239497905e-06 2.5965215194469635e-06 1.1826809685354964e-09 0.02039303232595597 9.288754605728943e-06 0.119286338485771 2.3299427169019553e-05
59650.46407304664 0.1396596009029952 2.1378932937191612e-05 0.010612089331363468 4.829867526461178e-06 2.59840995941425e-06 1.182611217408188e-09 0.020407864098775902 9.288206781656112e-06 0.1192517368042193 2.3309430682703063e-05
59650.46439381944 0.13966922261391262 2.136701214730723e-05 0.010608499928525167 4.8296963905747215e-06 2.597531080638152e-06 1.1825693141431572e-09 0.020400961401009936 9.287877674182158e-06 0.11926826121290268 2.3298366461916296e-05
59650.46471459224 0.13968095366674882 2.136881737550409e-05 0.01060805426027668 4.8297352430864555e-06 2.5974219570924204e-06 1.1825788273266865e-09 0.02040010434668593 9.287952390550876e-06 0.11928084932006289 2.3300051837641588e-05
59650.46503536504 0.1396854804702979 2.1369435874182835e-05 0.010603057563120145 4.829867227949855e-06 2.596198497013042e-06 1.1826111443165684e-09 0.020390495313692587 9.288206207595875e-06 0.11929498515660533 2.330072024928918e-05
59650.46535613784 0.1396608277516181 2.1366682207182427e-05 0.010616441413972463 4.832266989751714e-06 2.599475583198813e-06 1.1831987350135052e-09 0.020416233488408583 9.29282113413791e-06 0.1192445942632095 2.3300035046621845e-05
59650.46567691065 0.13971835147620248 2.1369984564783836e-05 0.0106127166559639 4.8301654860265734e-06 2.59856356220053e-06 1.1826841739276867e-09 0.020409070492238272 9.288779780820333e-06 0.1193092809839642 2.3301452103156062e-05
59650.46599768345 0.13966853633274287 2.1367074969939884e-05 0.01060934405321258 4.830172415280913e-06 2.597737767740595e-06 1.182685870581656e-09 0.020402584717716502 9.28879310630945e-06 0.11926595161502637 2.3298789027390533e-05
59650.46631845625 0.13970242747117315 2.137006628426507e-05 0.0106080952965776 4.829842403093744e-06 2.5974320049849396e-06 1.182605065857243e-09 0.020400183262649235 9.28815846748797e-06 0.11930224420852391 2.3301279379275535e-05
59650.46663922905 0.13969758724140863 2.136830852806742e-05 0.010603879046211004 4.829511917517111e-06 2.5963996402354673e-06 1.1825241452216403e-09 0.020392075088867315 9.287522918302137e-06 0.11930551215254132 2.3299413969211034e-05
59650.46696000185 0.13967521889246176 2.136792437190506e-05 0.010604878633045305 4.829746557944333e-06 2.5966443928288962e-06 1.1825815978121658e-09 0.020393997371240973 9.287974149892948e-06 0.11928122152122078 2.3299241527838065e-05
59650.467280774654 0.13968427268793035 2.136723219873303e-05 0.010618196628704382 4.830844151915203e-06 2.5999053541230786e-06 1.1828503478213533e-09 0.020419608901354584 9.290084907529239e-06 0.11926466378657577 2.3299448264361887e-05
59650.467601547454 0.13967041108710063 2.136856003472348e-05 0.010601048523423712 4.830930916643642e-06 2.595706576092188e-06 1.1828715924912258e-09 0.02038663177581483 9.290251762776236e-06 0.1192837793112858 2.3300732515810494e-05
59650.467922320255 0.13971746784447284 2.1370328912805985e-05 0.010612137747228979 4.830226828064872e-06 2.5984218142208966e-06 1.1826991937563245e-09 0.020407957206209578 9.288897746278602e-06 0.11930951063826326 2.3301814933226362e-05
59650.468243093055 0.1397011024340675 2.1368555064164932e-05 0.0106173880335884 4.829884888394462e-06 2.599707366569742e-06 1.1826154685428091e-09 0.02041805391074692 9.288240169989351e-06 0.11928304852332058 2.3299925986699026e-05
59650.468563865856 0.13969102288627205 2.136848225221783e-05 0.010602152882134973 4.829444688868967e-06 2.595976982473486e-06 1.1825076840344565e-09 0.020388755542567256 9.287393632440322e-06 0.1193022673437048 2.3299521760054248e-05
59650.468884638656 0.1396700966412714 2.1367536818144397e-05 0.010605143348874187 4.829683868257832e-06 2.5967092094945596e-06 1.1825662480068004e-09 0.02039450644014267 9.287853592803524e-06 0.11927559020112873 2.329883804047124e-05
59650.46920541146 0.13967492417694194 2.1367406828088643e-05 0.010607507076271366 4.83474538704731e-06 2.5972879770320716e-06 1.1838055799066434e-09 0.020399052069752628 9.29758728278329e-06 0.11927587210718932 2.3302600795576935e-05
59650.46952618426 0.13968748689331056 2.136885775021008e-05 0.010604249849709393 4.831257798853335e-06 2.596490432865751e-06 1.1829516308288895e-09 0.020392788172518064 9.290880382410261e-06 0.1192946987207925 2.3301256185643065e-05
59650.46984695706 0.13967659070523353 2.1368008163487108e-05 0.010612887789825519 4.830100536329223e-06 2.5986054649697713e-06 1.1826682707501703e-09 0.020409399595818306 9.288654877556198e-06 0.11926719110941522 2.3299589745512694e-05
59650.47016772986 0.13969124603792565 2.1368857044969305e-05 0.010600760343770636 4.830301520150519e-06 2.595636014220979e-06 1.182717482394233e-09 0.0203860775841743 9.289041384904845e-06 0.11930516845375136 2.3300522338754752e-05
59650.47048850266 0.13965342381765738 2.1366243774879126e-05 0.010601697682875114 4.83014207594127e-06 2.5958655252237965e-06 1.1826784418803108e-09 0.020387880159375222 9.288734761425519e-06 0.11926554365828217 2.329800348775997e-05
59650.470809275466 0.1396581657899674 2.1367369012523457e-05 0.010609357839312727 4.829858948762943e-06 2.597741143319032e-06 1.182609117126535e-09 0.020402611229447552 9.288190286082584e-06 0.11925555456051984 2.3298818367201082e-05
59650.47113004827 0.1396282976019563 2.1365639208385827e-05 0.010606438744179648 4.829939112206876e-06 2.597026391903978e-06 1.1826287454470845e-09 0.02039699758496086 9.288344446551685e-06 0.11923130001699545 2.329729343380259e-05
59650.47145082107 0.1396938168833378 2.136906219123363e-05 0.01060996373522919 4.8300319575831975e-06 2.5978894992115e-06 1.1826514789864457e-09 0.02040377641390229 9.288522995352304e-06 0.1192900404694355 2.3300503822192324e-05
59650.47177159387 0.1397122943353509 2.1371551546672472e-05 0.010608496673702561 4.838199270401042e-06 2.5975302836826035e-06 1.1846512762275807e-09 0.020400955141735698 9.30422936615585e-06 0.1193113391936152 2.330905188140683e-05
59650.47209236667 0.1397025870477629 2.136963281238006e-05 0.010603585152854393 4.829489952513035e-06 2.596327679342473e-06 1.1825187670078347e-09 0.020391509909335373 9.287480677909684e-06 0.11931107713842752 2.3300611663183784e-05
59650.47241313947 0.13963627305390827 2.1365022961004185e-05 0.010614843779873418 4.830410274813131e-06 2.5990843964847895e-06 1.182744111382139e-09 0.02041316111514119 9.289250528486791e-06 0.11922311193876708 2.329708955009677e-05
59650.47273391227 0.1396678056193389 2.13665871731489e-05 0.010613570618529699 4.83053416024769e-06 2.5987726581444718e-06 1.1827744451964272e-09 0.02041071272794173 9.289488769707098e-06 0.11925709289139716 2.329861903697911e-05
59650.47305468507 0.1396734945961291 2.1367628900458925e-05 0.010611769452752776 4.83019729061902e-06 2.5983316359341256e-06 1.1826919614016882e-09 0.020407248947601497 9.288840943498117e-06 0.1192662456485276 2.329931610372576e-05
59650.47337545787 0.1396498470809041 2.1366455430010384e-05 0.010611519148797849 4.830095665619679e-06 2.5982703480699685e-06 1.1826670781386313e-09 0.02040676759384202 9.288645510807075e-06 0.11924307948706209 2.329816201051183e-05
59650.47369623067 0.13965363332154498 2.136794216077261e-05 0.010609122484949137 4.82974773867381e-06 2.5976835159185036e-06 1.1825818869182162e-09 0.02040215862490219 9.287976420526558e-06 0.1192514746966428 2.3299258747315994e-05
59650.47401700347 0.13967936891694954 2.136794544169862e-05 0.010614338246004811 4.830271510146657e-06 2.5989606146169602e-06 1.1827101343319917e-09 0.02041218893462464 9.288983673358957e-06 0.1192671799823249 2.3299663304076695e-05
59650.47433777627 0.13967161931664165 2.136923037786474e-05 0.010608568610680373 4.829674353092424e-06 2.5975478977220034e-06 1.1825639181827865e-09 0.020401093482077644 9.287835294408508e-06 0.11927052583456402 2.3300383932423035e-05
59650.47465854907 0.13967345794980351 2.1367588744517877e-05 0.010609731785519641 4.829874346162916e-06 2.5978327054533103e-06 1.182612887237791e-09 0.020403330356768543 9.288219896467146e-06 0.11927012759303497 2.3299031688033198e-05
59650.47497932187 0.1396591672199598 2.1367218389368676e-05 0.010607317102614984 4.830022723198266e-06 2.597241461268271e-06 1.1826492179125867e-09 0.020398686735798047 9.288505236919741e-06 0.11926048048416175 2.3298805789895335e-05
59650.47530009467 0.13966073849657046 2.1366530066941862e-05 0.010605978527604983 4.829836385329027e-06 2.5969137061459e-06 1.1826035923849334e-09 0.020396112553086508 9.288146894863513e-06 0.11926462594348394 2.3298031673128383e-05
59650.47562086747 0.13968832647825974 2.13678102871798e-05 0.010609888158422332 4.829899571021129e-06 2.597870993946278e-06 1.1826190636391347e-09 0.0204036310738891 9.288268405809864e-06 0.11928469540437064 2.3299254203670824e-05
59650.47594164028 0.13969089747976687 2.1368689526973113e-05 0.010604543265735648 4.829785427399359e-06 2.596562276882614e-06 1.1825911151443236e-09 0.020393352434107018 9.28804889884492e-06 0.11929754504565986 2.3299973056797828e-05
59650.47626241308 0.13965330168218804 2.1365704701656566e-05 0.010608365473652565 4.82945694451115e-06 2.597498158857233e-06 1.1825106848745092e-09 0.02040070283394724 9.287417200982983e-06 0.1192525988482408 2.3296983831893434e-05
59650.47658318588 0.1396886206321212 2.13681431295331e-05 0.010610381325269754 4.829879997612287e-06 2.5979917477024874e-06 1.1826142710164111e-09 0.020404579471672603 9.288230764639014e-06 0.1192840411604486 2.3299544449224737e-05
59650.47690395868 0.13969651297896374 2.1368521919815403e-05 0.010599727157577576 4.829229879094128e-06 2.5953830346982718e-06 1.1824550870537025e-09 0.020384090687649185 9.286980536719477e-06 0.11931242229131456 2.3299393479810537e-05
59650.47722473148 0.13967040483265022 2.136674894418487e-05 0.010608698259095922 4.829880337474359e-06 2.5975796426238474e-06 1.1826143542329167e-09 0.0204013428059537 9.28823141821992e-06 0.11926906202669653 2.3298266101198022e-05
59650.47754550428 0.13963652831344459 2.1365168513776026e-05 0.01060710271596806 4.829925351805799e-06 2.597188967891977e-06 1.1826253761611608e-09 0.020398274453784733 9.28831798424192e-06 0.11923825385965986 2.329685121638627e-05
59650.477866277084 0.13968656993191914 2.1368708851059118e-05 0.010612711761177132 4.830458925431446e-06 2.598562363693592e-06 1.182756023668892e-09 0.02040906107918679 9.289344087368167e-06 0.11927750885273235 2.3300507108963407e-05
59650.478187049885 0.13967189698290808 2.136823850763943e-05 0.010604128437969672 4.829414402293884e-06 2.596460704744942e-06 1.1825002682527122e-09 0.020392554688403217 9.2873353890267e-06 0.11927934229450486 2.3299275000472272e-05
59650.478507822685 0.1397052292040949 2.1370400034386415e-05 0.010617917638805999 4.830484938744119e-06 2.599837042397847e-06 1.1827623931262738e-09 0.020419072382319232 9.289394112969462e-06 0.11928615682177567 2.3302078032136415e-05
59650.478828595486 0.13969025951468467 2.1368253777265406e-05 0.010616241164775036 4.830588247803544e-06 2.5994265514301656e-06 1.1827876887377715e-09 0.020415848393798147 9.289592784237585e-06 0.11927441112088652 2.3300188917401e-05
59650.479149368286 0.13966509789206333 2.1366481006049215e-05 0.010609057005712526 4.829616256295173e-06 2.597667483081309e-06 1.1825496929636168e-09 0.02040203270329332 9.28772356979841e-06 0.11926306518877 2.329781791693915e-05
59650.47947014109 0.1396511034949901 2.1366818331540276e-05 0.010603644511142686 4.829382751068552e-06 2.5963422134424656e-06 1.1824925183312251e-09 0.02039162405988978 9.287274521285677e-06 0.11925947943510032 2.3297948271184046e-05
59650.47979091389 0.1396602313516565 2.1365444157857144e-05 0.010611662335094052 4.830088336893428e-06 2.598305407772774e-06 1.182665283672463e-09 0.020407042952103948 9.288631417102746e-06 0.11925318839955255 2.3297228969671484e-05
59650.48011168669 0.13969287747834006 2.1369165043528172e-05 0.010604994552162843 4.830229223312665e-06 2.5966727760605192e-06 1.1826997802417494e-09 0.020394220292620852 9.288902352524358e-06 0.1192986571857192 2.3300749377912267e-05
59650.48043245949 0.13966425352769263 2.136717365982298e-05 0.010603314990211273 4.830262360504932e-06 2.596261529003871e-06 1.1827078940078256e-09 0.020390990365790913 9.288966077894101e-06 0.11927326316190172 2.3298948495700407e-05
59650.48075323229 0.1396914985460761 2.136846211745662e-05 0.010605005162124698 4.830411062391173e-06 2.5966753739495582e-06 1.182744304223583e-09 0.020394240696393652 9.28925204305995e-06 0.11929725784968245 2.3300244135731112e-05
59650.481074005096 0.1396571881313116 2.1366154282643225e-05 0.010610055636959353 4.82973385183582e-06 2.597912001695553e-06 1.182578486673739e-09 0.020403953147998758 9.287949715068884e-06 0.11925323498331283 2.3297608433900712e-05
59650.4813947779 0.13967221804682287 2.136818274804001e-05 0.0106119354604268 4.830050615825538e-06 2.598372283537067e-06 1.1826560475272115e-09 0.020407568193128462 9.288558876587573e-06 0.11926464985369441 2.3299711585285096e-05
59650.4817155507 0.13964272966569402 2.136628418282904e-05 0.01061687178633573 4.8307763888893624e-06 2.599580961489558e-06 1.182833755789782e-09 0.020417061127568716 9.289954594018006e-06 0.1192256685381253 2.3298526909234556e-05
59650.4820363235 0.13964718142106883 2.136764142376559e-05 0.010617634985677471 4.830363678868957e-06 2.5997678337169462e-06 1.1827327021900725e-09 0.020418528818610525 9.289160920901842e-06 0.1192286526024583 2.329945515734291e-05
59650.4823570963 0.13966361670031335 2.1366749412753145e-05 0.010605961928459182 4.829526029573146e-06 2.596909641782661e-06 1.1825276006116022e-09 0.020396080631652276 9.287550056871436e-06 0.11926753606866108 2.3297994903559393e-05
59650.4826778691 0.13968030191390454 2.136772204218516e-05 0.010602003285761963 4.8297939693398e-06 2.595940353239281e-06 1.1825932066705465e-09 0.020388467857234544 9.288065325653463e-06 0.11929183405667 2.3299092316347687e-05
59650.4829986419 0.13967207220297764 2.1366934697351394e-05 0.010610573230507039 4.829931803576009e-06 2.5980387364211324e-06 1.1826269559013465e-09 0.020404948520205846 9.288330391492326e-06 0.1192671236827718 2.329847591200761e-05
59650.4833194147 0.1396790492318473 2.1369312222309128e-05 0.010605314075981961 4.830863840406543e-06 2.5967510126685936e-06 1.1828551686224589e-09 0.020394834761503774 9.290122770012581e-06 0.11928421447034351 2.330137090251208e-05
59650.4836401875 0.13968399826985198 2.136814491537345e-05 0.010613512015972918 4.829825036676895e-06 2.5987583090881802e-06 1.182600813624804e-09 0.02041060003071715 9.288125070532491e-06 0.11927339823913483 2.329950395287965e-05
59650.4839609603 0.13965527272601375 2.1366321272263145e-05 0.010601689031032781 4.828910880675605e-06 2.5958634067876822e-06 1.1823769790919387e-09 0.020387863521216888 9.286367078222318e-06 0.11926740920479686 2.329713068643982e-05
59650.4842817331 0.13969074713487367 2.1368028872056756e-05 0.010612871778178188 4.8305732648164495e-06 2.598601544457741e-06 1.1827840200970664e-09 0.020409368804188824 9.289563970800865e-06 0.11928137833068485 2.32999711726142e-05
59650.4846025059 0.13964654770636598 2.136532515799386e-05 0.010599721866525535 4.829213696117e-06 2.5953817391642927e-06 1.1824511245909273e-09 0.020384080512549106 9.286949415609616e-06 0.11926246719381686 2.3296449269253397e-05
