WASP80b/WASP80b_WLP4/Results/ROEBA_Results/ApertureSweep_Results/WASP80b_WLP4_nrca3_level3_asn_phot.ecsv
# %ECSV 0.9
# ---
# datatype:
# - {name: MJD, datatype: float64}
# - {name: aperture_sum, unit: Jy, datatype: float64}
# - {name: aperture_sum_err, unit: Jy, datatype: float64}
# - {name: annulus_sum, unit: Jy, datatype: float64}
# - {name: annulus_sum_err, unit: Jy, datatype: float64}
# - {name: annulus_mean, unit: Jy, datatype: float64}
# - {name: annulus_mean_err, unit: Jy, datatype: float64}
# - {name: aperture_bkg, unit: Jy, datatype: float64}
# - {name: aperture_bkg_err, unit: Jy, datatype: float64}
# - {name: net_aperture_sum, unit: Jy, datatype: float64}
# - {name: net_aperture_sum_err, unit: Jy, datatype: float64}
# meta: !!omap
# - {instrument: NIRCAM}
# - {detector: NRCA3}
# - {channel: SHORT}
# - {subarray: SUBGRISM256}
# - {filter: WLP4}
# - {pupil: CLEAR}
# - {target_name: UNKNOWN}
# - {xcenter: 1055.75}
# - {ycenter: 166.5}
# - ra_icrs: !numpy.ndarray
#     buffer: !!binary |
#       N3hKNXpxcnlja0E9
#     dtype: float64
#     order: C
#     shape: !!python/tuple []
# - dec_icrs: !numpy.ndarray
#     buffer: !!binary |
#       OGpMa01hd25BY0E9
#     dtype: float64
#     order: C
#     shape: !!python/tuple []
# - {apertures: Photometry measured in a circular aperture of r=29.0 pixels.  Background calculated as the mean in a circular annulus
#     with r_inner=80.0 pixels and r_outer=100.0 pixels.}
# - {number_of_integrations: 1227}
# - __serialized_columns__:
#     annulus_mean:
#       __class__: astropy.units.quantity.Quantity
#       unit: &id001 !astropy.units.Unit {unit: Jy}
#       value: !astropy.table.SerializedColumn {name: annulus_mean}
#     annulus_mean_err:
#       __class__: astropy.units.quantity.Quantity
#       unit: *id001
#       value: !astropy.table.SerializedColumn {name: annulus_mean_err}
#     annulus_sum:
#       __class__: astropy.units.quantity.Quantity
#       unit: *id001
#       value: !astropy.table.SerializedColumn {name: annulus_sum}
#     annulus_sum_err:
#       __class__: astropy.units.quantity.Quantity
#       unit: *id001
#       value: !astropy.table.SerializedColumn {name: annulus_sum_err}
#     aperture_bkg:
#       __class__: astropy.units.quantity.Quantity
#       unit: *id001
#       value: !astropy.table.SerializedColumn {name: aperture_bkg}
#     aperture_bkg_err:
#       __class__: astropy.units.quantity.Quantity
#       unit: *id001
#       value: !astropy.table.SerializedColumn {name: aperture_bkg_err}
#     aperture_sum:
#       __class__: astropy.units.quantity.Quantity
#       unit: *id001
#       value: !astropy.table.SerializedColumn {name: aperture_sum}
#     aperture_sum_err:
#       __class__: astropy.units.quantity.Quantity
#       unit: *id001
#       value: !astropy.table.SerializedColumn {name: aperture_sum_err}
#     net_aperture_sum:
#       __class__: astropy.units.quantity.Quantity
#       unit: *id001
#       value: !astropy.table.SerializedColumn {name: net_aperture_sum}
#     net_aperture_sum_err:
#       __class__: astropy.units.quantity.Quantity
#       unit: *id001
#       value: !astropy.table.SerializedColumn {name: net_aperture_sum_err}
# schema: astropy-2.0
MJD aperture_sum aperture_sum_err annulus_sum annulus_sum_err annulus_mean annulus_mean_err aperture_bkg aperture_bkg_err net_aperture_sum net_aperture_sum_err
[from data line 950]
59852.39049021933 0.24808067917769194 6.662800219999644e-05 0.0011386973955963744 1.3562636601818747e-05 1.0068295510835023e-07 1.199200364743622e-09 0.0002660123638045975 3.168382606147102e-06 0.24781466681388734 6.670329321331643e-05
59852.3906928463 0.24795342860596442 6.661851404508947e-05 0.0011406098200072681 1.359396010045833e-05 1.0085205055184098e-07 1.2019699701010786e-09 0.0002664591273961424 3.1757001234681823e-06 0.24768696947856828 6.669416379901603e-05
59852.39089547326 0.24817384908841755 6.664142197817295e-05 0.0012159921395114945 1.35624168896823e-05 1.0751731098007998e-07 1.199180937925526e-09 0.0002840692748136575 3.1683312789507818e-06 0.24788977981360388 6.671669540951567e-05
59852.391098100234 0.24818130465999969 6.663521593033263e-05 0.0011796578124771136 1.3545038886032854e-05 1.0430465111816931e-07 1.1976443850467047e-09 0.00027558117230368125 3.164271584209342e-06 0.24790572348769602 6.671030367747317e-05
59852.3913007272 0.24816232723758636 6.663549943239815e-05 0.0011328634688449538 1.3547255350221202e-05 1.001671227305032e-07 1.1978403635087945e-09 0.00026464949369405725 3.1647893748711196e-06 0.2478976777438923 6.67106114227147e-05
59852.39150335416 0.2480475597507902 6.664308675436531e-05 0.001136623701028066 1.3563180960591413e-05 1.0049960025223405e-07 1.1992484966266693e-09 0.0002655279257123898 3.1685097744048274e-06 0.24778203182507783 6.671836678411994e-05
59852.391705981136 0.24798716453721176 6.661946945078831e-05 0.0011346080284887073 1.3552692547804601e-05 1.0032137566984877e-07 1.198321117326553e-09 0.00026505704221083413 3.1660595646399083e-06 0.24772210749500093 6.669465977926092e-05
59852.3919086081 0.2480878073396133 6.662650607937418e-05 0.0010221322242401779 1.3556772716549287e-05 9.037633110074329e-08 1.1986818834512007e-09 0.00023878144460721934 3.1670127373938753e-06 0.2478490258950061 6.670173372577131e-05
59852.39211123507 0.24800899925162603 6.66243277160261e-05 0.0010977639632875512 1.3545014247506156e-05 9.706364505853539e-08 1.197642206522641e-09 0.0002564498592013418 3.1642658283757434e-06 0.2477525493924247 6.669942744765558e-05
59852.39231386204 0.24798126702923343 6.662507856863443e-05 0.0012347946779163517 1.3545071139371383e-05 1.09179820385529e-07 1.1976472368679592e-09 0.0002884617567021255 3.164279118947593e-06 0.2476928052725313 6.670017808536436e-05
59852.392516489 0.24811026330933938 6.662993436257755e-05 0.001095930203242477 1.3545011227953212e-05 9.690150507208096e-08 1.1976419395355428e-09 0.0002560214724797009 3.1642651229746256e-06 0.2478542418368597 6.670502774851282e-05
59852.392719115975 0.2480610869002483 6.662552695267582e-05 0.0011051191798344417 1.355187182003315e-05 9.771398898684035e-08 1.198248549058909e-09 0.00025816811951132377 3.1658678335133e-06 0.24780291878073699 6.67007013520923e-05
59852.39292174294 0.2480324230951798 6.662624404930236e-05 0.0010461059333289678 1.3562998042546775e-05 9.24960723817033e-08 1.1992323231205666e-09 0.0002443819694249061 3.168467042717177e-06 0.2477880411257549 6.67015410580444e-05
59852.393124369904 0.24801947496105126 6.662656952960964e-05 0.0010964211918552743 1.3545000758183492e-05 9.694491799693013e-08 1.1976410138046517e-09 0.00025613617287507934 3.1642626771200885e-06 0.2477633387881762 6.670166658767773e-05
59852.39332699688 0.24820916843919016 6.663598236973581e-05 0.0012244560407288609 1.3575122002712848e-05 1.0826568415596075e-07 1.200304316559611e-09 0.0002860465361813811 3.1712993345226404e-06 0.24792312190300878 6.67114029671756e-05
59852.39352962384 0.24819450320683983 6.663461877774664e-05 0.0012340851678745103 1.3545067801225405e-05 1.0911708592423323e-07 1.197646941711052e-09 0.00028829600727290646 3.1642783391196017e-06 0.24790620719956694 6.670970751744491e-05
59852.39373225081 0.24800215829548644 6.661982785439709e-05 0.0011206587471113633 1.3545023329830657e-05 9.908798840107987e-08 1.1976430095764405e-09 0.0002617983350890713 3.1642679501076616e-06 0.24774035996039737 6.669493275361765e-05
59852.39393487778 0.24816295676387087 6.663386929888695e-05 0.001186484365255454 1.3594185363984059e-05 1.0490825090647519e-07 1.2019898877697552e-09 0.000277175930883288 3.1757527475307203e-06 0.2478857808329876 6.670950414487128e-05
59852.39413750474 0.24805317220598816 6.662645662688955e-05 0.0010964646468683789 1.3551461693025692e-05 9.694876026367332e-08 1.1982122858697243e-09 0.0002561463244489741 3.1657720232873907e-06 0.24779702588153918 6.67016254311559e-05
59852.394340131716 0.2480782043487937 6.663136137199238e-05 0.0011116594551140071 1.3561400019736163e-05 9.829227628679843e-08 1.1990910268819653e-09 0.00025969600048635555 3.1680937268328093e-06 0.24781850834830735 6.670663487350442e-05
59852.39454275868 0.2480784271660702 6.664846458007068e-05 0.0010545368801831618 1.3545019932249453e-05 9.324153175214222e-08 1.1976427091643055e-09 0.0002463515322872331 3.164267156394942e-06 0.24783207563378298 6.672353720777981e-05
59852.394745385645 0.2478992058271085 6.661712338424588e-05 0.0010961292815278843 1.3555618489750295e-05 9.691910745718364e-08 1.1985798273953626e-09 0.000256067979379153 3.166743097188889e-06 0.24764313784772934 6.669234881030531e-05
59852.39494801262 0.2481085299097171 6.663137913823615e-05 0.0012556486270853522 1.3563549967756036e-05 1.110237143262143e-07 1.1992811240234948e-09 0.0002933334709385503 3.168595978578563e-06 0.24781519643877856 6.67066764749889e-05
59852.39515063958 0.2479339945479384 6.663114812936262e-05 0.0010966094480394934 1.3563396347134517e-05 9.696156349820018e-08 1.1992675409783418e-09 0.00025618015161144833 3.1685600910944804e-06 0.24767781439632697 6.670644402220779e-05
59852.39535326655 0.24802845440405427 6.662604463409687e-05 0.0011453943741084635 1.3555933411808934e-05 1.0127509801611644e-07 1.1986076726188741e-09 0.00026757685239589383 3.1668166664809203e-06 0.24776087755165838 6.670126349165936e-05
59852.39555589352 0.2480850988742639 6.662417085554861e-05 0.0011733452230490785 1.3545042548006767e-05 1.0374649566751296e-07 1.1976447088362879e-09 0.0002741064812734097 3.1642724396871364e-06 0.24781099239299048 6.669927107744054e-05
59852.395758520484 0.2482083205554145 6.663473298077783e-05 0.0011778161118681128 1.3562834877452043e-05 1.0414180903171497e-07 1.1992178961586964e-09 0.00027515093057807856 3.1684289255381025e-06 0.2479331696248364 6.671001859747715e-05
59852.39596114746 0.24810127610282728 6.662978600686969e-05 0.0009765068752056686 1.3562175503135252e-05 8.634216452900152e-08 1.1991595946687712e-09 0.00022812285612443535 3.1682748883713187e-06 0.24787315324670284 6.670506989044785e-05
59852.39616377442 0.24809433837097442 6.664751061663115e-05 0.001141960620974086 1.3551030449684787e-05 1.0097148758017562e-07 1.1981741555867351e-09 0.0002667746895108906 3.165671280051363e-06 0.24782756368146353 6.672265092191185e-05
59852.396366401386 0.24807668671559185 6.66271338052246e-05 0.0010187903250915714 1.3550188541620387e-05 9.008084234029033e-08 1.198099714570025e-09 0.0002380007398338921 3.165474600972985e-06 0.24783868597575795 6.670228773099697e-05
59852.39656902836 0.24812182934496047 6.663229595053058e-05 0.0011452060279221311 1.355208807005193e-05 1.0125844455691239e-07 1.1982676697585937e-09 0.0002675328526340312 3.165918351920465e-06 0.24785429649232643 6.670746511935618e-05
59852.39677165532 0.24816093405759948 6.66313941967666e-05 0.0012196489054126733 1.3578009628263262e-05 1.078406400739147e-07 1.200559638715248e-09 0.00028492353595890505 3.1719739159359454e-06 0.24787601052164057 6.670685205530448e-05
59852.39697428229 0.2479364177295112 6.662114513771857e-05 0.001185901093711929 1.3564858307380125e-05 1.0485667837907694e-07 1.1993968066448374e-09 0.0002770396721699256 3.168901621251857e-06 0.24765937805734126 6.669646854928779e-05
59852.39717690926 0.2481259191625885 6.66304470366471e-05 0.0011386151345782031 1.3550662015498972e-05 1.0067568163742483e-07 1.1981415788523592e-09 0.00026599314671674136 3.165585209731843e-06 0.24785992601587176 6.67056024785288e-05
59852.397379536225 0.24809742744477709 6.663114441088435e-05 0.0011946869719969611 1.355611404252386e-05 1.0563352057822507e-07 1.1986236438806269e-09 0.000279092150958179 3.1668588638229354e-06 0.24781833529381891 6.670635952116934e-05
59852.3975821632 0.2480708462987029 6.662585648094885e-05 0.0011461541926940791 1.3562616723078307e-05 1.0134228072931301e-07 1.1991986070770644e-09 0.0002677543544599224 3.1683779622524598e-06 0.247803091944243 6.670114969572623e-05
59852.39778479016 0.24814215979552556 6.663381359309675e-05 0.0010920877603721657 1.354499649039075e-05 9.65617585296597e-08 1.1976406364489233e-09 0.00025512383513138647 3.1642616801162835e-06 0.2478870359603942 6.67089024489222e-05
59852.39798741713 0.24811084808475942 6.662952335059129e-05 0.0012377253782294342 1.3552072827234433e-05 1.0943895118638902e-07 1.198266321997621e-09 0.0002891464008585984 3.165914791028933e-06 0.24782170168390083 6.670469547483929e-05
59852.3981900441 0.24807636433504135 6.662861599815023e-05 0.0012261533350164016 1.3554134911034578e-05 1.0841575792026282e-07 1.1984486502364336e-09 0.00028644304298577607 3.1663965167166893e-06 0.24778992129205557 6.670381201048435e-05
59852.398392671064 0.24808945923359016 6.66270020006523e-05 0.001097817459905756 1.3545004090069968e-05 9.706837519810538e-08 1.1976413084080974e-09 0.0002564623566057613 3.1642634554857895e-06 0.2478329968769844 6.67020986087443e-05
59852.39859529803 0.24812868515432918 6.662981306028311e-05 0.0011558114297967241 1.3545023965354901e-05 1.0219616796347767e-07 1.1976430657691211e-09 0.00027001039234973473 3.164268098573187e-06 0.24785867476197945 6.67049067239279e-05
59852.398797925 0.2481279380684134 6.663473085359879e-05 0.001144546631444479 1.3555930386032684e-05 1.0120014110753698e-07 1.198607405081515e-09 0.0002673788102902241 3.166815959625969e-06 0.24786055925812317 6.670993988345134e-05
59852.399000551966 0.24798078053633765 6.662349337956766e-05 0.0011784655008371192 1.3545043905879229e-05 1.0419922762305203e-07 1.1976448288985737e-09 0.0002753026350566715 3.1642727569012314e-06 0.24770547790128097 6.66985943793223e-05
59852.39920317894 0.24807024855574622 6.662876813985573e-05 0.0012393928982283395 1.3570547446501633e-05 1.0958639232557256e-07 1.1998998369854628e-09 0.00028953595205834264 3.170230667363298e-06 0.24778071260368786 6.670414609541858e-05
59852.3994058059 0.24811716283333904 6.663616200615508e-05 0.0012256802494569484 1.3545056543076678e-05 1.0837392797287817e-07 1.1976459462721518e-09 0.00028633252494258157 3.164275709090968e-06 0.24783083030839645 6.671124888408018e-05
59852.39960843287 0.2481579810518381 6.663115626995735e-05 0.0011847276579835388 1.354504718942607e-05 1.0475292388098032e-07 1.1976451192278572e-09 0.00027676554454559893 3.1642735239742566e-06 0.2478812155072925 6.670624867886066e-05
59852.39981105984 0.24800259345705017 6.663462420027621e-05 0.0011212396952637003 1.354504133426876e-05 9.91393554955935e-08 1.197644601518286e-09 0.00026193405103243665 3.164272156144452e-06 0.24774065940601772 6.67097126405907e-05
59852.400013686805 0.24815786758579916 6.666699995157276e-05 0.0011945432837180716 1.354503670456994e-05 1.0562081574497526e-07 1.1976441921630348e-09 0.00027905858377969396 3.164271074595367e-06 0.24787880900201947 6.674205191613847e-05
59852.40021631377 0.2480437976046498 6.662632368307357e-05 0.0011552438014676542 1.3545023436503702e-05 1.021459785999163e-07 1.1976430190084086e-09 0.00026987778806508256 3.1642679750276704e-06 0.24777391981658473 6.670142126926139e-05
59852.40041894074 0.2482887584531361 6.664271013955833e-05 0.0011341533757772367 1.3575444569680114e-05 1.002811755440595e-07 1.2003328377414546e-09 0.0002649508302857378 3.1713746897502715e-06 0.24802380762285037 6.671812671356997e-05
59852.40062156771 0.2480572992183191 6.662546649365838e-05 0.001190000350091834 1.3565732456842728e-05 1.05219132221223e-07 1.1994740984270456e-09 0.0002779973040075646 3.169105832279093e-06 0.24777930191431152 6.670079472745269e-05
59852.40082419468 0.24802278750595075 6.662672055403812e-05 0.001138357591263385 1.3552086674694765e-05 1.0065290980875061e-07 1.1982675463819326e-09 0.00026593298173680744 3.1659180259495274e-06 0.24775685452421395 6.670189599054076e-05
59852.401026821644 0.24807685115622155 6.662539009969637e-05 0.0012065277613417238 1.3555057531075938e-05 1.0668047621951885e-07 1.1985302277587547e-09 0.00028185829091344157 3.1666120510096846e-06 0.24779499286530812 6.67005999809471e-05
59852.40122944861 0.24803508224386472 6.662685240866692e-05 0.0012092487848968615 1.3545096707013577e-05 1.0692106752455755e-07 1.1976494975438693e-09 0.00028249395224951685 3.164285091832894e-06 0.2477525882916152 6.670195021158437e-05
59852.40143207558 0.2481225542121407 6.663653490334207e-05 0.0012335075520251537 1.3550591607122929e-05 1.0906601346999248e-07 1.1981353533850914e-09 0.00028816106979254283 3.1655687615528846e-06 0.24783439314234815 6.671168270631798e-05
59852.401634702546 0.24815426061076867 6.663036591244995e-05 0.0012195574033028534 1.3552231703464343e-05 1.0783254951109182e-07 1.1982803697405818e-09 0.000284902160049361 3.165951906281531e-06 0.2478693584507193 6.670553884873324e-05
59852.40183732951 0.24811926688848474 6.662861665593348e-05 0.001253181298160919 1.3545082333049119e-05 1.1080555455146034e-07 1.1976482266063719e-09 0.00029275707548703697 3.1642817339150857e-06 0.2478265098129977 6.670371231329577e-05
59852.40203995648 0.24801471355217516 6.668776561429433e-05 0.001092129531696164 1.3545018923893624e-05 9.656545192560072e-08 1.1976426200060751e-09 0.0002551335933767983 3.164266920831816e-06 0.24775957995879835 6.676279403809676e-05
59852.40224258345 0.24803662638069654 6.663956194063481e-05 0.001063460453140192 1.3567317784008693e-05 9.403054883333806e-08 1.1996142721242018e-09 0.000248436178080806 3.169476182319809e-06 0.24778819020261572 6.671489185264408e-05
59852.40244521041 0.24807336055270096 6.663815884578842e-05 0.0011684504062622514 1.3560683737323204e-05 1.0331369884131701e-07 1.1990276936115917e-09 0.00027296299768515375 3.1679263953024483e-06 0.24780039755501582 6.671341673158843e-05
59852.402647837385 0.24805502892262066 6.662420103029662e-05 0.0011374385710736553 1.3545055335845626e-05 1.0057165058319687e-07 1.1976458395294912e-09 0.00026571828840915113 3.1642754270683812e-06 0.2477893106342115 6.669930135993724e-05
59852.40285046435 0.24815248395511302 6.663404066764629e-05 0.00117545951034802 1.3550791156307365e-05 1.0393343970903683e-07 1.1981529974068096e-09 0.00027460040227852354 3.1656153784595818e-06 0.2478778835528345 6.670919349251555e-05
59852.40305309132 0.24806855432918956 6.662170474543059e-05 0.0011232087913377476 1.3545026634368842e-05 9.931346181426432e-08 1.1976433017617665e-09 0.0002623940537541794 3.164268722084499e-06 0.2478061602754354 6.669680756777562e-05
59852.40325571829 0.24809683303217772 6.663154749219701e-05 0.001058519621159905 1.3567255375426134e-05 9.359368337075516e-08 1.1996087539939764e-09 0.0002472819448320778 3.169461602981494e-06 0.24784955108734563 6.670688576194874e-05
59852.40345834525 0.2482578950176765 6.664272876922935e-05 0.001232498474594558 1.3553133408636613e-05 1.0897679143608039e-07 1.1983600979824587e-09 0.00028792533809278426 3.16616255462872e-06 0.24796996967958373 6.67178977721226e-05
59852.403660972224 0.24812685960607905 6.663330902692677e-05 0.0011473940498306734 1.3597056147833503e-05 1.0145190816932231e-07 1.2022437207920815e-09 0.00026804399886322123 3.1764233945355486e-06 0.24785881560721584 6.6708976438402e-05
59852.40386359919 0.2480513654894211 6.662519130454964e-05 0.0011047525970523451 1.3568804254278312e-05 9.768157595249421e-08 1.199745704952629e-09 0.00025808248170028396 3.169823438291128e-06 0.24779328300772083 6.670055394820779e-05
