WASP80b/WASP80b_WLP4/Results/ROEBA_Results/ApertureSweep_Results/WASP80b_WLP4_nrca3_level3_asn_phot.ecsv
# %ECSV 0.9
# ---
# datatype:
# - {name: MJD, datatype: float64}
# - {name: aperture_sum, unit: Jy, datatype: float64}
# - {name: aperture_sum_err, unit: Jy, datatype: float64}
# - {name: annulus_sum, unit: Jy, datatype: float64}
# - {name: annulus_sum_err, unit: Jy, datatype: float64}
# - {name: annulus_mean, unit: Jy, datatype: float64}
# - {name: annulus_mean_err, unit: Jy, datatype: float64}
# - {name: aperture_bkg, unit: Jy, datatype: float64}
# - {name: aperture_bkg_err, unit: Jy, datatype: float64}
# - {name: net_aperture_sum, unit: Jy, datatype: float64}
# - {name: net_aperture_sum_err, unit: Jy, datatype: float64}
# meta: !!omap
# - {instrument: NIRCAM}
# - {detector: NRCA3}
# - {channel: SHORT}
# - {subarray: SUBGRISM256}
# - {filter: WLP4}
# - {pupil: CLEAR}
# - {target_name: UNKNOWN}
# - {xcenter: 1055.75}
# - {ycenter: 166.5}
# - ra_icrs: !numpy.ndarray
#     buffer: !!binary |
#       N3hKNXpxcnlja0E9
#     dtype: float64
#     order: C
#     shape: !!python/tuple []
# - dec_icrs: !numpy.ndarray
#     buffer: !!binary |
#       OGpMa01hd25BY0E9
#     dtype: float64
#     order: C
#     shape: !!python/tuple []
# - {apertures: Photometry measured in a circular aperture of r=29.0 pixels.  Background calculated as the mean in a circular annulus
#     with r_inner=80.0 pixels and r_outer=100.0 pixels.}
# - {number_of_integrations: 1227}
# - __serialized_columns__:
#     annulus_mean:
#       __class__: astropy.units.quantity.Quantity
#       unit: &id001 !astropy.units.Unit {unit: Jy}
#       value: !astropy.table.SerializedColumn {name: annulus_mean}
#     annulus_mean_err:
#       __class__: astropy.units.quantity.Quantity
#       unit: *id001
#       value: !astropy.table.SerializedColumn {name: annulus_mean_err}
#     annulus_sum:
#       __class__: astropy.units.quantity.Quantity
#       unit: *id001
#       value: !astropy.table.SerializedColumn {name: annulus_sum}
#     annulus_sum_err:
#       __class__: astropy.units.quantity.Quantity
#       unit: *id001
#       value: !astropy.table.SerializedColumn {name: annulus_sum_err}
#     aperture_bkg:
#       __class__: astropy.units.quantity.Quantity
#       unit: *id001
#       value: !astropy.table.SerializedColumn {name: aperture_bkg}
#     aperture_bkg_err:
#       __class__: astropy.units.quantity.Quantity
#       unit: *id001
#       value: !astropy.table.SerializedColumn {name: aperture_bkg_err}
#     aperture_sum:
#       __class__: astropy.units.quantity.Quantity
#       unit: *id001
#       value: !astropy.table.SerializedColumn {name: aperture_sum}
#     aperture_sum_err:
#       __class__: astropy.units.quantity.Quantity
#       unit: *id001
#       value: !astropy.table.SerializedColumn {name: aperture_sum_err}
#     net_aperture_sum:
#       __class__: astropy.units.quantity.Quantity
#       unit: *id001
#       value: !astropy.table.SerializedColumn {name: net_aperture_sum}
#     net_aperture_sum_err:
#       __class__: astropy.units.quantity.Quantity
#       unit: *id001
#       value: !astropy.table.SerializedColumn {name: net_aperture_sum_err}
# schema: astropy-2.0
MJD aperture_sum aperture_sum_err annulus_sum annulus_sum_err annulus_mean annulus_mean_err aperture_bkg aperture_bkg_err net_aperture_sum net_aperture_sum_err
[from data line 543]
59852.30802104352 0.2408358701601186 6.578222955273503e-05 0.0009418754638531221 1.3547978192723695e-05 8.328007547177566e-08 1.1979042768184326e-09 0.00022003257363902102 3.164958238911285e-06 0.24061583758647956 6.585832282698049e-05
59852.30822367049 0.2409465887205911 6.57155280542212e-05 0.001070295539973773 1.3532511302186083e-05 9.463490319779735e-08 1.1965367034388093e-09 0.0002500329303105397 3.16134500142736e-06 0.24069655579028057 6.579152475557307e-05
59852.30842629745 0.24088583373976746 6.570999406390395e-05 0.001150625219913407 1.3532530609701995e-05 1.0173760633078771e-07 1.1965384105980293e-09 0.00026879883609643763 3.1613495118776047e-06 0.24061703490367103 6.578599737493185e-05
59852.308628924424 0.24068945958162957 6.569829829618211e-05 0.0010569406774850916 1.3559570939679803e-05 9.345407409813836e-08 1.1989293006973649e-09 0.0002469130860458228 3.1676664334085315e-06 0.24044254649558375 6.577461903840621e-05
59852.30883155139 0.24081339576904937 6.571115996813278e-05 0.0011649115151574243 1.3532521658022972e-05 1.0300079216776302e-07 1.1965376190958263e-09 0.00027213627340205384 3.1613474206659222e-06 0.2405412594956473 6.578716183171066e-05
59852.30903417835 0.24076253780406912 6.570349846547719e-05 0.0010806610633187239 1.3545602525477463e-05 9.555141668562146e-08 1.1976942217154442e-09 0.0002524544317364019 3.164403256646263e-06 0.2405100833723327 6.577965611474142e-05
59852.309236805326 0.2408075748339801 6.570459595187595e-05 0.0010038509389939728 1.3537867903939229e-05 8.875991059351747e-08 1.1970103310205802e-09 0.0002345107332483142 3.162596363114692e-06 0.2405730641007318 6.578066543411719e-05
59852.30943943229 0.24087825837799182 6.570981868877194e-05 0.0011739261099261832 1.3532521701718762e-05 1.0379785734410654e-07 1.1965376229593824e-09 0.0002742421829022 3.161347430873744e-06 0.24060401619508962 6.57858221024103e-05
59852.30964205926 0.24081286594610604 6.57081742151153e-05 0.0011926658481942333 1.3534616580510955e-05 1.0545481399833349e-07 1.1967228509121356e-09 0.00027861999398093063 3.1618368178360312e-06 0.2405342459521251 6.578420304865422e-05
59852.30984468623 0.24078718183755993 6.569929105214683e-05 0.0011634633708183428 1.3538757845213531e-05 1.0287274809561004e-07 1.1970890191055061e-09 0.00027179797079395174 3.1628042632846055e-06 0.24051538386676596 6.577537666606367e-05
59852.31004731319 0.24086212764143866 6.570524900792236e-05 0.0011968445245210488 1.3534834022305047e-05 1.0582429010555226e-07 1.1967420769878937e-09 0.00027959617920061166 3.161887614655151e-06 0.24058253146223804 6.57812836639784e-05
59852.310249940165 0.24060563889386252 6.569078788135653e-05 0.00105579335426001 1.3532478639247562e-05 9.335262845225176e-08 1.196533815400964e-09 0.00024664505859240787 3.161337371002e-06 0.24035899383527012 6.576681280438236e-05
59852.31045256713 0.24072944524801154 6.571504291570169e-05 0.0011474323207460934 1.3534780301601478e-05 1.0145529206119217e-07 1.1967373270348274e-09 0.0002680529393742957 3.161875064901901e-06 0.24046139230863725 6.579106564981726e-05
59852.310655194095 0.2406377436554617 6.569265823288029e-05 0.0011689438879391829 1.3539208213875544e-05 1.0335733220143308e-07 1.197128840438158e-09 0.0002730782804880147 3.162909474408148e-06 0.2403646653749737 6.576875657974168e-05
59852.31085782107 0.24070752429098957 6.569789190028188e-05 0.0011495724322301473 1.3532498103922288e-05 1.0164451946200045e-07 1.1965355364560742e-09 0.0002685528931959872 3.1613419181662903e-06 0.24043897139779358 6.577390883066536e-05
59852.31106044803 0.24070445077262648 6.569463358961191e-05 0.0011445242923796718 1.3559607383490767e-05 1.0119816590054359e-07 1.1989325230377316e-09 0.0002673735916364733 3.1676749470877044e-06 0.24043707718099 6.577095899440552e-05
59852.311263075 0.24074911425062417 6.569674044085119e-05 0.001140605864503148 1.3541194995228231e-05 1.0085170080848922e-07 1.1973045104787817e-09 0.0002664582033464298 3.163373608607484e-06 0.24048265604727775 6.57728563857478e-05
59852.31146570197 0.24068093229154153 6.569662949668728e-05 0.0012007950552918884 1.3532541530401506e-05 1.0617359371667213e-07 1.1965393761998678e-09 0.0002805190670834662 3.161352063074352e-06 0.24040041322445807 6.577264837371007e-05
59852.31166832893 0.24086987298674356 6.5707457992603e-05 0.0011618056540674776 1.3548720443953484e-05 1.0272617375386203e-07 1.197969906236342e-09 0.0002714107097418746 3.1651316370458e-06 0.24059846227700168 6.578364609938793e-05
59852.311870955906 0.24064858032309808 6.569769689833851e-05 0.0010036012307231492 1.3532478255315633e-05 8.873783153483274e-08 1.1965337814539282e-09 0.00023445239862171348 3.1613372813112356e-06 0.24041412792447636 6.577371383122718e-05
59852.31207358287 0.24064073937286165 6.569345334338134e-05 0.0011237418917044578 1.3532921536591265e-05 9.936059823566767e-08 1.1965729761240376e-09 0.0002625185919231803 3.1614408367425707e-06 0.24037822078093848 6.576948015868184e-05
59852.312276209836 0.24055478576833608 6.570277241124198e-05 0.0011012919298028236 1.3567474788821181e-05 9.737558578629555e-08 1.1996281543975332e-09 0.0002572740313789374 3.1695128603885035e-06 0.24029751173695715 6.57791769049722e-05
59852.31247883681 0.24061422760749562 6.568819836475818e-05 0.0010884017223472024 1.353946937775671e-05 9.62358412118277e-08 1.1971519323951826e-09 0.000254262735692777 3.162970485192609e-06 0.24035996487180283 6.576430480661998e-05
59852.31268146377 0.24069910566585817 6.569504792088621e-05 0.0011349978206556853 1.3532519720549898e-05 1.0035584086437824e-07 1.1965374477855948e-09 0.00026514810199206425 3.1613469680506846e-06 0.2404339575638661 6.577106838101338e-05
59852.31288409074 0.2406076085167358 6.568764750282138e-05 0.001067624399559841 1.3532473788045635e-05 9.439872253081413e-08 1.196533386460538e-09 0.0002494089222305073 3.1613362377073273e-06 0.24035819959450527 6.576367600174703e-05
59852.31308671771 0.24062640850201128 6.568826384294775e-05 0.0009984663410526145 1.356731085168274e-05 8.828380760522324e-08 1.1996136591720116e-09 0.0002332528313403469 3.1694745628514406e-06 0.24039315567067093 6.576468334680308e-05
59852.313289344675 0.24053752822787883 6.568799199620824e-05 0.0011488943227437591 1.3534078359104615e-05 1.0158456141938035e-07 1.1966752616914152e-09 0.00026839447928541705 3.161711083335273e-06 0.2402691337485934 6.576403811710777e-05
59852.31349197165 0.24065331391303213 6.569041131910732e-05 0.0010586967333100527 1.353741970488288e-05 9.360934352307608e-08 1.1969707015231876e-09 0.0002473233201982651 3.16249165883514e-06 0.24040599059283385 6.576649217318577e-05
59852.31369459861 0.2405416862770168 6.568160632602083e-05 0.0010097060278111097 1.3532493371846844e-05 8.927761410878937e-08 1.196535118048742e-09 0.0002358785470525398 3.161340812700888e-06 0.24030580772996427 6.575764202965636e-05
59852.31389722558 0.24061232657953274 6.568837859526763e-05 0.0010694024273080354 1.3532494422709422e-05 9.455593470030285e-08 1.196535210965394e-09 0.0002498242892683494 3.1613410581940626e-06 0.2403625022902644 6.576440648072055e-05
59852.31409985255 0.24053961655266748 6.568654314077526e-05 0.0011956662249895517 1.355311191687287e-05 1.057201055528408e-07 1.198358197693328e-09 0.00027932091533783694 3.166157533913912e-06 0.24026029563732965 6.576280486197718e-05
59852.31430247951 0.2405542410577708 6.568541516730622e-05 0.0011257773570528275 1.35325044983686e-05 9.954057288660394e-08 1.1965361018492624e-09 0.0002629940992448411 3.1613434119799982e-06 0.24029124695852594 6.57614465919801e-05
59852.31450510648 0.24065443271206086 6.569740205526684e-05 0.0011459333604730126 1.3534796737208099e-05 1.0132275487399261e-07 1.1967387802615143e-09 0.00026770276559938985 3.161878904442225e-06 0.24038672994646146 6.577344536374642e-05
59852.31470773345 0.24066391241196022 6.576845682444382e-05 0.0011504236577891238 1.3532813502770235e-05 1.0171978432611004e-07 1.1965634238370164e-09 0.00026875174894462584 3.161415598841602e-06 0.2403951606630156 6.584439582574457e-05
59852.314910360416 0.24062915769112114 6.568755178442132e-05 0.0011307973891672546 1.3534963463248928e-05 9.998444117854347e-08 1.1967535220801477e-09 0.00026416683452490586 3.1619178534978746e-06 0.24036499085659624 6.576360835555864e-05
59852.31511298739 0.240512558154786 6.567900693898573e-05 0.0010563586331502805 1.3532471064362963e-05 9.340261007981403e-08 1.1965331456341155e-09 0.0002467771140220517 3.1613356014247925e-06 0.24026578104076396 6.575504539787172e-05
59852.31531561435 0.2403873059779898 6.567582174193614e-05 0.0010879789998497272 1.3532504728613795e-05 9.619846433681142e-08 1.1965361222074073e-09 0.00025416398302045016 3.161343465767834e-06 0.24013314199496935 6.575186426244601e-05
59852.31551824132 0.24042147568011457 6.567808282922669e-05 0.0011441942575648083 1.3560949570407636e-05 1.0116898441600028e-07 1.1990511984168277e-09 0.00026729649183666773 3.1679884968646726e-06 0.24015417918827792 6.575444255135183e-05
59852.31572086829 0.24040413506352232 6.567223928262536e-05 0.0010170155028556914 1.353249936476916e-05 8.992391360031826e-08 1.1965356479394142e-09 0.00023758612163934345 3.161342212714129e-06 0.24016654894188297 6.574828588625175e-05
59852.315923495255 0.2406111150205891 6.575280479568055e-05 0.00115124295083106 1.3545960896301123e-05 1.0179222573581278e-07 1.1977259086532471e-09 0.00026894314490247815 3.164486976052568e-06 0.24034217187568663 6.582890942678967e-05
59852.31612612222 0.24045555063018043 6.568007675542166e-05 0.001151258684862627 1.3532540906521026e-05 1.0179361692964537e-07 1.196539321036722e-09 0.0002689468205470748 3.1613519173289396e-06 0.24018660380963336 6.575611476161954e-05
59852.31632874919 0.24050634649797786 6.568560959090945e-05 0.0010587221901589131 1.3532463852938962e-05 9.36115944027048e-08 1.1965325080042396e-09 0.0002473292672010128 3.1613339167560187e-06 0.24025901723077686 6.57616403343363e-05
59852.31653137616 0.24045533865961308 6.567339569905092e-05 0.0011743378406701987 1.3598807769896367e-05 1.0383426233473597e-07 1.202398598186378e-09 0.0002743383677787881 3.176832592911901e-06 0.24018100029183428 6.575018758883892e-05
59852.31673400312 0.2404717039759339 6.567865015382172e-05 0.0010128526490324231 1.3537750087680405e-05 8.955583650957264e-08 1.1969999137761534e-09 0.00023661363273229662 3.1625688399275614e-06 0.2402350903432016 6.57547483281275e-05
59852.31693663009 0.24053691614307124 6.568955407353048e-05 0.00118973698269369 1.3532537791673341e-05 1.0519584543052083e-07 1.1965390456237187e-09 0.0002779357784570537 3.161351189665911e-06 0.24025898036461418 6.576558108709819e-05
59852.31713925706 0.2405110860724604 6.568002765379471e-05 0.0011624906353275989 1.3540253531673487e-05 1.027867393946807e-07 1.1972212668240715e-09 0.00027157072897514186 3.1631536722603895e-06 0.24023951534348528 6.575615236430407e-05
59852.31734188403 0.2404510219412746 6.567790601315495e-05 0.0011266053477487306 1.3538536169394053e-05 9.961378333776343e-08 1.1970694186597095e-09 0.0002631875270713007 3.1627524773501104e-06 0.2401878344142033 6.575401388132742e-05
59852.317544510996 0.24044185004246807 6.567527878390767e-05 0.0011400068893996649 1.3532519504561377e-05 1.0079873978154016e-07 1.1965374286880165e-09 0.00026631827610697727 3.161346917593366e-06 0.24017553176636108 6.575132209832264e-05
59852.31774713796 0.24051625773528826 6.568294058301325e-05 0.0011108901418270065 1.353773039678482e-05 9.822425405768043e-08 1.1969981727187276e-09 0.0002595162803545868 3.1625642399155647e-06 0.24025674145493367 6.57590335710862e-05
59852.31794976493 0.24048071220871883 6.568114788218962e-05 0.0010609197676691201 1.355237420315443e-05 9.380590291580313e-08 1.1982929694795078e-09 0.000247842645724925 3.165985195792466e-06 0.24023286956299392 6.575740756281408e-05
59852.3181523919 0.2404014475891078 6.567347231545417e-05 0.0010764008492998769 1.35324686084682e-05 9.517473106354985e-08 1.1965329284853426e-09 0.0002514591984058879 3.161335027700488e-06 0.24014998839070192 6.574951714747486e-05
59852.31835501886 0.24052637545101885 6.568568339133254e-05 0.0011462943292115152 1.3567971613931523e-05 1.0135467151790058e-07 1.1996720833820684e-09 0.00026778709190746787 3.169628924254559e-06 0.24025858835911137 6.576211333361976e-05
59852.318557645835 0.24033811924996534 6.566930473548661e-05 0.0011049260823489053 1.3532536872630987e-05 9.76969154205505e-08 1.1965389643625334e-09 0.0002581230097931748 3.161350974967406e-06 0.24007999624017218 6.574535515478742e-05
59852.3187602728 0.2404014867897487 6.570934211215775e-05 0.001075161183328521 1.354635907943052e-05 9.506512052625868e-08 1.1977611157717468e-09 0.0002511695986609128 3.164579996055852e-06 0.2401503171910878 6.578550149815706e-05
59852.31896289977 0.24040694503659393 6.567653019526176e-05 0.0011035434798200698 1.3542004232176919e-05 9.75746665167752e-08 1.1973760627346242e-09 0.00025780001848018855 3.1635626553502196e-06 0.24014914501811374 6.575267863109043e-05
59852.31916552674 0.24044558519706988 6.567796424355463e-05 0.0012218922170997687 1.353255509638776e-05 1.0803899237607973e-07 1.1965405756964067e-09 0.00028544759849469595 3.1613552322394737e-06 0.24016013759857519 6.575400485203961e-05
59852.3193681537 0.24038612842292834 6.56739052178782e-05 0.0011222312099399131 1.3532508041627392e-05 9.92270246410754e-08 1.1965364151421243e-09 0.0002621656798776297 3.161344239724621e-06 0.2401239627430507 6.574994999213984e-05
59852.31957078067 0.2403390132129083 6.570397270557733e-05 0.0011554307069930514 1.353249502979139e-05 1.0216250467672639e-07 1.1965352646432252e-09 0.0002699214512725434 3.1613412000151556e-06 0.24006909176163574 6.577998257432244e-05
59852.31977340764 0.24037291534339728 6.568000079071346e-05 0.0010998981547599505 1.3552986485702003e-05 9.725234901538924e-08 1.1983471071428494e-09 0.0002569484300425329 3.166128231798718e-06 0.24011596691335474 6.575626868860728e-05
59852.3199760346 0.240291804385079 6.566790424740931e-05 0.0010697448276169369 1.353248061199003e-05 9.458620953456832e-08 1.1965339898296947e-09 0.0002499042777849566 3.16133783185656e-06 0.24004190010729404 6.574395565475236e-05
59852.320178661575 0.24044948387879475 6.567533884549993e-05 0.001144617592466156 1.3532514689619409e-05 1.0120641543940739e-07 1.196537002953675e-09 0.00026739538757334367 3.1613457927694233e-06 0.2401820884912214 6.57513820363701e-05
59852.32038128854 0.24055219344602252 6.568255453442473e-05 0.0009355049430698687 1.3536077480362784e-05 8.271679776470652e-08 1.196852022819236e-09 0.00021854434920048877 3.1621781002736392e-06 0.24033364909682203 6.575862939953606e-05
59852.32058391551 0.24042707569466965 6.567697592054136e-05 0.0011106498572609042 1.355217035795981e-05 9.820300823743383e-08 1.1982749456070915e-09 0.0002594601472101168 3.165937575290056e-06 0.24016761554745952 6.575323814686241e-05
59852.32078654248 0.24038370066671202 6.567248419536435e-05 0.0011786094790665045 1.354694847249021e-05 1.0421195809355442e-07 1.19781322956001e-09 0.000275336269970814 3.1647176848234072e-06 0.24010836439674121 6.574869290271111e-05
59852.32098916944 0.24038512203591023 6.567392434126424e-05 0.0011356080065941347 1.3533097131182086e-05 1.0040979314677235e-07 1.1965885020946538e-09 0.0002652906482071298 3.161481857590037e-06 0.2401198313877031 6.574997571039832e-05
59852.321191796414 0.24045663876782974 6.568267831471844e-05 0.0011687299823131554 1.3532529171476222e-05 1.0333841879157895e-07 1.1965382834309509e-09 0.0002730283097570455 3.161349175892084e-06 0.2401836104580727 6.575871318089108e-05
59852.32139442338 0.24035806714557495 6.567085539227605e-05 0.001001936128373777 1.3543714257590761e-05 8.859060416280136e-08 1.1975272621776385e-09 0.00023406341221176292 3.163962136287175e-06 0.24012400373336318 6.574702962380195e-05
