WASP80b/WASP80b_WLP4/Results/ROEBA_Results/ApertureSweep_Results/WASP80b_WLP4_nrca3_level3_asn_phot.ecsv
# %ECSV 0.9
# ---
# datatype:
# - {name: MJD, datatype: float64}
# - {name: aperture_sum, unit: Jy, datatype: float64}
# - {name: aperture_sum_err, unit: Jy, datatype: float64}
# - {name: annulus_sum, unit: Jy, datatype: float64}
# - {name: annulus_sum_err, unit: Jy, datatype: float64}
# - {name: annulus_mean, unit: Jy, datatype: float64}
# - {name: annulus_mean_err, unit: Jy, datatype: float64}
# - {name: aperture_bkg, unit: Jy, datatype: float64}
# - {name: aperture_bkg_err, unit: Jy, datatype: float64}
# - {name: net_aperture_sum, unit: Jy, datatype: float64}
# - {name: net_aperture_sum_err, unit: Jy, datatype: float64}
# meta: !!omap
# - {instrument: NIRCAM}
# - {detector: NRCA3}
# - {channel: SHORT}
# - {subarray: SUBGRISM256}
# - {filter: WLP4}
# - {pupil: CLEAR}
# - {target_name: UNKNOWN}
# - {xcenter: 1055.75}
# - {ycenter: 166.5}
# - ra_icrs: !numpy.ndarray
#     buffer: !!binary |
#       N3hKNXpxcnlja0E9
#     dtype: float64
#     order: C
#     shape: !!python/tuple []
# - dec_icrs: !numpy.ndarray
#     buffer: !!binary |
#       OGpMa01hd25BY0E9
#     dtype: float64
#     order: C
#     shape: !!python/tuple []
# - {apertures: Photometry measured in a circular aperture of r=29.0 pixels.  Background calculated as the mean in a circular annulus
#     with r_inner=80.0 pixels and r_outer=100.0 pixels.}
# - {number_of_integrations: 1227}
# - __serialized_columns__:
#     annulus_mean:
#       __class__: astropy.units.quantity.Quantity
#       unit: &id001 !astropy.units.Unit {unit: Jy}
#       value: !astropy.table.SerializedColumn {name: annulus_mean}
#     annulus_mean_err:
#       __class__: astropy.units.quantity.Quantity
#       unit: *id001
#       value: !astropy.table.SerializedColumn {name: annulus_mean_err}
#     annulus_sum:
#       __class__: astropy.units.quantity.Quantity
#       unit: *id001
#       value: !astropy.table.SerializedColumn {name: annulus_sum}
#     annulus_sum_err:
#       __class__: astropy.units.quantity.Quantity
#       unit: *id001
#       value: !astropy.table.SerializedColumn {name: annulus_sum_err}
#     aperture_bkg:
#       __class__: astropy.units.quantity.Quantity
#       unit: *id001
#       value: !astropy.table.SerializedColumn {name: aperture_bkg}
#     aperture_bkg_err:
#       __class__: astropy.units.quantity.Quantity
#       unit: *id001
#       value: !astropy.table.SerializedColumn {name: aperture_bkg_err}
#     aperture_sum:
#       __class__: astropy.units.quantity.Quantity
#       unit: *id001
#       value: !astropy.table.SerializedColumn {name: aperture_sum}
#     aperture_sum_err:
#       __class__: astropy.units.quantity.Quantity
#       unit: *id001
#       value: !astropy.table.SerializedColumn {name: aperture_sum_err}
#     net_aperture_sum:
#       __class__: astropy.units.quantity.Quantity
#       unit: *id001
#       value: !astropy.table.SerializedColumn {name: net_aperture_sum}
#     net_aperture_sum_err:
#       __class__: astropy.units.quantity.Quantity
#       unit: *id001
#       value: !astropy.table.SerializedColumn {name: net_aperture_sum_err}
# schema: astropy-2.0
MJD aperture_sum aperture_sum_err annulus_sum annulus_sum_err annulus_mean annulus_mean_err aperture_bkg aperture_bkg_err net_aperture_sum net_aperture_sum_err
[from data line 1153]
59852.43162349375 0.24808529509935628 6.670522807288757e-05 0.001068721000534592 1.3553852674099393e-05 9.449568334510914e-08 1.1984236950123458e-09 0.0002496651004026644 3.166330583032664e-06 0.24783562999895362 6.67803346923104e-05
59852.431826120715 0.24817457088586206 6.671226932652259e-05 0.0011344000541586394 1.3569166123224135e-05 1.003029867017007e-07 1.1997777011923396e-09 0.00026500845709650437 3.169907974897638e-06 0.24790956242876555 6.678753772421773e-05
59852.43202874769 0.24808682450639652 6.670122218130905e-05 0.0011583719881518724 1.3553902847969804e-05 1.0242257102975385e-07 1.1984281313565068e-09 0.0002706085672321458 3.166342304206279e-06 0.24781621593916436 6.677633386213832e-05
59852.43223137465 0.24808485812624856 6.670620601737804e-05 0.0011738720188977302 1.3553924797805349e-05 1.0379307464713142e-07 1.1984300721480775e-09 0.000274229546636942 3.1663474319317497e-06 0.2478106285796116 6.67813123358068e-05
59852.43243400162 0.2481710888042771 6.671431172305997e-05 0.001173940907064012 1.3580069238225136e-05 1.0379916569834491e-07 1.2007417482187334e-09 0.00027424563967800946 3.1724550637075947e-06 0.2478968431645991 6.67896987552187e-05
59852.43263662859 0.24798948813247923 6.66990930030853e-05 0.0011171055512673147 1.355389270439625e-05 9.877381691088326e-08 1.1984272344676894e-09 0.0002609682690599477 3.1663399345547912e-06 0.2477285198634193 6.677420696657789e-05
59852.432839255554 0.24815237726363482 6.671299068173225e-05 0.0010967105369460667 0.0018389863340108241 9.697050171996291e-08 1.626020918534811e-07 0.00025620376710323395 0.00042960764080641757 0.2478961734965316 0.000434756653962831
59852.43304188253 0.24812910746273792 6.673382110175588e-05 0.0011889866842304424 1.3556392888977098e-05 1.0512950448095411e-07 1.1986482993202915e-09 0.00027776050039938946 3.1669240054527055e-06 0.24785134696233854 6.680892370407917e-05
59852.43324450949 0.24804668933731838 6.671258731982333e-05 0.0011881066888433573 1.3571068359298556e-05 1.0505169580553597e-07 1.1999458957891018e-09 0.0002775549236992399 3.1703523583805795e-06 0.24776913441361914 6.678787645210276e-05
59852.43344713646 0.2480702646939236 6.670407945164744e-05 0.0011471722160865845 1.3558799344678645e-05 1.0143229375992435e-07 1.198861076720421e-09 0.0002679921760357827 3.1674861802429837e-06 0.2478022725178878 6.67792421654643e-05
59852.43364976343 0.24807557325315016 6.670535153493932e-05 0.0010892755938233698 1.355385048375726e-05 9.631310841463829e-08 1.1984235013435805e-09 0.00025446688177929277 3.1663300713444044e-06 0.24782110637137086 6.67804579912457e-05
59852.43385239039 0.24799725645311546 6.669496368992713e-05 0.0011167420255796165 1.3553899209557027e-05 9.874167418302878e-08 1.1984278096501855e-09 0.0002608833454201271 3.1663414542326277e-06 0.24773637310769533 6.677008237081552e-05
59852.43405501736 0.2481730645563545 6.671311264608895e-05 0.0012353997873349911 1.3562831122860679e-05 1.0923332380502229e-07 1.1992175641799324e-09 0.00028860311698575763 3.168428048423842e-06 0.24788446143936874 6.678830986952576e-05
59852.43425764433 0.24805266670638398 6.669648623897148e-05 0.0011772871823101975 1.3562168060234418e-05 1.0409504139077628e-07 1.1991589365718497e-09 0.00027502736675635446 3.168273149626985e-06 0.24777763933962763 6.677169483677915e-05
59852.434460271295 0.2481174209066263 6.67111023060179e-05 0.0010962506787656448 1.3569163756134319e-05 9.692984132966548e-08 1.1997774918956481e-09 0.00025609633912275205 3.1699074219191566e-06 0.24786132456750357 6.678637199270165e-05
59852.43466289826 0.2480733888262424 6.669954413812888e-05 0.0011226319803848282 0.0020012216320201863 9.926246052849395e-08 1.7694684164357927e-07 0.0002622593043065668 0.00046750760903582685 0.24781112952193585 0.00047224166874030687
59852.43486552523 0.24811780258884214 6.670552680890002e-05 0.0011893341454555667 1.3553912923597848e-05 1.0516022679846038e-07 1.1984290222376223e-09 0.0002778416712022588 3.1663446579849415e-06 0.24783996091763988 6.678063375969135e-05
59852.4350681522 0.2482101144282184 6.671175808554188e-05 0.0011768740303991299 1.3562344783542484e-05 1.0405851074139058e-07 1.199174562342982e-09 0.00027493084987935233 3.1683144341553415e-06 0.24793518357833905 6.678695144425698e-05
59852.43527077917 0.24805433051616943 6.670418352825111e-05 0.0011232857788815826 1.3553886650959617e-05 9.932026900768534e-08 1.1984266992263766e-09 0.0002624120388998364 3.1663385204047327e-06 0.24779191847726958 6.677929169882237e-05
59852.435473406134 0.24805891342562625 6.670356366818163e-05 0.0011519654147873998 1.3553886084053821e-05 1.0185610557462235e-07 1.198426649100899e-09 0.00026911192051005646 3.1663383879692404e-06 0.2477898015051162 6.677867252965042e-05
59852.4356760331 0.24798391182260418 6.669591282422465e-05 0.001236634547664134 1.3556641886022413e-05 1.0934250058830943e-07 1.1986703154928344e-09 0.0002888915707182046 3.1669821739291248e-06 0.24769502025188597 6.677106082388208e-05
59852.43587866007 0.2480456169885123 6.671788969504242e-05 0.0010960215908235901 1.355385706136663e-05 9.690958550834283e-08 1.1984240829319388e-09 0.0002560428216340665 3.166331607947038e-06 0.24778957416687822 6.679298212545485e-05
59852.436081287036 0.24798891015158697 6.669655799610913e-05 0.001099517752442956 1.3556084963200961e-05 9.721871406588185e-08 1.1986210727039707e-09 0.0002568595638345906 3.1668520705700025e-06 0.24773205058775238 6.677169909898371e-05
59852.436283914 0.24817530873211602 6.671341772356018e-05 0.0011050180161200633 1.3565752222910788e-05 9.770504415061543e-08 1.1994758461311774e-09 0.00025814448654360366 3.169110449852215e-06 0.24791716424557242 6.678864697986924e-05
59852.43648654097 0.24801054673119188 6.66996496222821e-05 0.0011244460333029132 1.3553871767957565e-05 9.942285802235146e-08 1.198425383280074e-09 0.000262683087224375 3.1663350435700865e-06 0.2477478636439675 6.677476272772024e-05
59852.43668916794 0.2480739557576797 6.6706414408159e-05 0.0011900233980079778 1.355389747991782e-05 1.0522117010443536e-07 1.1984276567165025e-09 0.00027800268825686373 3.166341050169691e-06 0.24779595306942284 6.678152018963804e-05
59852.43689179491 0.24801749909153853 6.673187564449071e-05 0.0011954774510424854 1.3574794307545404e-05 1.0570341427128382e-07 1.2002753419453187e-09 0.00027927681564631396 3.171222781290468e-06 0.2477382222758922 6.680718435138805e-05
59852.437094421875 0.24810717749597128 6.671512529003524e-05 0.0009754807213787236 1.3553857502229837e-05 8.625143261015099e-08 1.1984241219128047e-09 0.00022788313518875184 3.1663317109375813e-06 0.24787929436078251 6.679022083335844e-05
59852.43729704884 0.24783648963115412 6.66825181371618e-05 0.001119793072691552 1.3556043341213234e-05 9.901144597717921e-08 1.1986173925122552e-09 0.0002615961039259987 3.166842347211203e-06 0.2475748935272281 6.675767458176626e-05
59852.43749967581 0.24803125544838897 6.670193385482037e-05 0.0011693379925715624 1.3556235962194512e-05 1.033921787016212e-07 1.198634423946318e-09 0.0002731703477090789 3.166887345612662e-06 0.2477580851006799 6.677707058139518e-05
59852.43770230278 0.24799652995643898 6.669545196282945e-05 0.0012352037165386483 1.3584324059805515e-05 1.0921598734033678e-07 1.201117957044562e-09 0.00028855731266916757 3.1734490373045662e-06 0.2477079726437698 6.67709075220523e-05
59852.43790492974 0.24824232881622404 6.671475862754725e-05 0.0011454529283780577 1.3563011595976772e-05 1.0128027535025258e-07 1.1992335215068887e-09 0.00026759053132387406 3.168470208949018e-06 0.24797473828490016 6.678995599786609e-05
59852.438107556714 0.2480177071213489 6.67021126389565e-05 0.0011434070847830497 1.3553875786291267e-05 1.0109938306084235e-07 1.1984257385787805e-09 0.00026711259952848465 3.1663359822974877e-06 0.2477505945218204 6.677722301842771e-05
59852.43831018368 0.2480432500622835 6.67039850258419e-05 0.0011671954999838158 1.3604964174383854e-05 1.0320274076502253e-07 1.2029429438562985e-09 0.0002726698376351081 3.178270797404673e-06 0.2477705802246484 6.677966025362345e-05
59852.43851281065 0.24802363761571544 6.669516171209217e-05 0.0012592823706317855 1.3571270315320176e-05 1.1134500779696048e-07 1.1999637526219506e-09 0.00029418235380592546 3.1703995375511856e-06 0.2477294552619095 6.677047273331102e-05
59852.438715437616 0.2479678348682215 6.669636669393547e-05 0.001141962117848555 1.3564182937428351e-05 1.0097161993293725e-07 1.1993370908302596e-09 0.00026677503919739855 3.1687438473270125e-06 0.2477010598290241 6.677159776238605e-05
59852.43891806458 0.2481787596918811 6.671063440360838e-05 0.001177856370942838 1.3585039846213154e-05 1.041453687154632e-07 1.2011812464584363e-09 0.0002751603355452574 3.1736162529625734e-06 0.24790359935633585 6.678608075529636e-05
59852.43912069155 0.24805362759615726 6.672979271088987e-05 0.001088702996899888 1.3562038148245696e-05 9.626247973087643e-08 1.1991474498300875e-09 0.0002543331167757794 3.168242800742953e-06 0.24779929447938148 6.680496237318595e-05
59852.43932331852 0.2480570673492231 6.670890328144949e-05 0.0011152928868760304 1.3566671391629543e-05 9.861354218975017e-08 1.1995571184895803e-09 0.0002605448105174282 3.169325177877902e-06 0.24779652253870565 6.678414781291226e-05
59852.43952594548 0.24811839304648184 6.670316928490966e-05 0.0012338807283955458 1.3572034389790359e-05 1.0909900950554415e-07 1.2000313116379616e-09 0.00028824824793907054 3.1705780338371362e-06 0.24783014479854276 6.677847974999107e-05
59852.439728572455 0.24805266479430887 6.670013282843728e-05 0.001122173354696161 1.3553882567066932e-05 9.922190911439379e-08 1.1984263381309833e-09 0.0002621521642498532 3.166337566362025e-06 0.24779051263005902 6.677524550995924e-05
59852.43993119942 0.24817665116921783 6.670867948809139e-05 0.0012275478536828209 1.3553922157043155e-05 1.0853906044192647e-07 1.1984298386534348e-09 0.0002867688180409035 3.1663468150203595e-06 0.24788988235117693 6.678378299555884e-05
59852.44013382639 0.24815019151163104 6.670613375191426e-05 0.001226721135369101 1.355600135871538e-05 1.084659624940525e-07 1.1986136804444457e-09 0.0002865756874570594 3.166832539633232e-06 0.247863615824174 6.678126315413894e-05
59852.44033645336 0.24810568109511508 6.673497785298442e-05 0.0011824694123516036 1.3570347239852805e-05 1.0455325112818133e-07 1.1998821348311291e-09 0.00027623799327436074 3.170183896865614e-06 0.2478294431018407 6.681023375934458e-05
59852.44053908032 0.24802186318171998 6.669698913487265e-05 0.0010928146039840662 1.3553854274280746e-05 9.662602561504234e-08 1.1984238364994414e-09 0.00025529363387516657 3.1663309568528073e-06 0.24776656954784482 6.677210503934742e-05
59852.440741707294 0.2480368995465641 6.670162941032072e-05 0.0010971192915806773 1.355386717307612e-05 9.700664356474624e-08 1.1984249770033545e-09 0.0002562992567275971 3.166333970154727e-06 0.2477806002898365 6.677674023791757e-05
59852.44094433426 0.2479919496335298 6.67015279509676e-05 0.0011358250485912693 1.3565969240470316e-05 1.0042898387271819e-07 1.1994950346963645e-09 0.0002653413516292382 3.169161147565427e-06 0.24772660828190057 6.677677300808231e-05
59852.441146961224 0.24828083710620902 6.672119612485778e-05 0.0011684534158549254 1.3553887672529762e-05 1.033139649477341e-07 1.198426789553009e-09 0.0002729637007594423 3.1663387590548693e-06 0.24800787340544958 6.67962851771626e-05
59852.441349588196 0.24804642343151068 6.669980872515106e-05 0.0010614025050652983 1.3556275660704231e-05 9.384858627292373e-08 1.1986379340652376e-09 0.0002479554185444211 3.1668966196256272e-06 0.24779846801296626 6.677494828280388e-05
59852.44155221516 0.24809170627273155 6.67039301831285e-05 0.0011430647278552555 1.3575016728578056e-05 1.0106911206230891e-07 1.2002950082824266e-09 0.0002670326211461861 3.1712747413150406e-06 0.24782467365158536 6.677927287235601e-05
59852.441754842126 0.24800520545700083 6.674783384957518e-05 0.0012306916953092966 1.3608826802343254e-05 1.0881703707256628e-07 1.2032844751524448e-09 0.0002875032543764218 3.1791731502140768e-06 0.2477177022026244 6.682350234408203e-05
59852.4419574691 0.2479747947817877 6.669657897811797e-05 0.0010937167415022118 1.3553870141735257e-05 9.670579208468763e-08 1.1984252394904525e-09 0.0002555043832231556 3.1663346636664867e-06 0.24771929039856452 6.677169551978341e-05
59852.44216009606 0.24803302919571413 6.669993821846304e-05 0.0011872439787606608 1.357153883338694e-05 1.0497541548658243e-07 1.1999874948317478e-09 0.00027735338503825436 3.1704622663551153e-06 0.24775567581067587 6.677524683091158e-05
59852.442362723035 0.24812965208724794 6.670743736924013e-05 0.0012248195136463037 1.356115120877517e-05 1.0829782221790022e-07 1.1990690271628889e-09 0.0002861314474934837 3.168035601827755e-06 0.24784352063975446 6.67826223649951e-05
59852.44256535 0.2479705174307132 6.670559893946606e-05 0.0010727809734305952 1.355396441643266e-05 9.485466376467471e-08 1.1984335752038414e-09 0.00025061355518198075 3.1663566872832965e-06 0.2477199038755312 6.678070637949257e-05
59852.442767976965 0.2479909517213796 6.669482614399231e-05 0.0010428376553625806 1.3553868563776141e-05 9.220709316295394e-08 1.1984250999682338e-09 0.00024361846337775842 3.166334295037704e-06 0.24774733325800186 6.676994464012452e-05
59852.44297060394 0.24813672699035058 6.67076513165499e-05 0.0009632621255291746 1.3566042113099212e-05 8.517107153954107e-08 1.1995014780514226e-09 0.00022502873543612105 3.1691781714212327e-06 0.24791169825491446 6.678289028226178e-05
59852.4431732309 0.24799632535057872 6.669434230498001e-05 0.001162885383717896 1.3581402427954127e-05 1.028216428155659e-07 1.2008596280717602e-09 0.0002716629465852085 3.172766511641506e-06 0.24772466240399352 6.67697666824682e-05
59852.44337585787 0.24819985542858686 6.67133404127714e-05 0.001071203423172039 1.3554571482213742e-05 9.47151776971052e-08 1.198487251603753e-09 0.00025024502191324575 3.1664985045949324e-06 0.2479496104066736 6.67884458705989e-05
59852.44357848484 0.2480842506195396 6.670220449595359e-05 0.0010988794024682617 1.3562971157519779e-05 9.716227153594008e-08 1.1992299459622657e-09 0.0002567104381877245 3.1684607620761483e-06 0.24782754018135186 6.677741555511735e-05
59852.443781111804 0.24812353197504072 6.670776278293249e-05 0.0011331566791651323 1.3553864786332124e-05 1.0019304821484875e-07 1.198424765968852e-09 0.0002647179908827434 3.1663334125848103e-06 0.247858813984158 6.678286668587718e-05
59852.443983738776 0.2480717882197269 6.673673496131906e-05 0.0011832968020138355 1.3553881116169671e-05 1.0462640843629652e-07 1.1984262098434995e-09 0.00027643128069267656 3.166337227416304e-06 0.2477953569390342 6.681180647711203e-05
59852.44418636574 0.2480858302715417 6.670543525586989e-05 0.00111133811200103 1.3563654428759399e-05 9.826386331743242e-08 1.1992903604040757e-09 0.0002596209311646851 3.168620381829626e-06 0.24782620934037702 6.678065024989795e-05
59852.444388992706 0.2482618574285484 6.67198807491367e-05 0.0012293452549774465 1.3571352929763562e-05 1.0869798560901503e-07 1.199971057342526e-09 0.0002871887109544535 3.170418837203099e-06 0.24797466871759394 6.679516481589303e-05
59852.44459161968 0.24810320206912215 6.673782732033964e-05 0.001190260369788934 1.360199126949754e-05 1.052421230101645e-07 1.2026800813518546e-09 0.00027805804749791486 3.177576293790953e-06 0.24782514402162423 6.681343118372483e-05
59852.44479424664 0.24811015531898617 6.670544094824166e-05 0.0011393180345093457 1.3560939868153788e-05 1.0073783163661388e-07 1.1990503405492394e-09 0.0002661573519506555 3.1679862303103713e-06 0.24784399796703552 6.678062584952907e-05
59852.44499687361 0.24802708980961402 6.672903103506642e-05 0.0012024130049142821 1.355391281798965e-05 1.063166518722708e-07 1.1984290128998075e-09 0.00028089703809247536 3.1663446333136932e-06 0.24774619277152155 6.680411155921298e-05
