WASP80b/WASP80b_WLP4/Results/ROEBA_Results/ApertureSweep_Results/WASP80b_WLP4_nrca3_level3_asn_phot.ecsv
# %ECSV 0.9
# ---
# datatype:
# - {name: MJD, datatype: float64}
# - {name: aperture_sum, unit: Jy, datatype: float64}
# - {name: aperture_sum_err, unit: Jy, datatype: float64}
# - {name: annulus_sum, unit: Jy, datatype: float64}
# - {name: annulus_sum_err, unit: Jy, datatype: float64}
# - {name: annulus_mean, unit: Jy, datatype: float64}
# - {name: annulus_mean_err, unit: Jy, datatype: float64}
# - {name: aperture_bkg, unit: Jy, datatype: float64}
# - {name: aperture_bkg_err, unit: Jy, datatype: float64}
# - {name: net_aperture_sum, unit: Jy, datatype: float64}
# - {name: net_aperture_sum_err, unit: Jy, datatype: float64}
# meta: !!omap
# - {instrument: NIRCAM}
# - {detector: NRCA3}
# - {channel: SHORT}
# - {subarray: SUBGRISM256}
# - {filter: WLP4}
# - {pupil: CLEAR}
# - {target_name: UNKNOWN}
# - {xcenter: 1055.75}
# - {ycenter: 166.5}
# - ra_icrs: !numpy.ndarray
#     buffer: !!binary |
#       N3hKNXpxcnlja0E9
#     dtype: float64
#     order: C
#     shape: !!python/tuple []
# - dec_icrs: !numpy.ndarray
#     buffer: !!binary |
#       OGpMa01hd25BY0E9
#     dtype: float64
#     order: C
#     shape: !!python/tuple []
# - {apertures: Photometry measured in a circular aperture of r=29.0 pixels.  Background calculated as the mean in a circular annulus
#     with r_inner=80.0 pixels and r_outer=100.0 pixels.}
# - {number_of_integrations: 1227}
# - __serialized_columns__:
#     annulus_mean:
#       __class__: astropy.units.quantity.Quantity
#       unit: &id001 !astropy.units.Unit {unit: Jy}
#       value: !astropy.table.SerializedColumn {name: annulus_mean}
#     annulus_mean_err:
#       __class__: astropy.units.quantity.Quantity
#       unit: *id001
#       value: !astropy.table.SerializedColumn {name: annulus_mean_err}
#     annulus_sum:
#       __class__: astropy.units.quantity.Quantity
#       unit: *id001
#       value: !astropy.table.SerializedColumn {name: annulus_sum}
#     annulus_sum_err:
#       __class__: astropy.units.quantity.Quantity
#       unit: *id001
#       value: !astropy.table.SerializedColumn {name: annulus_sum_err}
#     aperture_bkg:
#       __class__: astropy.units.quantity.Quantity
#       unit: *id001
#       value: !astropy.table.SerializedColumn {name: aperture_bkg}
#     aperture_bkg_err:
#       __class__: astropy.units.quantity.Quantity
#       unit: *id001
#       value: !astropy.table.SerializedColumn {name: aperture_bkg_err}
#     aperture_sum:
#       __class__: astropy.units.quantity.Quantity
#       unit: *id001
#       value: !astropy.table.SerializedColumn {name: aperture_sum}
#     aperture_sum_err:
#       __class__: astropy.units.quantity.Quantity
#       unit: *id001
#       value: !astropy.table.SerializedColumn {name: aperture_sum_err}
#     net_aperture_sum:
#       __class__: astropy.units.quantity.Quantity
#       unit: *id001
#       value: !astropy.table.SerializedColumn {name: net_aperture_sum}
#     net_aperture_sum_err:
#       __class__: astropy.units.quantity.Quantity
#       unit: *id001
#       value: !astropy.table.SerializedColumn {name: net_aperture_sum_err}
# schema: astropy-2.0
MJD aperture_sum aperture_sum_err annulus_sum annulus_sum_err annulus_mean annulus_mean_err aperture_bkg aperture_bkg_err net_aperture_sum net_aperture_sum_err
[from data line 475]
59852.29424240972 0.2478200941084523 6.624097344555649e-05 0.0012207451703561247 1.3541360045065913e-05 1.0793757117651951e-07 1.197319104088517e-09 0.00028517963563041694 3.1634121660834534e-06 0.2475349144728219 6.63164665791796e-05
59852.29444503669 0.24764719956533188 6.623164186438815e-05 0.0011691616563881278 0.0018921187504312197 1.0337658715982143e-07 1.6730002891554938e-07 0.00027312915361733765 0.00044201996364240435 0.24737407041171455 0.0004469544480620873
59852.29464766366 0.24742283495476003 6.621313115252387e-05 0.001126529553802537 1.3535698815642866e-05 9.960708168154503e-08 1.196818541507042e-09 0.0002631698207633149 3.1620896399876806e-06 0.2471596651339967 6.628859289434831e-05
59852.29485029062 0.2475713874047506 6.622211480545085e-05 0.0011621889976207694 1.3539504794634712e-05 1.027600687657558e-07 1.19715506393474e-09 0.0002715002630552964 3.1629787589688315e-06 0.2472998871416953 6.62976087346746e-05
59852.295052917594 0.2473369162689293 6.620859067430367e-05 0.0011126860054754266 1.353470701790045e-05 9.838304326699438e-08 1.1967308473330127e-09 0.00025993581405689826 3.1618579450150776e-06 0.24707698045487242 6.628404653264574e-05
59852.29525554456 0.24737089728600575 6.62041811449412e-05 0.0010501377067513103 1.3541383646472085e-05 9.28525594203657e-08 1.1973211909109927e-09 0.00024532383649384775 3.163417679634173e-06 0.24712557344951191 6.627971644845813e-05
59852.29545817153 0.2472310343007972 6.619487115924524e-05 0.0010947285817058407 1.3532526429361352e-05 9.67952584013691e-08 1.1965380409747644e-09 0.00025574076033739224 3.1613485353035826e-06 0.24697529354045983 6.627031833596956e-05
59852.295660798496 0.24723015612737576 6.619875327904544e-05 0.0012216004847206397 1.3532582692461363e-05 1.0801319757041399e-07 1.1965430157250312e-09 0.00028537944656946055 3.1613616789888907e-06 0.2469447766808063 6.627419666329656e-05
59852.29586342546 0.24682749285167777 6.617057415212845e-05 0.001135800360148103 1.3533049295914155e-05 1.0042680093506976e-07 1.196584272528351e-09 0.0002653355841345985 3.161470682739946e-06 0.24656215726754316 6.624605482970404e-05
59852.29606605243 0.24705423680075356 6.618325879191078e-05 0.0011642411085651093 1.3532531236440793e-05 1.0294151521051396e-07 1.1965384660139059e-09 0.0002719796589731269 3.161349658290752e-06 0.24678225714178043 6.625871924493417e-05
59852.2962686794 0.24667667076008193 6.615229218581793e-05 0.0010901717970902948 1.3532506706922713e-05 9.639235018127509e-08 1.1965362971283202e-09 0.00025467624482026054 3.1613439279227784e-06 0.24642199451526167 6.622778764890491e-05
59852.29647130636 0.24677128711660998 6.616266605131911e-05 0.0012296161660241961 1.353318092582128e-05 1.0872193940469748e-07 1.1965959111674496e-09 0.0002872519987850969 3.1615014329488046e-06 0.24648403511782488 6.623815720812976e-05
59852.296673933335 0.2466791861908699 6.616755450090146e-05 0.0011197471014557907 1.3532532751907983e-05 9.90073812275062e-08 1.196538600010625e-09 0.00026158536453453336 3.1613500123207263e-06 0.24641760082633538 6.624303286029532e-05
59852.2968765603 0.2464020812389938 6.613223342488098e-05 0.0011243078194434226 1.3535379667320938e-05 9.941063723405049e-08 1.1967903225998119e-09 0.00026265079893108846 3.162015083393586e-06 0.2461394304400627 6.62077838108976e-05
59852.297079187265 0.24647941558178038 6.613648692005413e-05 0.0011861457763558975 1.353253118475432e-05 1.0487831307478605e-07 1.1965384614438182e-09 0.0002770968327542527 3.1613496462162175e-06 0.24620231874902612 6.62120006774612e-05
59852.29728181424 0.24629473146699835 6.61443998472383e-05 0.00109982587188915 1.3532534613476105e-05 9.724595780639548e-08 1.1965387646093853e-09 0.0002569315439607709 3.1613504472037235e-06 0.24603779992303756 6.621990461939198e-05
59852.2974844412 0.24608961741806656 6.610800090986085e-05 0.0011104392067563303 1.3550026618474735e-05 9.818438264350731e-08 1.1980853974205631e-09 0.0002594109369116872 3.1654367739270146e-06 0.2458302064811549 6.618374252237398e-05
59852.297687068174 0.24611372133839637 6.610927492576995e-05 0.001117945974104359 1.3541699934659505e-05 9.884812660466264e-08 1.1973491569268092e-09 0.0002611646011727128 3.1634915680690677e-06 0.24585255673722367 6.618492207529053e-05
59852.29788969514 0.24595129118017744 6.612975014073713e-05 0.00121520031347764 1.3540621872183542e-05 1.0744729818710398e-07 1.1972538352756916e-09 0.000283884295454082 3.163239720696211e-06 0.24566740688472335 6.620536186146039e-05
59852.298092322104 0.24560928408210472 6.607813481802386e-05 0.0010943600066752551 1.3532518599848742e-05 9.676266921358135e-08 1.1965373486938567e-09 0.00025565465711496933 3.1613467062424424e-06 0.24535362942498976 6.615371504326879e-05
59852.298294949076 0.24578259157393267 6.608322564995335e-05 0.0012005299111032238 1.3532553057732098e-05 1.0615014982319542e-07 1.1965403954396702e-09 0.00028045712645494755 3.1613547559868597e-06 0.24550213444747773 6.615880044405168e-05
59852.29849757604 0.2454779892701145 6.606264612771873e-05 0.0010723648446134854 1.3532521048250619e-05 9.48178698990047e-08 1.1965375651801129e-09 0.0002505163428666503 3.1613472782163253e-06 0.24522747292724784 6.61382440801816e-05
59852.298700203006 0.24538008228459718 6.60561174607534e-05 0.0010353149497444333 1.3549994747231539e-05 9.154193994931321e-08 1.1980825793839535e-09 0.00024186107575974123 3.1654293284504787e-06 0.24513822120883744 6.613191813959629e-05
59852.29890282998 0.2453514578405141 6.606942471487822e-05 0.0009630986100584782 1.3532490496611914e-05 8.515661359763368e-08 1.1965348638221577e-09 0.00022499053640532784 3.1613401410140615e-06 0.24512646730410878 6.614501457889436e-05
59852.29910545694 0.24527013463759267 6.604690154523359e-05 0.0011772111079796236 1.3556729869241073e-05 1.0408831494313558e-07 1.198678094917367e-09 0.00027500959494746206 3.167002727786595e-06 0.2449951250426452 6.612278812938538e-05
59852.299308083915 0.24493809771654962 6.603761380425542e-05 0.0010840036837949695 1.3538789738536622e-05 9.584696922544071e-08 1.197091839094407e-09 0.0002532353050198804 3.1628117139192498e-06 0.24468486241152973 6.611331042156104e-05
59852.29951071088 0.24479873883333733 6.601220899244777e-05 0.0011151685778482663 1.3535948898879148e-05 9.860255085850594e-08 1.1968406537199524e-09 0.0002605157705473311 3.1621480622103787e-06 0.24453822306279 6.608790295076659e-05
59852.299713337845 0.24478061394122114 6.601399687960724e-05 0.0011800377416945655 1.3532537855461414e-05 1.0433824423649293e-07 1.1965390512638226e-09 0.00027566992799031375 3.1613512045675133e-06 0.24450494401323083 6.608965066831126e-05
59852.29991596482 0.2445109245569409 6.598894029202449e-05 0.001094387612254844 1.3532517042595247e-05 9.67651100827194e-08 1.1965372110024168e-09 0.00025566110608508995 3.161346342450723e-06 0.2442552634508558 6.606462254157894e-05
59852.30011859178 0.24447646444108023 6.598520580001665e-05 0.001116740781850341 1.3532521067605086e-05 9.874156421321651e-08 1.1965375668914234e-09 0.0002608830548711491 3.1613472827377436e-06 0.24421558138620908 6.60608923729662e-05
59852.30032121875 0.24440420164640952 6.599287730829279e-05 0.0010037714644104442 1.354545359692475e-05 8.875288349750705e-08 1.1976810535402599e-09 0.000234492167102551 3.1643684652815876e-06 0.24416970947930697 6.606869972393474e-05
59852.30052384572 0.244225340283786 6.59671783687953e-05 0.0010772017615090764 1.3573162503864467e-05 9.52455472508147e-08 1.2001310588219983e-09 0.00025164630039698144 3.170841573819449e-06 0.24397369398338903 6.604334075610286e-05
59852.300726472684 0.24407581949373924 6.595341239497683e-05 0.0010422270425462545 1.3540266582826527e-05 9.215310313626862e-08 1.19722242079936e-09 0.00024347581743927778 3.1631567211547526e-06 0.24383234367629997 6.602922206859982e-05
59852.300929099656 0.24394360214187555 6.594870172766912e-05 0.001113810355654005 1.3541644072618587e-05 9.848245764959826e-08 1.1973442176379517e-09 0.0002601984747513939 3.1634785180756202e-06 0.24368340366712415 6.602453222779691e-05
59852.30113172662 0.24375947540397136 6.593154689840698e-05 0.0011214409166100821 1.3534781987531555e-05 9.915714736888921e-08 1.1967374761037749e-09 0.0002619810585747442 3.1618754587538994e-06 0.2434974943453966 6.600732029732391e-05
59852.301334353586 0.2437041951828565 6.592442241958163e-05 0.001109891348902994 1.3532520323021569e-05 9.813594137380165e-08 1.1965375010557862e-09 0.00025928295122983833 3.161347108794761e-06 0.24344491223162665 6.600017868837721e-05
59852.30153698056 0.2436011007692066 6.592037675977063e-05 0.0011083835908698798 1.3532512371442437e-05 9.800262629382574e-08 1.1965367979818283e-09 0.0002589307222004358 3.1613452512175253e-06 0.24334217004700617 6.599613758355487e-05
59852.30173960752 0.24324904087791888 6.58910916238773e-05 0.0010738529126986481 1.3532487472335759e-05 9.494944400534411e-08 1.1965345964174357e-09 0.00025086397210543417 3.161339434509548e-06 0.24299817690581343 6.596688580194141e-05
59852.30194223449 0.24329370486330798 6.589147661036154e-05 0.0011613054735432006 1.3541893811727739e-05 1.0268194808559704e-07 1.1973662994233433e-09 0.0002712938620138421 3.1635368599063967e-06 0.24302241100129413 6.596737568948615e-05
59852.30214486146 0.2432000622871739 6.588575276366722e-05 0.0010002548317330853 1.3533400928515353e-05 8.84419449010403e-08 1.1966153636764803e-09 0.00023367064263542353 3.1615528280226144e-06 0.24296639164453845 6.596156330408991e-05
59852.302347488425 0.24291771892341443 6.58689847631118e-05 0.0010899747429318051 1.3540830502568037e-05 9.637492676828595e-08 1.197272282251787e-09 0.0002546302107793467 3.1632884590721444e-06 0.2426630887126351 6.594489781323763e-05
59852.3025501154 0.24284803280561135 6.585780967319088e-05 0.0011662368613000263 1.3539711718840505e-05 1.0311797849548685e-07 1.1971733600515162e-09 0.0002724458889870339 3.1630270987624625e-06 0.24257558691662431 6.593372305108926e-05
59852.30275274236 0.24274895428306348 6.589071551602027e-05 0.0010130997441715056 1.3541941252606376e-05 8.957768451668316e-08 1.1973704941179765e-09 0.00023667135690228782 3.1635479426227673e-06 0.2425122829261612 6.596661600232642e-05
59852.30295536933 0.24282029989167117 6.585877162760292e-05 0.0011393403436761732 1.3553078758709228e-05 1.0073980420004546e-07 1.1983552658679682e-09 0.000266162563619906 3.166149787798461e-06 0.24255413732805126 6.593483377377646e-05
59852.3031579963 0.24260202379471346 6.584867632950104e-05 0.00112256281624206 1.356210524946728e-05 9.925634507560157e-08 1.1991533828807e-09 0.0002622431467943257 3.1682584763338842e-06 0.24233978064791914 6.592485143039955e-05
59852.303360623264 0.24228960060495247 0.0018861328187495612 0.0011123127704966269 1.3577586537562887e-05 9.835004204932172e-08 1.2005222292839475e-09 0.00025984862221879534 3.17187507724733e-06 0.2420297519827337 0.0018861354857898386
59852.30356325023 0.24220809188049308 6.581322986942895e-05 0.001011544935128174 1.3538863153959294e-05 8.944020921401083e-08 1.1970983304429723e-09 0.00023630813623410954 3.162828864577713e-06 0.24197178374425898 6.588918509340437e-05
59852.3037658772 0.2420740666171044 6.580113441477005e-05 0.001155207531577846 1.3532531025535087e-05 1.0214277163755611e-07 1.1965384473657472e-09 0.0002698693150158246 3.1613496090208357e-06 0.24180419730208857 6.587703258056705e-05
59852.303968504166 0.2420591757362463 6.579720951389744e-05 0.0010076446142182763 1.3538670077551161e-05 8.909534512931367e-08 1.1970812587403342e-09 0.00023539697793265846 3.1627837597834797e-06 0.24182377875831365 6.587318104454093e-05
59852.30417113113 0.24196849101480747 6.580222276109844e-05 0.0010204804341343917 1.3539068466069864e-05 9.02302807894732e-08 1.1971164840192356e-09 0.00023839556808528427 3.162876827767988e-06 0.2417300954467222 6.587819297862422e-05
59852.3043737581 0.24195911283806026 6.579376913958049e-05 0.0011540951219299114 1.3532523866282939e-05 1.0204441302966059e-07 1.1965378143488759e-09 0.0002696094437619599 3.1613479365399864e-06 0.24168950339429832 6.586967571172853e-05
59852.30457638507 0.24175939648789768 6.579634033322574e-05 0.001060760040782285 1.354900387245049e-05 9.379177995825621e-08 1.1979949668176264e-09 0.0002478053317494172 3.1651978490919064e-06 0.24151159115614826 6.587242882017912e-05
59852.30477901204 0.24161275578769537 6.576149274677811e-05 0.0009360292796831039 1.3532471732017982e-05 8.276315930017345e-08 1.1965332046677802e-09 0.00021866684005930292 3.161335757396423e-06 0.24139408894763606 6.583743594684975e-05
59852.304981639005 0.24165467571562935 6.577079876545883e-05 0.0010630450944552282 1.3532485312754419e-05 9.39938230623002e-08 1.1965344054685218e-09 0.0002483391456769019 3.161338930007352e-06 0.24140633656995245 6.58467313849128e-05
59852.30518426597 0.24148562278231134 6.57593975025187e-05 0.0011344680633837588 1.3532495300380153e-05 1.0030900003745269e-07 1.1965352885685247e-09 0.0002650243448071503 3.161341263227697e-06 0.24122059843750418 6.583534338390625e-05
59852.30538689294 0.24134828608252196 6.574588524396654e-05 0.0010231688490481788 1.3546504512282078e-05 9.046798885759053e-08 1.1977739748590876e-09 0.00023902361168042177 3.164613970785897e-06 0.24110926247084152 6.58220039811681e-05
59852.30558951991 0.24131639923038523 6.574481713079868e-05 0.0011392997245170222 1.3534758361768488e-05 1.0073621267784373e-07 1.1967353871276768e-09 0.00026615307453300437 3.1618699395131386e-06 0.24105024615585222 6.582080522962747e-05
59852.30579214687 0.24115045453087433 6.57326877784942e-05 0.0011162605213731378 1.3550723070793584e-05 9.869909986381732e-08 1.198146977325659e-09 0.00026077086068744694 3.165599472927057e-06 0.24088968367018687 6.58088691789184e-05
59852.305994773844 0.24118145332135862 6.573441073218025e-05 0.0011043471079022955 1.3534230800875095e-05 9.764572283993836e-08 1.1966887405032516e-09 0.00025798775492939736 3.161746695426654e-06 0.24092346556642924 6.581040492561198e-05
59852.30619740081 0.24114403596552278 6.572724778016332e-05 0.001060695598066673 1.3532529983502985e-05 9.378608197118068e-08 1.1965383552298806e-09 0.00024779027721502 3.1613493655905585e-06 0.24089624568830775 6.580323115597215e-05
59852.30640002778 0.24097175330483322 6.571352359103533e-05 0.000989401542913941 1.3583885105179121e-05 8.748230347638985e-08 1.2010791449342377e-09 0.00023113519377517344 3.173346492626567e-06 0.24074061811105804 6.579010040053003e-05
59852.306602654746 0.24102971273235863 6.572042818972891e-05 0.0010968895197553162 1.3532483488667386e-05 9.698632727486321e-08 1.1965342441838174e-09 0.0002562455794761725 3.1613385038803532e-06 0.24077346715288245 6.579641891909796e-05
59852.30680528171 0.24089394064258512 6.57190165783575e-05 0.0010696669167033542 1.3550509322387968e-05 9.457932069733639e-08 1.1981280778171413e-09 0.00024988607692986694 3.1655495389245224e-06 0.24064405456565527 6.579521140561685e-05
59852.30700790868 0.2409169515380043 6.571301085467245e-05 0.0011359102765861322 1.3532508084706446e-05 1.0043651968198053e-07 1.196536418951149e-09 0.00026536126183581587 3.161344249788367e-06 0.24065159027616848 6.578901042766922e-05
59852.30721053565 0.2409804445675251 6.57176092462987e-05 0.001073286666162951 1.3532486332699605e-05 9.489937681914142e-08 1.1965344956514761e-09 0.00025073169062306717 3.16133916827788e-06 0.24072971287690204 6.579360326343354e-05
59852.30741316261 0.24084891720736423 6.570913464187269e-05 0.0010983109209161549 1.3532534672660969e-05 9.711200673089877e-08 1.196538769842476e-09 0.00025657763458069064 3.161350461029965e-06 0.24059233957278353 6.578513899142577e-05
59852.307615789585 0.24088582154376417 6.570973290635598e-05 0.0011074726602948804 1.3544228621505022e-05 9.792208234725646e-08 1.1975727419329178e-09 0.0002587179186966651 3.1640822974127015e-06 0.2406271036250675 6.578586790040429e-05
