WASP80b/WASP80b_WLP4/Results/ROEBA_Results/303050_radii/WASP80b_WLP4_nrca3_level3_asn_phot.ecsv
# %ECSV 0.9
# ---
# datatype:
# - {name: MJD, datatype: float64}
# - {name: aperture_sum, unit: Jy, datatype: float64}
# - {name: aperture_sum_err, unit: Jy, datatype: float64}
# - {name: annulus_sum, unit: Jy, datatype: float64}
# - {name: annulus_sum_err, unit: Jy, datatype: float64}
# - {name: annulus_mean, unit: Jy, datatype: float64}
# - {name: annulus_mean_err, unit: Jy, datatype: float64}
# - {name: aperture_bkg, unit: Jy, datatype: float64}
# - {name: aperture_bkg_err, unit: Jy, datatype: float64}
# - {name: net_aperture_sum, unit: Jy, datatype: float64}
# - {name: net_aperture_sum_err, unit: Jy, datatype: float64}
# meta: !!omap
# - {instrument: NIRCAM}
# - {detector: NRCA3}
# - {channel: SHORT}
# - {subarray: SUBGRISM256}
# - {filter: WLP4}
# - {pupil: CLEAR}
# - {target_name: UNKNOWN}
# - {xcenter: 1055.75}
# - {ycenter: 166.5}
# - ra_icrs: !numpy.ndarray
#     buffer: !!binary |
#       N3hKNXpxcnlja0E9
#     dtype: float64
#     order: C
#     shape: !!python/tuple []
# - dec_icrs: !numpy.ndarray
#     buffer: !!binary |
#       OGpMa01hd25BY0E9
#     dtype: float64
#     order: C
#     shape: !!python/tuple []
# - {apertures: Photometry measured in a circular aperture of r=30.0 pixels.  Background calculated as the mean in a circular annulus
#     with r_inner=30.0 pixels and r_outer=50.0 pixels.}
# - {number_of_integrations: 1227}
# - __serialized_columns__:
#     annulus_mean:
#       __class__: astropy.units.quantity.Quantity
#       unit: &id001 !astropy.units.Unit {unit: Jy}
#       value: !astropy.table.SerializedColumn {name: annulus_mean}
#     annulus_mean_err:
#       __class__: astropy.units.quantity.Quantity
#       unit: *id001
#       value: !astropy.table.SerializedColumn {name: annulus_mean_err}
#     annulus_sum:
#       __class__: astropy.units.quantity.Quantity
#       unit: *id001
#       value: !astropy.table.SerializedColumn {name: annulus_sum}
#     annulus_sum_err:
#       __class__: astropy.units.quantity.Quantity
#       unit: *id001
#       value: !astropy.table.SerializedColumn {name: annulus_sum_err}
#     aperture_bkg:
#       __class__: astropy.units.quantity.Quantity
#       unit: *id001
#       value: !astropy.table.SerializedColumn {name: aperture_bkg}
#     aperture_bkg_err:
#       __class__: astropy.units.quantity.Quantity
#       unit: *id001
#       value: !astropy.table.SerializedColumn {name: aperture_bkg_err}
#     aperture_sum:
#       __class__: astropy.units.quantity.Quantity
#       unit: *id001
#       value: !astropy.table.SerializedColumn {name: aperture_sum}
#     aperture_sum_err:
#       __class__: astropy.units.quantity.Quantity
#       unit: *id001
#       value: !astropy.table.SerializedColumn {name: aperture_sum_err}
#     net_aperture_sum:
#       __class__: astropy.units.quantity.Quantity
#       unit: *id001
#       value: !astropy.table.SerializedColumn {name: net_aperture_sum}
#     net_aperture_sum_err:
#       __class__: astropy.units.quantity.Quantity
#       unit: *id001
#       value: !astropy.table.SerializedColumn {name: net_aperture_sum_err}
# schema: astropy-2.0
MJD aperture_sum aperture_sum_err annulus_sum annulus_sum_err annulus_mean annulus_mean_err aperture_bkg aperture_bkg_err net_aperture_sum net_aperture_sum_err
[from data line 139]
59852.226159748614 0.25337149167716333 6.731854885114605e-05 0.03384567684954914 2.304888708597011e-05 6.733383466120841e-06 4.585430390623868e-09 0.01903819322787139 1.2964998985858188e-05 0.23433329844929193 6.855565781266664e-05
59852.22636237558 0.2533085081605354 6.727267486469648e-05 0.03373365640131038 2.3054824448622077e-05 6.711097706040131e-06 4.5866115913926045e-09 0.01897518172573709 1.2968338752349917e-05 0.23433332643479832 6.851124428476589e-05
59852.226565002544 0.25328188637855464 6.727572394724001e-05 0.033725715408634005 2.3052384486688566e-05 6.709517895743254e-06 4.586126176389262e-09 0.018970714917356628 1.2966966273762317e-05 0.234311171461198 6.851397847862969e-05
59852.226767629516 0.25334200326589407 6.729008105686806e-05 0.03376237350432286 2.306582272946757e-05 6.716810792159774e-06 4.588799629845196e-09 0.018991335096181606 1.2974525285325507e-05 0.23435066816971245 6.852950689315826e-05
59852.22697025648 0.253388293851568 6.73017840549265e-05 0.033781140448887824 2.304835382789554e-05 6.720544357152581e-06 4.585324302300729e-09 0.0190018915024994 1.296469902819124e-05 0.23438640234906863 6.853913887602865e-05
59852.227172883446 0.2533957548907203 6.733293319691673e-05 0.03381187213240318 2.3056903134166306e-05 6.726658231328837e-06 4.587025132741977e-09 0.019019178074476787 1.2969508012968547e-05 0.23437657681624352 6.857063534049327e-05
59852.22737551042 0.2533253274284977 6.727736662060205e-05 0.03377768572800128 2.305100261533797e-05 6.719857062269961e-06 4.585851261819056e-09 0.01899994822200072 1.2966188971127608e-05 0.23432537920649701 6.851544435992436e-05
59852.22757813738 0.2534273886484788 6.730424752933366e-05 0.033857713249705955 2.30486221211713e-05 6.735778031848328e-06 4.585377677552023e-09 0.0190449637029596 1.2964849943158856e-05 0.2343824249455192 6.85415864241443e-05
59852.227780764355 0.25335324955161254 6.727770479323588e-05 0.03374844761887469 2.3047068197644778e-05 6.7140403252772644e-06 4.585068534288982e-09 0.018983501785617012 1.2963975861175187e-05 0.23436974776599553 6.851535763881647e-05
59852.22798339132 0.2534811005376974 6.728995318005898e-05 0.03388827855321161 2.3050511039361756e-05 6.741858805773363e-06 4.5857534658859065e-09 0.01906215668618153 1.2965912459640986e-05 0.23441894385151588 6.852775120260114e-05
59852.228186018285 0.2533647893075728 6.727890717706811e-05 0.033775010013969105 2.3087258997439914e-05 6.71932474587681e-06 4.593064239856747e-09 0.01899844313285762 1.298658318605995e-05 0.23436634617471516 6.852081941854609e-05
59852.22838864526 0.25331856335674746 6.727316375952443e-05 0.033763100126909786 2.3047257566379698e-05 6.716955349130364e-06 4.585106208001769e-09 0.018991743821386756 1.296408238108858e-05 0.23432681953536072 6.85109187954697e-05
59852.22859127222 0.25324311275868244 6.726456797432264e-05 0.033788181518680724 2.3066409154916415e-05 6.721945133480325e-06 4.588916295481369e-09 0.019005852104257905 1.2974855149640481e-05 0.23423726065442455 6.850451788697169e-05
59852.22879389919 0.25335885537749947 6.72709396343686e-05 0.033801851280609675 2.3078115504114565e-05 6.724664646207678e-06 4.591245199656926e-09 0.01901354134534294 1.2981439971064442e-05 0.23434531403215653 6.851202159485016e-05
59852.22899652616 0.2533337678366926 6.728202260748023e-05 0.03371744693812391 2.304911631750405e-05 6.707872935801389e-06 4.585475994788541e-09 0.0189660639026947 1.2965127928596026e-05 0.2343677039339979 6.851981544311354e-05
59852.229199153124 0.2531506054542315 6.726360425474575e-05 0.03364678857696412 2.30550388905443e-05 6.693815901489698e-06 4.586654253257515e-09 0.018926318574542314 1.2968459375931168e-05 0.23422428687968921 6.850236051351974e-05
59852.229401780096 0.2534041408960321 6.72797542144375e-05 0.033809291396174765 2.304678209600766e-05 6.7261448101693765e-06 4.585011616176764e-09 0.019017726410348303 1.2963814929004308e-05 0.23438641448568379 6.851733959129322e-05
59852.22960440706 0.2533583970691383 6.72778707145233e-05 0.0337597211395549 2.3052038860015153e-05 6.716283120955145e-06 4.5860574161473396e-09 0.01898984314099963 1.2966771858758524e-05 0.23436855392813868 6.85160496549327e-05
59852.229807034026 0.25331229564156843 6.730916039291904e-05 0.03381754709929228 2.3050426652361086e-05 6.727787230119191e-06 4.585736677625545e-09 0.019022370243351905 1.296586499195311e-05 0.23428992539821653 6.85466025984458e-05
59852.230009661 0.2531907689362849 6.726445437811364e-05 0.033659383271267995 2.3045470085559146e-05 6.696321536308689e-06 4.584750599991428e-09 0.018933403090088244 1.296307692312702e-05 0.23425736584619666 6.85021765062997e-05
59852.23021228796 0.2532861938784119 6.727307752542991e-05 0.03369660092355081 2.305145443270157e-05 6.703725752972546e-06 4.5859411480275456e-09 0.01895433801949733 1.2966443118394631e-05 0.23433185585891456 6.851128087318954e-05
59852.23041491493 0.253184439193137 6.72914728565873e-05 0.03369704676277226 2.3046138827704428e-05 6.703814449867444e-06 4.584883642014022e-09 0.018954588804059397 1.296345309058374e-05 0.2342298503890776 6.85287781537114e-05
59852.2306175419 0.2533843700234274 6.7276920174944e-05 0.03379008614313759 2.3048145883027257e-05 6.72232404647663e-06 4.585282932983631e-09 0.01900692345551489 1.2964582059202831e-05 0.2343774465679125 6.851470189817358e-05
59852.230820168865 0.25326752106268 6.726816419600256e-05 0.033688503588552104 2.3052051202632522e-05 6.702114839358902e-06 4.586059871633046e-09 0.018949783268560557 1.2966778801480793e-05 0.23431773779411946 6.85065198852408e-05
59852.23102279584 0.25327617731152524 6.727199844691922e-05 0.0337241996066929 2.304713999731599e-05 6.7092163365286596e-06 4.585082818379714e-09 0.018969862278764755 1.2964016248490244e-05 0.23430631503276048 6.85097620221631e-05
59852.2312254228 0.2532510317202008 6.726638054567e-05 0.03370888422071733 2.3045136005413292e-05 6.706169437299443e-06 4.584684136858176e-09 0.018961247374153493 1.2962889003044976e-05 0.2342897843460473 6.850403231212127e-05
59852.23142804977 0.2533964129159977 6.72803536304955e-05 0.03384597597477349 0.0008722816919882207 6.733442975193414e-06 1.735349288106093e-07 0.019038361485810087 0.0004906584517433741 0.2343580514301876 0.0004952497978312051
59852.23163067674 0.25337925407736683 6.729325141540893e-05 0.033790717581342306 2.3048381291934177e-05 6.722449667116052e-06 4.585329766097612e-09 0.019007278639505045 1.2964714476712975e-05 0.23437197543786178 6.853076322003225e-05
59852.231833303704 0.25324669712980374 6.726688195825799e-05 0.03376077787587211 2.3060956644092084e-05 6.716493351965681e-06 4.587831552918926e-09 0.018990437555178062 1.2971788112301795e-05 0.23425625957462567 6.850620917272147e-05
59852.23203593067 0.25337864443563035 6.727577078721945e-05 0.033854580156871664 2.3052745618659814e-05 6.735154722833648e-06 4.586198021312178e-09 0.01904320133824031 1.2967169410496144e-05 0.23433544309739004 6.851406291802432e-05
59852.23223855764 0.25326172442863754 6.726548570076784e-05 0.033752952526740876 2.3052616587299615e-05 6.714936548221111e-06 4.586172351338691e-09 0.018986035796291743 1.2967096830356033e-05 0.2342756886323458 6.850395000850705e-05
59852.232441184606 0.2533747112151197 6.731988705860528e-05 0.03384211446488481 2.3088254134111734e-05 6.732674752210188e-06 4.593262216007213e-09 0.019036189386497704 1.298714295043785e-05 0.23433852182862197 6.856116302688044e-05
59852.23264381157 0.2532586513895906 6.72697738742826e-05 0.03373604678982705 2.30461853083364e-05 6.711573258725553e-06 4.584892889041943e-09 0.018976526319277712 1.2963479235939225e-05 0.23428212507031287 6.850747602267757e-05
59852.23284643854 0.2531901864223953 6.726907094223843e-05 0.03369704931461604 2.3045608465185345e-05 6.703814957540633e-06 4.584778129743343e-09 0.018954590239471523 1.2963154761666755e-05 0.2342355961829238 6.850672439116347e-05
59852.23304906551 0.25325915200823224 6.726908560097264e-05 0.033751144887748497 2.30530479131229e-05 6.714576929869908e-06 4.586258160884765e-09 0.01898501899935853 1.296733945113163e-05 0.2342741330088737 6.850753075415766e-05
59852.23325169248 0.2533930209987817 6.727462460901069e-05 0.03378332705245227 2.3046388821750038e-05 6.720979368109911e-06 4.58493337674915e-09 0.019003121467004398 1.2963593712234396e-05 0.2343898995317773 6.851226078753489e-05
59852.233454319445 0.2532513472075403 6.728166508950626e-05 0.03378971781639532 2.3047971121094508e-05 6.722250770199499e-06 4.5852481652018044e-09 0.019006716271722367 1.296448375561566e-05 0.2342446309358179 6.851934249732778e-05
59852.23365694641 0.25331632624989636 6.7314591818209e-05 0.03381843541500487 2.3055103662491265e-05 6.727963954915047e-06 4.586667139226931e-09 0.01902286992094024 1.2968495810151335e-05 0.23429345632895612 6.855243362004008e-05
59852.23385957338 0.2534020672931264 6.728065660018453e-05 0.033714665294770796 2.304622335425304e-05 6.707319545439431e-06 4.584900458036565e-09 0.018964499228308573 1.2963500636767335e-05 0.23443756806481786 6.851816621386931e-05
59852.23406220035 0.2531681628823084 6.726491724991231e-05 0.033683286810877705 2.3057440524994534e-05 6.701076994416537e-06 4.587132043250333e-09 0.018946848831118707 1.2969810295309424e-05 0.2342213140511897 6.850390552175741e-05
59852.23426482731 0.25338913328871626 6.730119320591164e-05 0.03387893142680112 2.3053405338791453e-05 6.739999254058447e-06 4.586329268462187e-09 0.01905689892757563 1.2967540503070191e-05 0.23433223436114065 6.85390962417671e-05
59852.234467454284 0.2531784068304481 6.726619920901245e-05 0.033736691341497996 2.3046530189618892e-05 6.71170148820619e-06 4.584961500993053e-09 0.018976888879592622 1.2963673231660625e-05 0.2342015179508555 6.850400265447138e-05
59852.23467008125 0.25332212249743635 6.72712451084072e-05 0.0337789692386265 2.3063112380131526e-05 6.720112408595604e-06 4.588260422977275e-09 0.019000670196727402 1.2973000713823983e-05 0.23432145230070894 6.851072299980695e-05
59852.23487270822 0.25329811481761677 6.726991097856275e-05 0.03371152244155301 2.3046363820958873e-05 6.706694294658153e-06 4.584928402999781e-09 0.018962731373373568 1.2963579649289365e-05 0.2343353834442432 6.850762965091718e-05
59852.235075335186 0.2534396636122206 6.728070285030902e-05 0.033819532098694045 2.3054244606105725e-05 6.728182133202723e-06 4.58649623538924e-09 0.019023486805515397 1.296801259093447e-05 0.23441617680670518 6.851906542408627e-05
59852.23527796215 0.2533140987131235 6.727493042605156e-05 0.03375404437970218 2.3047958014844027e-05 6.715153765466013e-06 4.585245557796118e-09 0.01898664996358248 1.2964476383349765e-05 0.234327448749541 6.851272810014582e-05
59852.23548058912 0.25322572220870665 6.733853210361644e-05 0.03373940010254541 2.3047514998948907e-05 6.712240379094128e-06 4.5851574225841466e-09 0.018978412557681793 1.296422718690876e-05 0.23424730965102486 6.857513465115156e-05
59852.23568321609 0.2533840930258374 6.728334524440648e-05 0.033818707383534125 2.304896037544144e-05 6.728018061334792e-06 4.5854449711009164e-09 0.019023022903237943 1.296504021118581e-05 0.2343610701225995 6.852109759012666e-05
59852.23588584305 0.2533053494560513 6.72753453960374e-05 0.03372452175404879 2.3046126130907706e-05 6.709280425708777e-06 4.5848811160665726e-09 0.018970043486652443 1.2963445948635584e-05 0.2343353059693989 6.851294059533079e-05
59852.236088470025 0.2534760234291309 6.728415479249798e-05 0.03382702133020553 2.3051735262199856e-05 6.729672068471488e-06 4.585997017281069e-09 0.019027699498240607 1.2966601084987418e-05 0.2344483239308903 6.852218786523111e-05
59852.23629109699 0.25337302014127705 6.727979660316816e-05 0.0338054899589105 2.3048316028660615e-05 6.72538853825505e-06 4.585316782381874e-09 0.019015588101887155 1.2964677766121594e-05 0.23435743203938988 6.851754447251481e-05
59852.23649372396 0.2534153639593604 6.728380074271813e-05 0.03383734509734518 2.304788657799206e-05 6.731725916685994e-06 4.58523134588598e-09 0.01903350661725666 1.2964436200120532e-05 0.2343818573421037 6.852143057739522e-05
59852.23669635093 0.2533459802579042 6.72754260345564e-05 0.033828255105517055 2.3050428097287052e-05 6.7299175202708555e-06 4.585736965084433e-09 0.01902839349685334 1.2965865804723967e-05 0.23431758676105088 6.85134776828412e-05
59852.23689897789 0.25333011938315886 6.727428480926627e-05 0.03375410077815186 2.3047850309595828e-05 6.715164985581074e-06 4.585224130517808e-09 0.018986681687710418 1.2964415799147652e-05 0.23434343769544844 6.851208268335932e-05
59852.237101604864 0.2532526727998624 6.727312580503583e-05 0.03375074091184237 2.304749639532099e-05 6.714496561416969e-06 4.585153721509969e-09 0.01898479176291133 1.2964216722368055e-05 0.2342678810369511 6.851090694776055e-05
59852.23730423183 0.2533217323904165 6.731078683852675e-05 0.03372971052209241 2.304695965425519e-05 6.71031269831215e-06 4.585046940267741e-09 0.018972962168676978 1.2963914805518544e-05 0.23434877022173953 6.854783083297625e-05
59852.23750685879 0.2533481180955862 6.727103680835813e-05 0.03385806493699433 2.304933049352832e-05 6.735847997811287e-06 4.585518603754734e-09 0.01904516152705931 1.2965248402609678e-05 0.2343029565685269 6.85090509306095e-05
59852.237709485766 0.25340441672128977 6.728340060883696e-05 0.033709835299535224 2.304578325885091e-05 6.706358648418366e-06 4.584812903838213e-09 0.01896178235598856 1.2963253083103636e-05 0.23444263436530122 6.852081383044015e-05
59852.23791211273 0.25323935481976234 6.726927943568636e-05 0.033749483566748645 2.3047113992909426e-05 6.714246420558422e-06 4.585077644967405e-09 0.01898408450629611 1.296400162101155e-05 0.23425527031346624 6.85070893691014e-05
59852.238114739695 0.25332306056727416 6.727394227624099e-05 0.03380994006693015 2.3048049566958794e-05 6.726273859115825e-06 4.585263771510637e-09 0.019018091287648208 1.2964527881414321e-05 0.23430496927962596 6.85117675481736e-05
59852.23831736667 0.25331088859628864 6.727039169472928e-05 0.03372528122062894 2.304740457329078e-05 6.709431516784207e-06 4.585135454097478e-09 0.018970470686603777 1.2964165072476064e-05 0.23434041790968485 6.850821246236622e-05
59852.23851999363 0.2532999084082971 6.727588265131129e-05 0.03376481325046578 2.305293865308203e-05 6.717296164232943e-06 4.586236424290281e-09 0.018992707453387 1.2967277992358642e-05 0.2343072009549101 6.851419331090541e-05
59852.238722620605 0.2533333827752313 6.727448567726997e-05 0.03384744722185673 2.3048148413121314e-05 6.733735670500673e-06 4.585283436329851e-09 0.019039189062294407 1.2964583482380738e-05 0.23429419371293692 6.851231165281773e-05
59852.23892524757 0.2532942858589119 6.727028964973093e-05 0.033780181615776284 2.3047915016723975e-05 6.720353603365954e-06 4.5852370035919305e-09 0.01900135215887416 1.2964452196907237e-05 0.23429293370003773 6.850816659584891e-05
59852.239127874534 0.25339298925514453 6.727748663175612e-05 0.03377816501333743 2.3047676041868582e-05 6.71995241305796e-06 4.5851894610550424e-09 0.019000217820002302 1.2964317773551078e-05 0.23439277143514223 6.851520811337974e-05
59852.23933050151 0.25330049496140206 6.727426145472448e-05 0.033713364431447804 2.305954471811774e-05 6.7070607469042545e-06 4.587550659171306e-09 0.01896376749268939 1.2970993903941228e-05 0.23433672746871267 6.851330481836873e-05
59852.23953312847 0.25342757737456123 6.728582813502706e-05 0.03372209154313274 2.3047206549904582e-05 6.7087969506087204e-06 4.585096058596527e-09 0.018968676493012166 1.2964053684321328e-05 0.23445890088154905 6.852334898227292e-05
59852.23973575544 0.25332811255747467 6.728399789521074e-05 0.033809514050737656 2.304777213268949e-05 6.726189105887234e-06 4.585208577716459e-09 0.01901785165353993 1.2964371824637838e-05 0.23431026090393475 6.852161198899357e-05
