WASP80b/WASP80b_WLP4/Results/ROEBA_Results/303050_radii/WASP80b_WLP4_nrca3_level3_asn_phot.ecsv
# %ECSV 0.9
# ---
# datatype:
# - {name: MJD, datatype: float64}
# - {name: aperture_sum, unit: Jy, datatype: float64}
# - {name: aperture_sum_err, unit: Jy, datatype: float64}
# - {name: annulus_sum, unit: Jy, datatype: float64}
# - {name: annulus_sum_err, unit: Jy, datatype: float64}
# - {name: annulus_mean, unit: Jy, datatype: float64}
# - {name: annulus_mean_err, unit: Jy, datatype: float64}
# - {name: aperture_bkg, unit: Jy, datatype: float64}
# - {name: aperture_bkg_err, unit: Jy, datatype: float64}
# - {name: net_aperture_sum, unit: Jy, datatype: float64}
# - {name: net_aperture_sum_err, unit: Jy, datatype: float64}
# meta: !!omap
# - {instrument: NIRCAM}
# - {detector: NRCA3}
# - {channel: SHORT}
# - {subarray: SUBGRISM256}
# - {filter: WLP4}
# - {pupil: CLEAR}
# - {target_name: UNKNOWN}
# - {xcenter: 1055.75}
# - {ycenter: 166.5}
# - ra_icrs: !numpy.ndarray
#     buffer: !!binary |
#       N3hKNXpxcnlja0E9
#     dtype: float64
#     order: C
#     shape: !!python/tuple []
# - dec_icrs: !numpy.ndarray
#     buffer: !!binary |
#       OGpMa01hd25BY0E9
#     dtype: float64
#     order: C
#     shape: !!python/tuple []
# - {apertures: Photometry measured in a circular aperture of r=30.0 pixels.  Background calculated as the mean in a circular annulus
#     with r_inner=30.0 pixels and r_outer=50.0 pixels.}
# - {number_of_integrations: 1227}
# - __serialized_columns__:
#     annulus_mean:
#       __class__: astropy.units.quantity.Quantity
#       unit: &id001 !astropy.units.Unit {unit: Jy}
#       value: !astropy.table.SerializedColumn {name: annulus_mean}
#     annulus_mean_err:
#       __class__: astropy.units.quantity.Quantity
#       unit: *id001
#       value: !astropy.table.SerializedColumn {name: annulus_mean_err}
#     annulus_sum:
#       __class__: astropy.units.quantity.Quantity
#       unit: *id001
#       value: !astropy.table.SerializedColumn {name: annulus_sum}
#     annulus_sum_err:
#       __class__: astropy.units.quantity.Quantity
#       unit: *id001
#       value: !astropy.table.SerializedColumn {name: annulus_sum_err}
#     aperture_bkg:
#       __class__: astropy.units.quantity.Quantity
#       unit: *id001
#       value: !astropy.table.SerializedColumn {name: aperture_bkg}
#     aperture_bkg_err:
#       __class__: astropy.units.quantity.Quantity
#       unit: *id001
#       value: !astropy.table.SerializedColumn {name: aperture_bkg_err}
#     aperture_sum:
#       __class__: astropy.units.quantity.Quantity
#       unit: *id001
#       value: !astropy.table.SerializedColumn {name: aperture_sum}
#     aperture_sum_err:
#       __class__: astropy.units.quantity.Quantity
#       unit: *id001
#       value: !astropy.table.SerializedColumn {name: aperture_sum_err}
#     net_aperture_sum:
#       __class__: astropy.units.quantity.Quantity
#       unit: *id001
#       value: !astropy.table.SerializedColumn {name: net_aperture_sum}
#     net_aperture_sum_err:
#       __class__: astropy.units.quantity.Quantity
#       unit: *id001
#       value: !astropy.table.SerializedColumn {name: net_aperture_sum_err}
# schema: astropy-2.0
MJD aperture_sum aperture_sum_err annulus_sum annulus_sum_err annulus_mean annulus_mean_err aperture_bkg aperture_bkg_err net_aperture_sum net_aperture_sum_err
[from data line 484]
59852.29606605243 0.25225608832712076 6.67462950014502e-05 0.03364268997159865 2.2888000295375156e-05 6.693000509860077e-06 4.5534229806221455e-09 0.01892401310902424 1.2874500166148523e-05 0.2333320752180965 6.797661841360436e-05
59852.2962686794 0.2518701377541898 6.67154024199078e-05 0.033485181738480654 2.2868347018127414e-05 6.661665242512077e-06 4.549513085344729e-09 0.018835414727895367 1.2863445197696671e-05 0.23303472302629444 6.794419138090014e-05
59852.29647130636 0.2519755819888564 6.672606428363229e-05 0.0336252598387062 2.286471854666711e-05 6.689532895099349e-06 4.548791223883759e-09 0.018914208659272236 1.2861404182500248e-05 0.23306137332958415 6.795427412848336e-05
59852.296673933335 0.2518822335833786 6.673081425654856e-05 0.03350174483837465 2.2884498953175244e-05 6.664960366538394e-06 4.55272641072393e-09 0.018844731471585736 1.2872530661161074e-05 0.23303750211179283 6.796104484897591e-05
59852.2968765603 0.2515897032756006 6.669558779592829e-05 0.0335638517116082 2.2864927670131294e-05 6.6773161363822716e-06 4.5488328276750615e-09 0.018879666587779613 1.2861521814448853e-05 0.23271003668782098 6.792437099324456e-05
59852.297079187265 0.251671728666522 6.669985743044164e-05 0.03353022212301411 2.2882224839153178e-05 6.670625742308651e-06 4.552273990114223e-09 0.018860749944195437 1.2871251472023663e-05 0.23281097872232656 6.793040626771867e-05
59852.29728181424 0.2514862649666143 6.67076694386751e-05 0.03357113637091773 2.2863713219341914e-05 6.678765373304586e-06 4.548591220367222e-09 0.018883764208641223 1.2860838685879826e-05 0.2326025007579731 6.793610478709956e-05
59852.2974844412 0.2512776944500202 6.667146943235533e-05 0.033491032348831266 2.2860996726020622e-05 6.662829184458833e-06 4.548050791192272e-09 0.018838705696217588 1.2859310658386599e-05 0.2324389887538026 6.790027030048104e-05
59852.297687068174 0.25128462788115147 6.667235245428225e-05 0.03347130136095182 2.2860716696527142e-05 6.658903829142457e-06 4.547995081094649e-09 0.018827607015535396 1.2859153141796517e-05 0.23245702086561607 6.790110751167621e-05
59852.29788969514 0.25114465964639454 6.669320183819044e-05 0.03352150114535185 2.2861460263590895e-05 6.668890758929223e-06 4.548143009061794e-09 0.018855844394260416 1.2859571398269876e-05 0.23228881525213413 6.792165890183197e-05
59852.298092322104 0.2507958826553886 6.66418234469106e-05 0.03341846091172787 2.2864909641573146e-05 6.6483915557809726e-06 4.548829241007379e-09 0.018797884262846926 1.2861511673384893e-05 0.23199799839254168 6.787157810787825e-05
59852.298294949076 0.25096485115973255 6.664674677791042e-05 0.033456667632906056 2.2861021023275006e-05 6.655992541449525e-06 4.548055624977446e-09 0.018819375543509657 1.285932432559219e-05 0.2321454756162229 6.787599780621777e-05
59852.29849757604 0.25065987032019676 6.662635974684701e-05 0.03345516761943949 2.2870352515216307e-05 6.6556941232521385e-06 4.5499120663135455e-09 0.01881853178593471 1.286457328980917e-05 0.23184133853426206 6.785697502132812e-05
59852.298700203006 0.2505423508411957 6.661947951087184e-05 0.03343553996597271 2.2859940005548185e-05 6.651789325663974e-06 4.547840563333954e-09 0.01880749123085965 1.2858716253120854e-05 0.23173485961033605 6.78491093086545e-05
59852.29890282998 0.2505203441409301 6.6632878549065e-05 0.033364931265626785 2.285882288698828e-05 6.637742171057288e-06 4.547618319657918e-09 0.018767773836915067 1.2858087873930906e-05 0.23175257030401503 6.786214649941582e-05
59852.29910545694 0.25045201655541205 6.661078069966789e-05 0.03341766731696634 2.286153286066661e-05 6.648233675119585e-06 4.548157451791112e-09 0.018797437865793565 1.2859612234124968e-05 0.23165457868961847 6.784073799886986e-05
59852.299308083915 0.25009253525448294 6.660093895251365e-05 0.03334451928043537 2.2856680510166985e-05 6.633681335630373e-06 4.547192107331575e-09 0.018756292095244896 1.285688278696893e-05 0.23133624315923804 6.783055730534954e-05
59852.29951071088 0.24995285133799877 6.65758175494415e-05 0.03334788923532152 2.2858507577440416e-05 6.634351766853032e-06 4.547555590816485e-09 0.018758187694868353 1.2857910512310233e-05 0.2311946636431304 6.780608634273992e-05
59852.299713337845 0.24993231446005268 6.657752078519602e-05 0.033283536245924616 2.2855616773074064e-05 6.62154914639646e-06 4.546980483560964e-09 0.018721989138332597 1.285628443485416e-05 0.2312103253217201 6.780745035298911e-05
59852.29991596482 0.2496600526549802 6.655901760508255e-05 0.033279862673509866 2.2892322487599376e-05 6.620818312385693e-06 4.554282853443993e-09 0.0187199227538493 1.2876931399274647e-05 0.23094012990113091 6.779320162682475e-05
59852.30011859178 0.2496184379012641 6.654878685665915e-05 0.03322933638264332 2.2855286801783823e-05 6.610766426201305e-06 4.546914837858564e-09 0.018691501715236866 1.2856098826003401e-05 0.23092693618602722 6.777920262969325e-05
59852.30032121875 0.24956254617196977 6.655658335493836e-05 0.033267517680111276 2.2855504853335014e-05 6.618362353983415e-06 4.54695821783634e-09 0.01871297869506259 1.2856221480000945e-05 0.23084956747690719 6.778688087399873e-05
59852.30052384572 0.24937171206253592 6.65310104249221e-05 0.033211064346500924 2.285262659705537e-05 6.607131320110786e-06 4.546385606943352e-09 0.018681223694906768 1.2854602460843646e-05 0.23069048836762915 6.7761465100656e-05
59852.300726472684 0.24923077362417945 6.651754129694524e-05 0.03327455423575902 2.2858973667075023e-05 6.619762232250515e-06 4.547648316403074e-09 0.01871693675761445 1.28581726877297e-05 0.230513836866565 6.774891810987312e-05
59852.300929099656 0.24908437661820146 6.651263577860563e-05 0.03317919761058014 2.2852028617332493e-05 6.600791634433291e-06 4.546266642657396e-09 0.01866329865595133 1.2854266097249528e-05 0.23042107796225014 6.774336037661808e-05
59852.30113172662 0.24889038496712193 6.64952984522592e-05 0.033128150256450425 2.2852825126475383e-05 6.590636086006407e-06 4.546425103116532e-09 0.018634584519253365 1.2854714133642403e-05 0.23025580044786856 6.772642314276378e-05
59852.301334353586 0.24883289486512367 6.648822140309683e-05 0.03308951609191377 2.2851618565091128e-05 6.582950063183613e-06 4.546185065355972e-09 0.018612852801701493 1.285403544286376e-05 0.23022004206342217 6.77193459250281e-05
59852.30153698056 0.24872352958027294 6.64841091900124e-05 0.03306911273521952 2.2870222251930265e-05 6.578890944341668e-06 4.5498861512562e-09 0.01860137591356098 1.2864500016710774e-05 0.23012215366671196 6.771729568928046e-05
59852.30173960752 0.2483730809720222 6.645512720573539e-05 0.03309361741492715 2.2855348051067968e-05 6.583765995472108e-06 4.546927023016479e-09 0.018615159795896518 1.2856133278725731e-05 0.2297579211761257 6.768725208494456e-05
59852.30194223449 0.2484181398797623 6.645550573009903e-05 0.03312501242381756 2.2850913029233974e-05 6.590011834038762e-06 4.546044703456979e-09 0.018632819488397376 1.2853638578944111e-05 0.22978532039136493 6.768714993675938e-05
59852.30214486146 0.24831445251955542 6.644952896926211e-05 0.03312166932438089 2.2850815250249975e-05 6.5893467455380195e-06 4.546025250946186e-09 0.01863093899496425 1.285358357826561e-05 0.22968351352459115 6.768127149396844e-05
59852.302347488425 0.24803222881206055 6.643300359330516e-05 0.03305142116568261 2.284945734471975e-05 6.5753713184131015e-06 4.545755104224452e-09 0.018591424405696468 1.2852819756404859e-05 0.22944080440636408 6.766490184814226e-05
59852.3025501154 0.24796732616191197 6.642208434129944e-05 0.03305327553471413 2.2854656675779073e-05 6.575740233410204e-06 4.54678947827303e-09 0.018592467488276695 1.2855744380125727e-05 0.22937485867363527 6.765473709807637e-05
59852.30275274236 0.24787897706051526 6.645489224169711e-05 0.03299518399379661 2.2851014913673214e-05 6.564183288549144e-06 4.54606497272214e-09 0.018559790996510592 1.2853695888941183e-05 0.22931918606400467 6.768655849473335e-05
59852.30295536933 0.24793674084607503 6.642293988423996e-05 0.03297938922233777 2.284752241362015e-05 6.561041018608293e-06 4.545370161913147e-09 0.018550906437564997 1.2851731357661331e-05 0.22938583440851004 6.765481462360865e-05
59852.3031579963 0.24770758055030628 6.641332991686868e-05 0.03300698400093256 2.2848253834076468e-05 6.566530825379402e-06 4.5455156733895245e-09 0.018566428500524566 1.2852142781668013e-05 0.22914115204978172 6.764545782775976e-05
59852.303360623264 0.24738146748468448 0.001886152583898304 0.03290852447574921 2.285693172738261e-05 6.5469429252201385e-06 4.547242085408645e-09 0.018511045017608932 1.2857024096652717e-05 0.22887042246707556 0.001886196403563232
59852.30356325023 0.24731022256012217 6.63774662771176e-05 0.032930520386362204 2.2847049796276115e-05 6.55131887259747e-06 4.54527613768003e-09 0.01852341771732874 1.2851465510405313e-05 0.22878680484279343 6.761011902914402e-05
59852.3037658772 0.2471794771588089 6.636550504381335e-05 0.032851489347554726 2.2844605720114877e-05 6.535596146992598e-06 4.544789904177087e-09 0.018478962757999533 1.2850090717564617e-05 0.22870051440080935 6.759811455336647e-05
59852.303968504166 0.2471655529935682 6.63616234331221e-05 0.03286889422693293 2.2859250792494013e-05 6.539058737726298e-06 4.547703448753435e-09 0.018488753002649776 1.2858328570777881e-05 0.22867679999091844 6.759587027558403e-05
59852.30417113113 0.24706805245653396 6.636642033880113e-05 0.03288689903796353 2.284380377059959e-05 6.5426406810699915e-06 4.544630361390252e-09 0.018498880708854484 1.2849639620962269e-05 0.2285691717476795 6.759892740994518e-05
59852.3043737581 0.24704805512490413 6.63578586269397e-05 0.0329151649344768 2.2843958018276425e-05 6.548264002508754e-06 4.544661047990538e-09 0.018514780275643197 1.2849726385280488e-05 0.22853327484926095 6.75905383151332e-05
59852.30457638507 0.24684625971974639 6.636045113919911e-05 0.03298202417297352 2.2857629305991644e-05 6.5615652253813964e-06 4.547380864263424e-09 0.018552388597297603 1.28574164846203e-05 0.22829387112244878 6.759454588986466e-05
59852.30477901204 0.24670472116780856 6.63258807342753e-05 0.03286208294200729 2.284385768546969e-05 6.537703675645394e-06 4.5446410874128556e-09 0.018484921654879104 1.28496699480767e-05 0.22821979951292945 6.755913315719657e-05
59852.304981639005 0.24673203742777644 6.633485226885703e-05 0.032856283805183614 2.2843110967245563e-05 6.5365499740314506e-06 4.544492532542272e-09 0.01848165964041578 1.2849249919075628e-05 0.22825037778736065 6.756786106584959e-05
59852.30518426597 0.24657162725790854 6.632382301710253e-05 0.0328723861501915 2.2843121376877687e-05 6.539753433785671e-06 4.544494603472783e-09 0.01849071720948272 1.2849255774493699e-05 0.22808091004842582 6.755703422710546e-05
59852.30538689294 0.24644336200595374 6.631157333585998e-05 0.03283112861245534 2.285654273113881e-05 6.5315455074475325e-06 4.5471646970648394e-09 0.018467509844506128 1.2856805286265581e-05 0.2279758521614476 6.75464447654063e-05
59852.30558951991 0.2463965904254628 6.630916525989407e-05 0.03284271407682751 2.2842414799488417e-05 6.5338503623510905e-06 4.544354034367558e-09 0.018474026668215474 1.2848858324712234e-05 0.22792256375724734 6.754256848619595e-05
59852.30579214687 0.24622745518427716 6.629709343604675e-05 0.03279740084407916 2.2841576425047543e-05 6.524835581126873e-06 4.5441872450720245e-09 0.018448537974794524 1.284838673908924e-05 0.22777891720948262 6.753062742093484e-05
59852.305994773844 0.2462575134057743 6.629877783502746e-05 0.03280038564054058 2.284218667533492e-05 6.525429387515571e-06 4.544308650509224e-09 0.018450216922804075 1.2848730004875893e-05 0.2278072964829702 6.75323463619955e-05
59852.30619740081 0.24622556572778917 6.629168901203237e-05 0.03288749923989272 2.2845112160308546e-05 6.542760087449846e-06 4.544890657252341e-09 0.018499218322439653 1.2850375590173557e-05 0.22772634740534953 6.75257001805723e-05
59852.30640002778 0.2460438499901137 6.627786430592872e-05 0.03279376840136237 2.28407614054479e-05 6.524112929609529e-06 4.544025102074525e-09 0.01844649472576633 1.2847928290564443e-05 0.22759735526434738 6.75116623874319e-05
59852.306602654746 0.24609754112808566 6.628512029970517e-05 0.03280206606582627 2.2851377713198028e-05 6.5257636975039645e-06 4.546137149394297e-09 0.018451162162027277 1.285389996367389e-05 0.22764637896605838 6.751992237423353e-05
59852.30680528171 0.2459600544648584 6.62832168247125e-05 0.03285239482930429 2.284676420496772e-05 6.535776286863001e-06 4.545219321094486e-09 0.01847947209148366 1.2851304865294342e-05 0.22748058237337476 6.751755971132686e-05
59852.30700790868 0.24599958163437247 6.627771114527425e-05 0.032814662903273006 2.284343110111057e-05 6.52826975868768e-06 4.544556221151106e-09 0.018458247883091066 1.2849429994374695e-05 0.2275413337512814 6.751179782702241e-05
59852.30721053565 0.2460655601000502 6.628230852603697e-05 0.032778763270224956 2.2840522512102696e-05 6.521127753619203e-06 4.543977575753574e-09 0.018438054339501537 1.2847793913057766e-05 0.22762750576054866 6.751599982206556e-05
59852.30741316261 0.2459187139153385 6.627366244673278e-05 0.03280081770446205 2.2840827853608976e-05 6.525515343901612e-06 4.544038321516143e-09 0.0184504599587599 1.2847965667655048e-05 0.2274682539565786 6.750754443690513e-05
59852.307615789585 0.24595190861625899 6.627407639602844e-05 0.03278081622423083 2.2860315355515252e-05 6.521536175841672e-06 4.547915236837263e-09 0.01843920912612984 1.2858927387477328e-05 0.22751269949012914 6.751003788847276e-05
59852.30781841655 0.2461033581213135 6.630691220397316e-05 0.03283342598550493 2.284237021098052e-05 6.532002555293743e-06 4.544345163765762e-09 0.01846880211684652 1.284883324367654e-05 0.227634556004467 6.754035180356417e-05
59852.30802104352 0.2459202802863442 6.634639359707555e-05 0.03273270133952918 2.2840244937463817e-05 6.511964023670965e-06 4.5439223540337554e-09 0.01841214450348516 1.2847637777323396e-05 0.22750813578285903 6.757888531039392e-05
59852.30822367049 0.24602410256446172 6.628001035579739e-05 0.03283076114143611 2.2851931548675758e-05 6.5314724014110916e-06 4.546247331461722e-09 0.01846730314205781 1.2854211496130113e-05 0.22755679942240392 6.751496519996033e-05
59852.30842629745 0.24596042415257424 6.627452650215831e-05 0.03283944500268339 2.2846964430704556e-05 6.533200000714377e-06 4.545259154739176e-09 0.018472187814009406 1.2851417492271314e-05 0.22748823633856483 6.75090497240625e-05
59852.308628924424 0.24576956028266364 6.626296383710224e-05 0.032720331588853444 2.2839135945295317e-05 6.509503139964894e-06 4.543701727051922e-09 0.018405186518730063 1.2847013969228617e-05 0.2273643737639336 6.749686025588652e-05
59852.30883155139 0.24587375187267965 6.627686531044548e-05 0.032752935618412464 2.2840306444182284e-05 6.515989505551184e-06 4.543934590406602e-09 0.018423526285357008 1.2847672374852534e-05 0.22745022558732264 6.751063294645134e-05
59852.30903417835 0.24583932246091278 6.626816169801919e-05 0.032732100702807375 2.2840253054473397e-05 6.511844530791869e-06 4.543923968861503e-09 0.018411806645329147 1.2847642343141286e-05 0.22742751581558363 6.750208269832935e-05
59852.309236805326 0.2458709926477473 6.626894035643803e-05 0.032662087476415136 2.2838638456995226e-05 6.497915841964198e-06 4.54360275489931e-09 0.018372424205483514 1.2846734132059814e-05 0.2274985684422638 6.750267427165365e-05
59852.30943943229 0.24594622353301346 6.627429302169749e-05 0.03273295873281128 2.2839413705429505e-05 6.512015230437423e-06 4.543756985674859e-09 0.018412289287206347 1.2847170209304097e-05 0.22753393424580712 6.750801210162132e-05
59852.30964205926 0.245878454169281 6.627253216791259e-05 0.03283759021501173 2.286152665410828e-05 6.532831002431464e-06 4.5481562170355644e-09 0.018471144495944097 1.2859608742935906e-05 0.22740730967333692 6.750865171937892e-05
59852.30984468623 0.24586550544336203 6.626393178769783e-05 0.03278826097109361 2.2839906021595506e-05 6.52301726117077e-06 4.543854928864088e-09 0.018443396796240154 1.2847447137147472e-05 0.22742210864712187 6.749789295901369e-05
