WASP80b/WASP80b_WLP4/Results/ROEBA_Results/303050_radii/WASP80b_WLP4_nrca3_level3_asn_phot.ecsv
# %ECSV 0.9
# ---
# datatype:
# - {name: MJD, datatype: float64}
# - {name: aperture_sum, unit: Jy, datatype: float64}
# - {name: aperture_sum_err, unit: Jy, datatype: float64}
# - {name: annulus_sum, unit: Jy, datatype: float64}
# - {name: annulus_sum_err, unit: Jy, datatype: float64}
# - {name: annulus_mean, unit: Jy, datatype: float64}
# - {name: annulus_mean_err, unit: Jy, datatype: float64}
# - {name: aperture_bkg, unit: Jy, datatype: float64}
# - {name: aperture_bkg_err, unit: Jy, datatype: float64}
# - {name: net_aperture_sum, unit: Jy, datatype: float64}
# - {name: net_aperture_sum_err, unit: Jy, datatype: float64}
# meta: !!omap
# - {instrument: NIRCAM}
# - {detector: NRCA3}
# - {channel: SHORT}
# - {subarray: SUBGRISM256}
# - {filter: WLP4}
# - {pupil: CLEAR}
# - {target_name: UNKNOWN}
# - {xcenter: 1055.75}
# - {ycenter: 166.5}
# - ra_icrs: !numpy.ndarray
#     buffer: !!binary |
#       N3hKNXpxcnlja0E9
#     dtype: float64
#     order: C
#     shape: !!python/tuple []
# - dec_icrs: !numpy.ndarray
#     buffer: !!binary |
#       OGpMa01hd25BY0E9
#     dtype: float64
#     order: C
#     shape: !!python/tuple []
# - {apertures: Photometry measured in a circular aperture of r=30.0 pixels.  Background calculated as the mean in a circular annulus
#     with r_inner=30.0 pixels and r_outer=50.0 pixels.}
# - {number_of_integrations: 1227}
# - __serialized_columns__:
#     annulus_mean:
#       __class__: astropy.units.quantity.Quantity
#       unit: &id001 !astropy.units.Unit {unit: Jy}
#       value: !astropy.table.SerializedColumn {name: annulus_mean}
#     annulus_mean_err:
#       __class__: astropy.units.quantity.Quantity
#       unit: *id001
#       value: !astropy.table.SerializedColumn {name: annulus_mean_err}
#     annulus_sum:
#       __class__: astropy.units.quantity.Quantity
#       unit: *id001
#       value: !astropy.table.SerializedColumn {name: annulus_sum}
#     annulus_sum_err:
#       __class__: astropy.units.quantity.Quantity
#       unit: *id001
#       value: !astropy.table.SerializedColumn {name: annulus_sum_err}
#     aperture_bkg:
#       __class__: astropy.units.quantity.Quantity
#       unit: *id001
#       value: !astropy.table.SerializedColumn {name: aperture_bkg}
#     aperture_bkg_err:
#       __class__: astropy.units.quantity.Quantity
#       unit: *id001
#       value: !astropy.table.SerializedColumn {name: aperture_bkg_err}
#     aperture_sum:
#       __class__: astropy.units.quantity.Quantity
#       unit: *id001
#       value: !astropy.table.SerializedColumn {name: aperture_sum}
#     aperture_sum_err:
#       __class__: astropy.units.quantity.Quantity
#       unit: *id001
#       value: !astropy.table.SerializedColumn {name: aperture_sum_err}
#     net_aperture_sum:
#       __class__: astropy.units.quantity.Quantity
#       unit: *id001
#       value: !astropy.table.SerializedColumn {name: net_aperture_sum}
#     net_aperture_sum_err:
#       __class__: astropy.units.quantity.Quantity
#       unit: *id001
#       value: !astropy.table.SerializedColumn {name: net_aperture_sum_err}
# schema: astropy-2.0
MJD aperture_sum aperture_sum_err annulus_sum annulus_sum_err annulus_mean annulus_mean_err aperture_bkg aperture_bkg_err net_aperture_sum net_aperture_sum_err
[from data line 554]
59852.310249940165 0.2456662692806867 6.625520084292985e-05 0.03270030335987178 2.283918891657662e-05 6.505518650410134e-06 4.543712265353498e-09 0.018393920639927876 1.2847043765574348e-05 0.22727234864075882 6.748924486354513e-05
59852.31045256713 0.24580744037117025 6.627950434214208e-05 0.03277385623698613 2.2840677318480912e-05 6.520151530374358e-06 4.5440083735039676e-09 0.0184352941333047 1.2847880991645512e-05 0.22737214623786556 6.751326345108431e-05
59852.310655194095 0.24571073622677175 6.625731238593827e-05 0.03272111296326415 2.2838939515949668e-05 6.5096585894647315e-06 4.543662648675261e-09 0.018405626041836085 1.2846903477721687e-05 0.22730511018493565 6.749129109428643e-05
59852.31085782107 0.24578080966653088 6.626255176032681e-05 0.032710900287003776 2.2840277704201775e-05 6.507626842078436e-06 4.543928872769149e-09 0.018399881411439622 1.2847656208613499e-05 0.22738092825509126 6.749657795655063e-05
59852.31106044803 0.24578138065029898 6.625925072652985e-05 0.03271697667332882 2.2840010253123205e-05 6.508835700728144e-06 4.543875665067662e-09 0.01840329937874746 1.2847505767381803e-05 0.2273780812715515 6.749330864081309e-05
59852.311263075 0.24582305004931734 6.626129250406156e-05 0.0328302762012581 2.2856177909677448e-05 6.531375925628048e-06 4.547092118141187e-09 0.01846703036320768 1.2856600074193564e-05 0.22735601968610966 6.749704474846701e-05
59852.31146570197 0.24574916433649863 6.626124305870518e-05 0.032843449299681124 2.2844895856600193e-05 6.533996630290373e-06 4.5448476249968494e-09 0.01847444023107063 1.2850253919337609e-05 0.22727472410542798 6.749578770172445e-05
59852.31166832893 0.24594579627307397 6.627199095301939e-05 0.03279501632970905 2.283994124978896e-05 6.5243611970657775e-06 4.543861937290493e-09 0.01844719668546134 1.2847466953006288e-05 0.22749859958761265 6.750580857960056e-05
59852.311870955906 0.24571504486346268 6.626214222841916e-05 0.032705756346058434 2.2840401094521184e-05 6.506603487542906e-06 4.5439534204932285e-09 0.01839698794465787 1.2847725615668165e-05 0.2273180569188048 6.749618912349603e-05
59852.31207358287 0.24571231744234878 6.625799598391207e-05 0.03275574621496726 2.2839837109968406e-05 6.5165486559696005e-06 4.543841219331476e-09 0.018425107245919083 1.2847408374357228e-05 0.2272872101964297 6.749205830126691e-05
59852.312276209836 0.24563636088462404 6.626743137744573e-05 0.032728123033434545 2.2839710810939445e-05 6.51105319861353e-06 4.543816092938018e-09 0.01840956920630693 1.2847337331153437e-05 0.2272267916783171 6.750130767522158e-05
59852.31247883681 0.24568228603713635 6.625270346258449e-05 0.03270480076710498 2.283868332245087e-05 6.50641338115046e-06 4.543611680598109e-09 0.018396450431496552 1.2846759368878615e-05 0.2272858356056398 6.748673901132744e-05
59852.31268146377 0.24576074353890617 6.625949125663714e-05 0.03269092059510623 2.2839163088524357e-05 6.503652008669752e-06 4.543707127025763e-09 0.018388642834747254 1.284702923729495e-05 0.22737210070415892 6.749345406639287e-05
59852.31288409074 0.24567415902010614 6.625214406711364e-05 0.03272878917952808 2.283946647341591e-05 6.511185724168039e-06 4.543767483532201e-09 0.018409943913484543 1.2847199891296448e-05 0.2272642151066216 6.748627370463204e-05
59852.31308671771 0.24568178208879532 6.625258274576371e-05 0.032720508629515234 2.284022586043095e-05 6.509538361085459e-06 4.543918558778655e-09 0.018405286104102317 1.2847627046492408e-05 0.22727649598469302 6.748678567845731e-05
59852.313289344675 0.24560057491943105 6.625242069962953e-05 0.032601503922357056 2.2837405489937673e-05 6.485863126841174e-06 4.5433574638969605e-09 0.01833834595632584 1.284604058808994e-05 0.22726222896310522 6.748632459507299e-05
59852.31349197165 0.2457235494281707 6.625497638386053e-05 0.03285537125690919 2.286590028487492e-05 6.536368428320594e-06 4.5490263232302765e-09 0.01848114633201142 1.2862068910242141e-05 0.22724240309615928 6.749188626996384e-05
59852.31369459861 0.2456125219293242 6.6246333245253e-05 0.03275377578719517 2.2840314195629104e-05 6.516156651819683e-06 4.543936132507949e-09 0.01842399888029728 1.284767673504137e-05 0.22718852304902692 6.748065993993565e-05
59852.31389722558 0.24566749089301423 6.625263691655699e-05 0.032750212528640466 2.2840213838582795e-05 6.515447764054064e-06 4.543916167107956e-09 0.018421994547360262 1.284762028420282e-05 0.22724549634565397 6.748683757121968e-05
59852.31409985255 0.24560604687967585 6.62511082986843e-05 0.032855424922146215 2.2841729514037924e-05 6.536379104680275e-06 4.544217701158965e-09 0.018481176518707242 1.2848472851646332e-05 0.22712487036096862 6.748549922334048e-05
59852.31430247951 0.24562379226927997 6.62500543023697e-05 0.0328029952655555 2.2842062607053326e-05 6.525948555916498e-06 4.5442839679088535e-09 0.018451684836874968 1.2848660216467496e-05 0.227172107432405 6.748450017911645e-05
59852.31450510648 0.24573828227907352 6.62622035408814e-05 0.032802026456611524 2.2842673705472966e-05 6.525755817501065e-06 4.544405542076605e-09 0.01845113988184398 1.2849003959328544e-05 0.22728714239722952 6.749649265584129e-05
59852.31470773345 0.24573750810506864 6.63324262100197e-05 0.03274549017497182 2.2839068099186744e-05 6.514508281642322e-06 4.5436882294974855e-09 0.018419338223421646 1.2846975805792544e-05 0.227318169881647 6.756504683830485e-05
59852.314910360416 0.2456957616630664 6.625207177384662e-05 0.032797479853423184 2.2849167432790395e-05 6.524851299536438e-06 4.545697428078679e-09 0.01844858241755054 1.2852656680944595e-05 0.22724717924551585 6.74872417430521e-05
59852.31511298739 0.2455650195943166 6.624343602391651e-05 0.03277134780989142 2.284089642599496e-05 6.519652494659972e-06 4.544051963558879e-09 0.018433883143063923 1.2848004239622164e-05 0.22713113645125266 6.747787807271409e-05
59852.31531561435 0.2454462420248102 6.624030562875958e-05 0.0326880846107778 2.2838348330826e-05 6.503087807514251e-06 4.5435450361318685e-09 0.018387047593562512 1.2846570936089623e-05 0.22705919443124767 6.747453204437554e-05
59852.31551824132 0.24547226380095805 6.624243684929644e-05 0.032583742293947296 2.283630521608035e-05 6.482329563142706e-06 4.543138571368026e-09 0.018328355040345353 1.2845421684045195e-05 0.2271439087606127 6.747640549091189e-05
59852.31572086829 0.24547851208378862 6.623699921613818e-05 0.032759086346441216 2.283901398143382e-05 6.517213154012922e-06 4.543677463112627e-09 0.018426986069873183 1.2846945364556525e-05 0.22705152601391543 6.747135740711454e-05
59852.315923495255 0.24568096282791835 6.631680126381363e-05 0.03275635528820248 2.2839102639689177e-05 6.516669827239713e-06 4.543695101112109e-09 0.018425449849613893 1.284699523482516e-05 0.22725551297830446 6.75497107057297e-05
59852.31612612222 0.24550791051480647 6.624441275580195e-05 0.032841029287862006 2.2841562402157187e-05 6.533515184236182e-06 4.544184455306629e-09 0.018473078974422377 1.2848378851213418e-05 0.2270348315403841 6.747890826373352e-05
59852.31632874919 0.2455662800379445 6.625000638359482e-05 0.032716308043435255 2.2839486396579117e-05 6.508702681037319e-06 4.543771447119584e-09 0.01840292327443233 1.2847211098075754e-05 0.22716335676351218 6.748417724789179e-05
59852.31653137616 0.24551594897539053 6.623802464992834e-05 0.03271057972576731 2.2838873637935087e-05 6.507563068446752e-06 4.5436495426606845e-09 0.01839970109574411 1.2846866421338487e-05 0.2271162478796464 6.747234905034972e-05
59852.31673400312 0.24553208921136654 6.624316012249131e-05 0.03273051664745976 2.2839281637141864e-05 6.5115293929934885e-06 4.5437307115238545e-09 0.018410915614196114 1.2847095920892298e-05 0.22712117359717043 6.747743427705762e-05
59852.31693663009 0.24560442495973106 6.625501234687535e-05 0.032783879495777185 2.2839542474960534e-05 6.5221455943524654e-06 4.543782603559088e-09 0.018440932216374665 1.2847242642165301e-05 0.2271634927433564 6.748909767207794e-05
59852.31713925706 0.24558187175004448 6.624474837488693e-05 0.03277844950166781 2.2839836366750595e-05 6.521065331348132e-06 4.543841071472991e-09 0.018437877844688144 1.2847407956297208e-05 0.22714399390535633 6.747905288641516e-05
59852.31734188403 0.2455181874443738 6.62424468941261e-05 0.03269526806522978 2.2839283386292025e-05 6.504516910369886e-06 4.543731059506222e-09 0.01839108828669175 1.2847096904789263e-05 0.22712709915768203 6.747673428228549e-05
59852.317544510996 0.2455113015216497 6.624007006899264e-05 0.03274813810396157 2.2839683230154926e-05 6.515035070376917e-06 4.5438106059152794e-09 0.018420827683478386 1.2847321816962145e-05 0.22709047383817133 6.74744437592015e-05
59852.31774713796 0.24557598735019226 6.624742964688569e-05 0.03265053548870798 2.2842231290545936e-05 6.4956176470315345e-06 4.544317526423436e-09 0.01836592621239824 1.2848755100932087e-05 0.22721006113779402 6.748194160264504e-05
59852.31794976493 0.24555202136435386 6.624585700386234e-05 0.03275708545237212 2.2838157239543987e-05 6.516815088785796e-06 4.543507019729226e-09 0.018425860566959315 1.2846463447243493e-05 0.22712616079739456 6.747996142024342e-05
59852.3181523919 0.24547172465426081 6.623828053934658e-05 0.03267890690227916 2.2837992957139325e-05 6.501261960421982e-06 4.54347433678327e-09 0.018381885132532028 1.2846371038390869e-05 0.2270898395217288 6.747250593882806e-05
59852.31835501886 0.2456008998777801 6.625044325097607e-05 0.03283133316863682 2.284083244737401e-05 6.53158620260681e-06 4.544039235416659e-09 0.018467624907358208 1.284796825164788e-05 0.2271332749704219 6.748475027105125e-05
59852.318557645835 0.24540699018908274 6.62339739292267e-05 0.03277145443618624 2.2840627610857654e-05 6.519673707287327e-06 4.543998484486529e-09 0.01843394312035476 1.284785303110743e-05 0.22697304706872798 6.746856030749743e-05
59852.3187602728 0.2454682059799589 6.627363534632192e-05 0.03270119371056519 2.284294070301699e-05 6.5056957800525615e-06 4.544458659550261e-09 0.01839442146219292 1.2849154145447056e-05 0.22707378451776597 6.75077440318569e-05
59852.31896289977 0.24546414425193708 6.62410379356031e-05 0.03272853579370779 2.2853692275792836e-05 6.511135314660778e-06 4.5465976169918706e-09 0.01840980138396063 1.2855201905133468e-05 0.22705434286797643 6.74768947329955e-05
59852.31916552674 0.24551535776495903 6.624260391975441e-05 0.03278861295129683 2.283893233741346e-05 6.523087285407286e-06 4.543661220550859e-09 0.018443594785104465 1.284689943979507e-05 0.22707176297985457 6.747685084001527e-05
59852.3193681537 0.24545071513991842 6.623855459154008e-05 0.032650570118526845 2.2838504430057553e-05 6.495624536415098e-06 4.543576091087262e-09 0.01836594569167135 1.2846658741907373e-05 0.22708476944824707 6.747282975544645e-05
59852.31957078067 0.24541174169847102 6.62685171577098e-05 0.03277823694604692 2.283980477914031e-05 6.521023044750947e-06 4.543834787317594e-09 0.018437758282151388 1.2847390188266424e-05 0.22697398341631964 6.750238366851383e-05
59852.31977340764 0.24542865229626104 6.624437529465679e-05 0.03268447159825526 2.2837466249815373e-05 6.502369021511231e-06 4.543369551690558e-09 0.01838501527401858 1.2846074765521147e-05 0.22704363702224245 6.747843281420141e-05
59852.3199760346 0.24534853445523164 6.623249729273576e-05 0.03264061383072864 2.283753942795095e-05 6.493643795892685e-06 4.543384110018062e-09 0.01836034527978486 1.2846115928222409e-05 0.22698818917544678 6.746677991481125e-05
59852.320178661575 0.24551103050850143 6.623987184603524e-05 0.03272063394613368 2.283973979921942e-05 6.509563292034555e-06 4.5438218599730796e-09 0.018405356594700193 1.2847353637060923e-05 0.22710567391380124 6.747425522119436e-05
59852.32038128854 0.2456188451633069 6.624714877197234e-05 0.03270643556450384 2.2838923904703672e-05 6.506738613759187e-06 4.543659542916551e-09 0.018397370005033407 1.2846894696395814e-05 0.22722147515827348 6.74813116629791e-05
59852.32058391551 0.24548108409356645 6.624138770399752e-05 0.03272522256009554 2.2849806320034715e-05 6.510476167777018e-06 4.5458245306574444e-09 0.01840793769005374 1.2853016055019527e-05 0.2270731464035127 6.74768216994688e-05
59852.32078654248 0.24544569215821477 6.62370867364086e-05 0.03275504190261946 2.2843742099268976e-05 6.516408537480058e-06 4.544618092268859e-09 0.018424711070223445 1.2849604930838798e-05 0.22702098108799132 6.747194977325877e-05
59852.32098916944 0.24545016705998296 6.6238594222591e-05 0.03273121280081184 2.2838810547730606e-05 6.511667888302406e-06 4.5436369912633044e-09 0.01841130720045666 1.2846830933098465e-05 0.2270388598595263 6.747290144649688e-05
59852.321191796414 0.24551412174199577 6.624714428020729e-05 0.03269874172589195 2.2838740612405924e-05 6.505207973201146e-06 4.5436230780725295e-09 0.01839304222081422 1.2846791594478332e-05 0.22712107952118155 6.748128762519696e-05
59852.32139442338 0.24541482519626118 6.623543873528334e-05 0.03262890891524013 2.2838035439493666e-05 6.491315176944599e-06 4.543482788379129e-09 0.018353761264822573 1.2846394934715185e-05 0.2270610639314386 6.746972066989865e-05
59852.321597050344 0.24541454507304106 6.623588901769172e-05 0.03266862811804856 2.284019235279071e-05 6.499217061272888e-06 4.5439118926454355e-09 0.018376103316402315 1.2847608198444774e-05 0.22703844175663873 6.74703937322491e-05
59852.32179967732 0.24539640913157587 6.625199159717496e-05 0.03267978465597277 2.2838690697351856e-05 6.501436583970926e-06 4.543613147788042e-09 0.018382378868984684 1.2846763517260416e-05 0.22701403026259118 6.748604095263371e-05
59852.32200230428 0.24537903869970845 6.623099093343415e-05 0.032700782541150136 2.283945522721605e-05 6.505613980496493e-06 4.543765246171828e-09 0.01839419017939695 1.2847193565309029e-05 0.2269848485203115 6.7465506316407e-05
59852.32220493125 0.2453733575082191 6.623181408350864e-05 0.032674221610095575 2.2838082712644965e-05 6.5003298511584225e-06 4.54349219307376e-09 0.018379249655678758 1.284642152586279e-05 0.22699410785254034 6.746616739383232e-05
59852.32240755822 0.245305846984252 6.622822891977074e-05 0.03265640204359989 2.2837714228402626e-05 6.4967847610439935e-06 4.543418885462985e-09 0.018369226149524936 1.2846214253476475e-05 0.22693662083472707 6.746260835822893e-05
59852.32261018518 0.24546937007306402 6.625331359016632e-05 0.0328149081507387 2.2840662697102738e-05 6.528318549120739e-06 4.544005464673203e-09 0.01845838583479052 1.2847872767120287e-05 0.2270109842382735 6.74875499356513e-05
59852.322812812155 0.2454436416777806 6.625282504445623e-05 0.03275704106097406 2.2838172219304153e-05 6.516806257397757e-06 4.543509999857822e-09 0.018425835596797908 1.2846471873358586e-05 0.22701780608098268 6.74868036431147e-05
59852.32301543912 0.2453938308087466 6.623421441583645e-05 0.032700986943217526 2.2838822512328704e-05 6.505654644995747e-06 4.543639371544466e-09 0.018394305155559856 1.2846837663184895e-05 0.22699952565318676 6.746860304784161e-05
59852.323218066085 0.24543295060867992 6.623408164068102e-05 0.032739028312697704 2.2840892311228333e-05 6.513222734989192e-06 4.544051144952069e-09 0.01841570342589246 1.2848001925065936e-05 0.22701724718278746 6.746869440155854e-05
59852.32342069306 0.24541366814249244 6.623487761633529e-05 0.03264873875627218 2.2838438672869796e-05 6.495260198470821e-06 4.543563009110417e-09 0.0183649155504031 1.2846621753489258e-05 0.22704875259208934 6.746921300362216e-05
59852.32362332002 0.24534084175975066 6.633679210847852e-05 0.032679644745327086 2.283776453512987e-05 6.5014087496323605e-06 4.543428893668375e-09 0.018382300169246482 1.284624255101055e-05 0.22695854159050416 6.756919368264573e-05
59852.32382594699 0.24528491478752373 6.62264529744918e-05 0.03267107854311702 2.2837501679526797e-05 6.4997045578507905e-06 4.543376600207689e-09 0.018377481680503325 1.2846094694733822e-05 0.2269074331070204 6.74608421418577e-05
