WASP80b/WASP80b_WLP4/Results/ROEBA_Results/303050_radii/WASP80b_WLP4_nrca3_level3_asn_phot.ecsv
# %ECSV 0.9
# ---
# datatype:
# - {name: MJD, datatype: float64}
# - {name: aperture_sum, unit: Jy, datatype: float64}
# - {name: aperture_sum_err, unit: Jy, datatype: float64}
# - {name: annulus_sum, unit: Jy, datatype: float64}
# - {name: annulus_sum_err, unit: Jy, datatype: float64}
# - {name: annulus_mean, unit: Jy, datatype: float64}
# - {name: annulus_mean_err, unit: Jy, datatype: float64}
# - {name: aperture_bkg, unit: Jy, datatype: float64}
# - {name: aperture_bkg_err, unit: Jy, datatype: float64}
# - {name: net_aperture_sum, unit: Jy, datatype: float64}
# - {name: net_aperture_sum_err, unit: Jy, datatype: float64}
# meta: !!omap
# - {instrument: NIRCAM}
# - {detector: NRCA3}
# - {channel: SHORT}
# - {subarray: SUBGRISM256}
# - {filter: WLP4}
# - {pupil: CLEAR}
# - {target_name: UNKNOWN}
# - {xcenter: 1055.75}
# - {ycenter: 166.5}
# - ra_icrs: !numpy.ndarray
#     buffer: !!binary |
#       N3hKNXpxcnlja0E9
#     dtype: float64
#     order: C
#     shape: !!python/tuple []
# - dec_icrs: !numpy.ndarray
#     buffer: !!binary |
#       OGpMa01hd25BY0E9
#     dtype: float64
#     order: C
#     shape: !!python/tuple []
# - {apertures: Photometry measured in a circular aperture of r=30.0 pixels.  Background calculated as the mean in a circular annulus
#     with r_inner=30.0 pixels and r_outer=50.0 pixels.}
# - {number_of_integrations: 1227}
# - __serialized_columns__:
#     annulus_mean:
#       __class__: astropy.units.quantity.Quantity
#       unit: &id001 !astropy.units.Unit {unit: Jy}
#       value: !astropy.table.SerializedColumn {name: annulus_mean}
#     annulus_mean_err:
#       __class__: astropy.units.quantity.Quantity
#       unit: *id001
#       value: !astropy.table.SerializedColumn {name: annulus_mean_err}
#     annulus_sum:
#       __class__: astropy.units.quantity.Quantity
#       unit: *id001
#       value: !astropy.table.SerializedColumn {name: annulus_sum}
#     annulus_sum_err:
#       __class__: astropy.units.quantity.Quantity
#       unit: *id001
#       value: !astropy.table.SerializedColumn {name: annulus_sum_err}
#     aperture_bkg:
#       __class__: astropy.units.quantity.Quantity
#       unit: *id001
#       value: !astropy.table.SerializedColumn {name: aperture_bkg}
#     aperture_bkg_err:
#       __class__: astropy.units.quantity.Quantity
#       unit: *id001
#       value: !astropy.table.SerializedColumn {name: aperture_bkg_err}
#     aperture_sum:
#       __class__: astropy.units.quantity.Quantity
#       unit: *id001
#       value: !astropy.table.SerializedColumn {name: aperture_sum}
#     aperture_sum_err:
#       __class__: astropy.units.quantity.Quantity
#       unit: *id001
#       value: !astropy.table.SerializedColumn {name: aperture_sum_err}
#     net_aperture_sum:
#       __class__: astropy.units.quantity.Quantity
#       unit: *id001
#       value: !astropy.table.SerializedColumn {name: net_aperture_sum}
#     net_aperture_sum_err:
#       __class__: astropy.units.quantity.Quantity
#       unit: *id001
#       value: !astropy.table.SerializedColumn {name: net_aperture_sum_err}
# schema: astropy-2.0
MJD aperture_sum aperture_sum_err annulus_sum annulus_sum_err annulus_mean annulus_mean_err aperture_bkg aperture_bkg_err net_aperture_sum net_aperture_sum_err
[from data line 830]
59852.36617498322 0.24599101798186096 6.598381188435428e-05 0.03270118394903409 2.272545868938714e-05 6.505693838057652e-06 4.5210863555582854e-09 0.018394415971331672 1.2783070512780264e-05 0.22759660201052928 6.721064143812769e-05
59852.36637761018 0.24600853067219344 6.598269456395073e-05 0.03268037370469707 2.272626316805732e-05 6.501553771491169e-06 4.5212464015045e-09 0.0183827102088921 1.2783523032032242e-05 0.22762582046330135 6.720963058245531e-05
59852.366580237154 0.24607100867856985 6.601938251101516e-05 0.03282591313044983 2.2753953815273617e-05 6.530507920270303e-06 4.5267552807318595e-09 0.018464576135878027 1.279909902109141e-05 0.2276064325426918 6.724861190305297e-05
59852.36678286412 0.24599601300462437 6.598204940489914e-05 0.03286358682387536 2.2727722395807708e-05 6.5380028634368045e-06 4.521536705641464e-09 0.01848576758842989 1.2784343847641835e-05 0.22751024541619447 6.720915332962683e-05
59852.36698549109 0.24598260364612357 6.598387104916007e-05 0.03274451642595157 2.272654335632154e-05 6.514314560429942e-06 4.521302143188559e-09 0.018418790489597756 1.2783680637930866e-05 0.2275638131565258 6.721081556776999e-05
59852.367188118056 0.24611059054524154 6.599378902498831e-05 0.03277862142389148 2.273419866287394e-05 6.521099534187787e-06 4.522825118036931e-09 0.018437974550938954 1.278798674786659e-05 0.22767261599430258 6.722137156394741e-05
59852.36739074502 0.24602321703068653 6.601485902030544e-05 0.03280086139302328 2.2726600928711237e-05 6.525524035464709e-06 4.521313596851566e-09 0.018450484533575597 1.2783713022400069e-05 0.22757273249711094 6.72412442635462e-05
59852.36759337199 0.2460225573065528 6.598594448216945e-05 0.03277294395100272 2.273822364663778e-05 6.519970036844641e-06 4.5236258631142814e-09 0.018434780972439026 1.2790250801233752e-05 0.22758777633411378 6.721410108572761e-05
59852.36779599896 0.2461171428761007 6.599101338429298e-05 0.032837224547129604 2.2727798708746213e-05 6.5327582551177505e-06 4.521551887618195e-09 0.0184709388077604 1.2784386773669744e-05 0.2276462040683403 6.721796183063511e-05
59852.36799862592 0.2460939736184571 6.599274841722408e-05 0.03284711368189872 2.272882852927632e-05 6.53472563596951e-06 4.521756763903025e-09 0.01847650144606803 1.278496604771793e-05 0.2276174721723891 6.721977536782113e-05
59852.368201252895 0.2461413756285601 6.599326518373591e-05 0.032803126820136884 2.2728668156145158e-05 6.525974727868889e-06 4.52172485868232e-09 0.018451758836326996 1.2784875837831649e-05 0.2276896167922331 6.722026554395379e-05
59852.36840387986 0.24622511898460497 6.600046679197632e-05 0.03278251058389234 2.2727586459997872e-05 6.521873257986052e-06 4.521509662071365e-09 0.01844016220343944 1.2784267383748802e-05 0.22778495678116553 6.722722000274853e-05
59852.36860650683 0.24618470703949358 6.599627244854259e-05 0.032828314029968796 2.2730469295102065e-05 6.530985564053191e-06 4.522083183892554e-09 0.018465926641857446 1.2785888978494911e-05 0.22771878039763613 6.722341061023801e-05
59852.3688091338 0.24624474200607538 6.600469053602673e-05 0.03281526943252698 2.2728556513558794e-05 6.5283904238488055e-06 4.5217026480954715e-09 0.018458589055796427 1.2784813038876822e-05 0.22778615295027896 6.723147043755395e-05
59852.36901176076 0.2463683989767982 6.600986918177381e-05 0.03284233092690578 2.2729348588008487e-05 6.533774137096104e-06 4.521860226300428e-09 0.018473811146384498 1.2785258580754772e-05 0.2278945878304137 6.723663931497213e-05
59852.369214387734 0.24650182184447506 6.601723801786842e-05 0.03282707408825829 2.272910124417353e-05 6.5307388854877245e-06 4.521811018807957e-09 0.018465229174645284 1.278511944984761e-05 0.22803659266982979 6.724384726393012e-05
59852.3694170147 0.24658856254994388 6.602589455019393e-05 0.03281986628094728 2.2775281771200385e-05 6.529304937784724e-06 4.530998342746598e-09 0.018461174783032847 1.2811095996300215e-05 0.22812738776691102 6.725728906058993e-05
59852.369619641664 0.24678571890947837 6.604108289424064e-05 0.032945326547170174 2.2730494519952454e-05 6.554264464698472e-06 4.52208820221709e-09 0.01853174618278322 1.2785903167473254e-05 0.22825397272669515 6.726740629496552e-05
59852.369822268636 0.24672682905863758 6.670587747028494e-05 0.03292570224316559 2.2993141666371205e-05 6.550360333464638e-06 4.574340191768996e-09 0.018520707511780646 1.2933642187333802e-05 0.22820612154685693 6.794816545949308e-05
59852.3700248956 0.24687172995731868 6.671333858930615e-05 0.03298073731969313 2.299159499311599e-05 6.561309214055636e-06 4.574032490901601e-09 0.018551664742327383 1.2932772183627743e-05 0.2283200652149913 6.795532460436798e-05
59852.370227522566 0.24690966087472863 6.671776492690673e-05 0.03284421628533252 2.299224862317005e-05 6.534149217237499e-06 4.574162526469172e-09 0.01847487166049954 1.2933139850533152e-05 0.22843478921422908 6.795974001742087e-05
59852.37043014954 0.24712134811503822 6.673326993902153e-05 0.0329030898817281 2.2991198709664433e-05 6.545861747092441e-06 4.573953652813875e-09 0.018507988058472053 1.2932549274186241e-05 0.22861336005656616 6.797484937448239e-05
59852.3706327765 0.24743345858898996 6.675525218311756e-05 0.03304872773919158 2.2993793737480332e-05 6.574835478238224e-06 4.574469917194327e-09 0.018589909353295266 1.2934008977332687e-05 0.2288435492356947 6.799670787808292e-05
59852.370835403475 0.24745941979593553 6.677197462858701e-05 0.032990151484868904 2.299388709449813e-05 6.563182102709146e-06 4.574488489982896e-09 0.018556960210238758 1.2934061490655199e-05 0.22890245958569677 6.80131350729013e-05
59852.37103803044 0.2474112421005039 6.675372971431121e-05 0.03294814636588481 2.2992791641869844e-05 6.554825449807294e-06 4.574270556607002e-09 0.018533332330810205 1.2933445298551786e-05 0.2288779097696937 6.799510598610717e-05
59852.371240657405 0.24753817547039497 6.676701793965605e-05 0.032896804994509136 2.2991484320992352e-05 6.5446114085078495e-06 4.574010473382177e-09 0.018504452809411386 1.2932709930558196e-05 0.2290337226609836 6.800801181259683e-05
59852.37144328438 0.24762903603923153 6.680424320152381e-05 0.03304717736895634 2.2994120389571417e-05 6.574527041880023e-06 4.574534902563036e-09 0.018589037270037943 1.293419271913392e-05 0.2290399987691936 6.804484000292776e-05
59852.37164591134 0.24790140161373425 6.678895557807028e-05 0.03299401313320302 2.2993298495085777e-05 6.563950353235218e-06 4.574371391850424e-09 0.018559132387426697 1.2933730403485749e-05 0.22934226922630754 6.80297432698338e-05
59852.37184853831 0.2479695801421803 6.680380711135787e-05 0.03308152676397836 2.3018101204258643e-05 6.581360636892486e-06 4.57930573405909e-09 0.018608358804737827 1.2947681927395486e-05 0.22936122133744247 6.804697724267046e-05
59852.37205116528 0.24803934361396618 6.681290305207885e-05 0.03300927889956119 2.299424786588784e-05 6.566987380955204e-06 4.574560263170394e-09 0.01856771938100317 1.293426442456191e-05 0.22947162423296302 6.805335561492155e-05
59852.372253792244 0.24824084989042794 6.681594660799432e-05 0.033039450052372826 2.3001973281819395e-05 6.5729897410911445e-06 4.576097185836579e-09 0.018584690654459713 1.293860997102341e-05 0.22965615923596822 6.805716971124067e-05
59852.372456419216 0.2484119218799068 6.682445912692109e-05 0.03314189358994834 2.3000706366870164e-05 6.593370235332349e-06 4.575845141115769e-09 0.01864231514434594 1.2937897331364466e-05 0.22976960673556085 6.806539153609914e-05
59852.37265904618 0.24856985770661916 6.683947813762653e-05 0.03311601256025058 2.2997628279211914e-05 6.588221368071465e-06 4.575232775033169e-09 0.01862775706514095 1.2936165907056701e-05 0.22994210064147821 6.807980777062426e-05
59852.372861673146 0.24865185221174296 6.684745757965901e-05 0.033224245341545 2.299912909512237e-05 6.609753595755954e-06 4.575531352871693e-09 0.018688638004619063 1.2937010116006331e-05 0.2299632142071239 6.808780225272336e-05
59852.37306430012 0.24876118510300443 6.685122584625889e-05 0.033199967456699994 2.2997622722955345e-05 6.604923664029831e-06 4.575231669651046e-09 0.018674981694393748 1.293616278166238e-05 0.2300862034086107 6.80913408933998e-05
59852.37326692708 0.24882859520319983 6.68596046372736e-05 0.03314147452543816 2.2997981939414508e-05 6.593286865097012e-06 4.575303133494941e-09 0.018642079420558965 1.2936364840920661e-05 0.23018651578264088 6.809960548747655e-05
59852.37346955405 0.24903350730379203 6.68979812066746e-05 0.03319871825656935 2.299871974762767e-05 6.604675143560202e-06 4.575449915775164e-09 0.01867427901932026 1.2936779858040563e-05 0.23035922828447178 6.813736245720105e-05
59852.37367218102 0.24914591172463277 6.688604187011336e-05 0.03315002357522396 2.2998385681708818e-05 6.5949876445121975e-06 4.575383455472285e-09 0.018646888261063477 1.2936591945961211e-05 0.2304990234635693 6.812560464485335e-05
59852.373874807985 0.24934014780670116 6.68978729524261e-05 0.03328160524273624 2.3001390561013163e-05 6.6211649855182645e-06 4.575981257215635e-09 0.018720902949039133 1.2938282190569903e-05 0.23061924485766203 6.813754142616067e-05
59852.37407743496 0.24948804509605235 6.690941677495892e-05 0.03337141592523251 2.3002854047122334e-05 6.639032253095437e-06 4.5762724085261616e-09 0.018771421457943284 1.2939105401506312e-05 0.23071662363810908 6.814903155406131e-05
59852.37428006192 0.24956069500359512 6.692992771607168e-05 0.033320007372359475 2.300319510377321e-05 6.628804846461757e-06 4.576340259590989e-09 0.018742504146952204 1.2939297245872431e-05 0.23081819085664293 6.816920593123865e-05
59852.37448268889 0.2495567875360704 6.693814019926528e-05 0.03323115920964998 2.3003905744482657e-05 6.611129066111945e-06 4.576481637068077e-09 0.018692527055428114 1.2939696981271494e-05 0.2308642604806423 6.817734500040041e-05
59852.37468531586 0.24987039540068257 6.693732709462972e-05 0.033301480786570276 2.300211579338509e-05 6.625119099328048e-06 4.576125537611739e-09 0.018732082942445778 1.2938690133779113e-05 0.2311383124582368 6.817635558572637e-05
59852.374887942824 0.25001494610719854 6.695064055621543e-05 0.033290813091374695 2.301589761745058e-05 6.62299682880083e-06 4.578867344392796e-09 0.018726082363898264 1.2946442409815951e-05 0.23128886374330027 6.819089852728323e-05
59852.37509056979 0.2501305160469971 6.706225102008296e-05 0.033330255906138036 2.3002700884845683e-05 6.630843727474634e-06 4.576241937859382e-09 0.018748268947202645 1.2939019247725696e-05 0.23138224709979446 6.829907562312711e-05
59852.37529319676 0.2501767448909307 6.695801221986618e-05 0.03344199331938641 2.3004951790161407e-05 6.65307317953311e-06 4.5766897412436685e-09 0.018811121242154855 1.2940285381965792e-05 0.23136562364877586 6.819696757336404e-05
59852.375495823726 0.250462011277402 6.701440255918098e-05 0.03337377008796316 2.3004006824902204e-05 6.6395005988897196e-06 4.576501746378603e-09 0.01877274567447928 1.2939753839007489e-05 0.2316892656029227 6.825223351494127e-05
59852.37569845069 0.2505200178331357 6.698869491952849e-05 0.03333697658103503 2.3004318684353126e-05 6.632180763263097e-06 4.576563788845058e-09 0.018752049326832203 1.2939929259948632e-05 0.23176796850630352 6.82270255564035e-05
59852.37590107766 0.25064810255664427 6.699824102255251e-05 0.0333571051835541 2.3005055691668034e-05 6.63618522149865e-06 4.576710411791636e-09 0.01876337166574918 1.294034382656327e-05 0.2318847308908951 6.823647703732742e-05
59852.37610370463 0.25078306266624595 6.702452601393938e-05 0.033436226424387365 2.3005225300282395e-05 6.651925892226372e-06 4.5767441543533446e-09 0.01880787736371789 1.2940439231408848e-05 0.23197518530252806 6.826230332251486e-05
59852.3763063316 0.2509858752988603 6.702150334279212e-05 0.03341039406450194 2.3016632063070622e-05 6.646786707517005e-06 4.579013457706373e-09 0.01879334666128234 1.2946855535477224e-05 0.23219252863757794 6.826055214092846e-05
59852.376508958565 0.25094500279983467 6.70180254542916e-05 0.03340864363752856 2.3006273917378264e-05 6.646438471135336e-06 4.576952770096117e-09 0.018792362046109814 1.2941029078525273e-05 0.23215264075372485 6.825603247628237e-05
59852.37671158553 0.25117351842160474 6.703721650405075e-05 0.033467571724393595 2.300774228711606e-05 6.658161841524735e-06 4.577244892973688e-09 0.018825509094971396 1.2941855036502782e-05 0.23234800932663335 6.82750321010311e-05
59852.3769142125 0.251284649343845 6.704458678526245e-05 0.033492316142711226 2.3025375944322555e-05 6.6630845871362155e-06 4.58075299761019e-09 0.018839427830275063 1.2951773968681435e-05 0.23244522151356992 6.828414945023773e-05
59852.37711683947 0.2514447194149427 6.705112235887763e-05 0.03349006992132569 2.3007191541918413e-05 6.662637715590231e-06 4.577135325697951e-09 0.018838164330745696 1.2941545242329107e-05 0.23260655508419698 6.828862718523804e-05
59852.37731946643 0.2516116298886949 6.71273589065889e-05 0.033540607689671 2.300930023188278e-05 6.672691885146469e-06 4.577554836237047e-09 0.018866591825439937 1.2942731380434063e-05 0.23274503806325497 6.836370827683408e-05
59852.377522093404 0.25150108238676866 6.709450193416753e-05 0.03348047337335755 2.3010570170223723e-05 6.660728543033047e-06 4.577807482442526e-09 0.01883276627251362 1.2943445720750843e-05 0.23266831611425504 6.833158110946969e-05
59852.37772472037 0.25165450110377346 6.708120809221095e-05 0.03349877391588741 2.300971867186287e-05 6.664369320289161e-06 4.577638082226071e-09 0.018843060327686668 1.2942966752922864e-05 0.2328114407760868 6.831843724411276e-05
59852.37792734734 0.25184258584264274 6.7112158265186e-05 0.03359586203864949 2.301193781881759e-05 6.6836843886055334e-06 4.578079567485184e-09 0.01889767239674034 1.2944215023084892e-05 0.2329449134459024 6.834906356033877e-05
59852.378129974306 0.25202994779216875 6.710308380130736e-05 0.03361807752721774 2.3013014396552592e-05 6.688104019629081e-06 4.5782937458203696e-09 0.018910168609059978 1.2944820598060831e-05 0.23311977918310878 6.834026804133313e-05
59852.37833260127 0.2520381269858544 6.710121921718369e-05 0.03357261224457817 2.3010485839266934e-05 6.6790589890401345e-06 4.577790705331741e-09 0.01888459438757522 1.2943398284587651e-05 0.2331535325982792 6.833816780969482e-05
59852.37853522824 0.25219845476443636 6.71141329940024e-05 0.03362620908006256 2.3026080755192195e-05 6.689721740666913e-06 4.5808932152775e-09 0.018914742607535187 1.295217042479561e-05 0.2332837121569012 6.835250958267437e-05
59852.37873785521 0.25233857549974514 6.712386252696293e-05 0.03362489624769506 2.301123558650415e-05 6.68946056096599e-06 4.577939862805331e-09 0.01891400413932847 1.2943820017408585e-05 0.23342457136041667 6.836048125329198e-05
59852.37894048217 0.2523893067343525 6.712460200858814e-05 0.03368474271456698 2.3012605861949388e-05 6.701366637252555e-06 4.578212470443465e-09 0.018947667776943924 1.294459079734653e-05 0.23344163895740858 6.836135330522724e-05
59852.379143109145 0.2524693625970075 6.714091433936019e-05 0.0336905811585379 2.3013724659333162e-05 6.702528158774976e-06 4.5784350481108976e-09 0.01895095190167757 1.2945220120874904e-05 0.23351841069532991 6.837748973385326e-05
59852.37934573611 0.2527361390544401 6.715028307167432e-05 0.033709997750513934 2.3033117477882326e-05 6.7063909670137065e-06 4.5822931267766264e-09 0.018961873734664087 1.2956128581308806e-05 0.233774265319776 6.838875480970097e-05
59852.37954836308 0.2526137259346132 6.714601166718136e-05 0.03363303678381726 2.3021522777218482e-05 6.691080069170073e-06 4.579986434371225e-09 0.018918583190897207 1.2949606562185396e-05 0.23369514274371597 6.838332540118718e-05
59852.37975099005 0.252807592513915 6.71528698492321e-05 0.03373349493504227 2.301458548674783e-05 6.71106558334674e-06 4.5786063042836386e-09 0.018975090900961274 1.2945704336295653e-05 0.2338325016129537 6.838932072882936e-05
