HATP14b/Results/50520_radii/HATP14b_WLP8_nrca3_level3_asn_phot.ecsv
# %ECSV 0.9
# ---
# datatype:
# - {name: MJD, datatype: float64}
# - {name: aperture_sum, unit: Jy, datatype: float64}
# - {name: aperture_sum_err, unit: Jy, datatype: float64}
# - {name: annulus_sum, unit: Jy, datatype: float64}
# - {name: annulus_sum_err, unit: Jy, datatype: float64}
# - {name: annulus_mean, unit: Jy, datatype: float64}
# - {name: annulus_mean_err, unit: Jy, datatype: float64}
# - {name: aperture_bkg, unit: Jy, datatype: float64}
# - {name: aperture_bkg_err, unit: Jy, datatype: float64}
# - {name: net_aperture_sum, unit: Jy, datatype: float64}
# - {name: net_aperture_sum_err, unit: Jy, datatype: float64}
# meta: !!omap
# - {instrument: NIRCAM}
# - {detector: NRCA3}
# - {channel: SHORT}
# - {subarray: SUBGRISM128}
# - {filter: F210M}
# - {pupil: WLP8}
# - {target_name: UNKNOWN}
# - {xcenter: 1051.8}
# - {ycenter: 56.2973}
# - ra_icrs: !numpy.ndarray
#     buffer: !!binary |
#       ZllmeEdOeEJjRUE9
#     dtype: float64
#     order: C
#     shape: !!python/tuple []
# - dec_icrs: !numpy.ndarray
#     buffer: !!binary |
#       ZXo0UCtmd2VRMEE9
#     dtype: float64
#     order: C
#     shape: !!python/tuple []
# - {apertures: Photometry measured in a circular aperture of r=50.0 pixels.  Background calculated as the mean in a circular annulus
#     with r_inner=5.0 pixels and r_outer=20.0 pixels.}
# - {number_of_integrations: 669}
# - __serialized_columns__:
#     annulus_mean:
#       __class__: astropy.units.quantity.Quantity
#       unit: &id001 !astropy.units.Unit {unit: Jy}
#       value: !astropy.table.SerializedColumn {name: annulus_mean}
#     annulus_mean_err:
#       __class__: astropy.units.quantity.Quantity
#       unit: *id001
#       value: !astropy.table.SerializedColumn {name: annulus_mean_err}
#     annulus_sum:
#       __class__: astropy.units.quantity.Quantity
#       unit: *id001
#       value: !astropy.table.SerializedColumn {name: annulus_sum}
#     annulus_sum_err:
#       __class__: astropy.units.quantity.Quantity
#       unit: *id001
#       value: !astropy.table.SerializedColumn {name: annulus_sum_err}
#     aperture_bkg:
#       __class__: astropy.units.quantity.Quantity
#       unit: *id001
#       value: !astropy.table.SerializedColumn {name: aperture_bkg}
#     aperture_bkg_err:
#       __class__: astropy.units.quantity.Quantity
#       unit: *id001
#       value: !astropy.table.SerializedColumn {name: aperture_bkg_err}
#     aperture_sum:
#       __class__: astropy.units.quantity.Quantity
#       unit: *id001
#       value: !astropy.table.SerializedColumn {name: aperture_sum}
#     aperture_sum_err:
#       __class__: astropy.units.quantity.Quantity
#       unit: *id001
#       value: !astropy.table.SerializedColumn {name: aperture_sum_err}
#     net_aperture_sum:
#       __class__: astropy.units.quantity.Quantity
#       unit: *id001
#       value: !astropy.table.SerializedColumn {name: net_aperture_sum}
#     net_aperture_sum_err:
#       __class__: astropy.units.quantity.Quantity
#       unit: *id001
#       value: !astropy.table.SerializedColumn {name: net_aperture_sum_err}
# schema: astropy-2.0
MJD aperture_sum aperture_sum_err annulus_sum annulus_sum_err annulus_mean annulus_mean_err aperture_bkg aperture_bkg_err net_aperture_sum net_aperture_sum_err
[from data line 414]
59650.5519647941 0.13940307648887917 2.133917858775966e-05 0.009258913068313343 4.8164475687030745e-06 7.859209506561153e-06 4.088327673077523e-09 0.061726087122088956 3.21096504580205e-05 0.07767698936679021 3.855373127644789e-05
59650.5522855669 0.13909299848717996 2.1319036288079262e-05 0.009232895322069747 4.812996503085522e-06 7.837124957639665e-06 4.0853983176003606e-09 0.06155263548046498 3.208664335390348e-05 0.07754036300671498 3.852342131707721e-05
59650.5526063397 0.13897318783542106 2.13132242444576e-05 0.009202883137980657 4.810649733469592e-06 7.811649824568931e-06 4.083406317682104e-09 0.06135255425320438 3.2070998223130616e-05 0.07762063358221669 3.8507174068251e-05
59650.5529271125 0.13943860343643183 2.1340666423557874e-05 0.00926649383739991 4.817738495298092e-06 7.865644263214836e-06 4.089423445604274e-09 0.06177662558266608 3.211825663532062e-05 0.07766197785376575 3.856172263649392e-05
59650.5532478853 0.1391500984449642 2.132474740043614e-05 0.009221478745816483 4.812916309621944e-06 7.827434266738905e-06 4.0853302472743225e-09 0.06147652497210988 3.208610873081296e-05 0.07767357347285432 3.852613690960929e-05
59650.5535686581 0.13872744386202257 2.129885854372829e-05 0.009163953578902342 4.804873318817831e-06 7.778605388517188e-06 4.0785031446411634e-09 0.06109302385934894 3.203248879211887e-05 0.07763442000267362 3.8467151096526095e-05
59650.5538894309 0.13940431846897033 2.133805414046514e-05 0.009278210521792426 4.81878700986005e-06 7.87558969381599e-06 4.090313452406618e-09 0.0618547368119495 3.2125246732400334e-05 0.07754958165702083 3.8566099519124566e-05
59650.55421020371 0.1392866948297978 2.1331405042483e-05 0.009282653381443642 4.823891976593835e-06 7.879360910215749e-06 4.094646682753292e-09 0.06188435587629096 3.215927984395889e-05 0.07740233895350684 3.8590777669911365e-05
59650.55453097651 0.13909379247514628 2.132039451339356e-05 0.009218129691639404 4.812567009345517e-06 7.82459150126176e-06 4.0850337519910335e-09 0.06145419794426269 3.208378006230345e-05 0.0776395945308836 3.852178818919239e-05
59650.55485174931 0.13913506139777598 2.1323702318983964e-05 0.009213161884737467 4.811410467662629e-06 7.820374695796324e-06 4.084052048920508e-09 0.06142107923158311 3.2076069784417525e-05 0.07771398216619288 3.851719789137659e-05
59650.55517252211 0.13930273573970628 2.1332378044863692e-05 0.00925032098252268 4.8159385426511525e-06 7.851916317627534e-06 4.087895598345117e-09 0.0616688065501512 3.210625695100768e-05 0.07763392918955508 3.8547141119065e-05
59650.55549329491 0.13942070716266605 2.133974556864449e-05 0.009268580511103986 4.818096931086904e-06 7.86741548686616e-06 4.089727695351317e-09 0.06179053674069324 3.212064620724603e-05 0.07763017042197282 3.8563203364159866e-05
59650.55581406771 0.13917988291954939 2.1324018372313058e-05 0.009243957723460051 4.814665949494103e-06 7.846515015579578e-06 4.086815387723841e-09 0.06162638482306701 3.2097772996627354e-05 0.07755349809648238 3.853544849727021e-05
59650.55613484051 0.13902333207912349 2.131677175530908e-05 0.009203351148176837 4.8101067659538165e-06 7.812047083961676e-06 4.0829454325403754e-09 0.06135567432117892 3.206737843969211e-05 0.07766765775794457 3.850612312428211e-05
59650.55645561331 0.13932180025931565 2.1332630166671607e-05 0.009266325413333264 4.816487549849401e-06 7.865501300426876e-06 4.088361610128554e-09 0.0617755027555551 3.210991699899601e-05 0.07754629750376055 3.855032917512379e-05
59650.55677638611 0.13931674417066647 2.133352818454666e-05 0.009276841276322636 4.824061285312936e-06 7.8744274421636e-06 4.094790396457577e-09 0.06184560850881758 3.21604085687529e-05 0.07747113566184889 3.859289188581185e-05
59650.55709715891 0.138880727273576 2.1309150610855495e-05 0.00918198129448871 4.807206683974703e-06 7.79390778877439e-06 4.080483766501188e-09 0.06121320862992473 3.204804455983135e-05 0.07766751864365128 3.848580335480941e-05
59650.55741793171 0.13917167778222306 2.13258602369436e-05 0.00922524551105077 4.812812243827948e-06 7.83063159637359e-06 4.085241913484875e-09 0.06150163674033846 3.2085414958852986e-05 0.0776700410418846 3.852617510118853e-05
59650.55773870451 0.13960996107958779 2.1350313257703608e-05 0.009303857378728433 4.821966058146118e-06 7.897359422115382e-06 4.093011912401581e-09 0.06202571585818955 3.214644038764079e-05 0.07758424522139823 3.859053647979278e-05
59650.55805947731 0.13906588433427225 2.1318221361878526e-05 0.009225262659606322 4.812271895005715e-06 7.830646152519634e-06 4.084783251159263e-09 0.061501751064042154 3.208181263337143e-05 0.0775641332702301 3.8518946816817365e-05
59650.55838025011 0.1395228239200174 2.134631196664165e-05 0.009283223866383222 4.820267377615286e-06 7.879845152872247e-06 4.091570027584429e-09 0.061888159109221484 3.213511585076858e-05 0.07763466481079592 3.857888937384676e-05
59650.558701022914 0.13918068491289204 2.132548953807661e-05 0.00924348747688849 4.8149312160528294e-06 7.846115857892454e-06 4.087040552972152e-09 0.061623249845923274 3.2099541440352194e-05 0.07755743506696877 3.853773559408366e-05
59650.559021795714 0.13919832390847714 2.1326735868841555e-05 0.009241468202552049 4.81469746087881e-06 7.844401844601236e-06 4.08684213541792e-09 0.06160978801701367 3.20979830725254e-05 0.07758853589146347 3.853712729490173e-05
59650.55934256852 0.13919516976431834 2.132738643533066e-05 0.009236326746413299 4.814410144186804e-06 7.84003764108565e-06 4.086598253435171e-09 0.06157551164275533 3.209606762791203e-05 0.07761965812156302 3.8535891962395636e-05
59650.55966334132 0.1392665134261657 2.1330365818389182e-05 0.009247388258539772 4.816194841231046e-06 7.84942694419498e-06 4.088113151336571e-09 0.06164925505693182 3.2107965608206976e-05 0.07761725836923387 3.854745077750418e-05
59650.55998411412 0.13917267105137807 2.132586461145687e-05 0.009227644968665766 4.813675856877673e-06 7.832668319254476e-06 4.085974971009049e-09 0.06151763312443844 3.209117237918449e-05 0.07765503792693962 3.8530972555811796e-05
59650.56030488692 0.13942380993093967 2.133903398854354e-05 0.009275097297828265 4.818589219741749e-06 7.872947107240799e-06 4.090145562939832e-09 0.06183398198552177 3.212392813161166e-05 0.0775898279454179 3.8565543301879825e-05
59650.560625659724 0.13957942778037252 2.135027943693e-05 0.009283136858671276 4.8196771636075065e-06 7.87977129843255e-06 4.0910690383747215e-09 0.061887579057808506 3.213118109071671e-05 0.07769184872256402 3.857780748460735e-05
59650.560946432524 0.13923319840907675 2.1348861568139067e-05 0.00923597196789038 4.817433189374494e-06 7.839736495722315e-06 4.0891642938874964e-09 0.061573146452602534 3.2116221262496635e-05 0.07766005195647421 3.8564563506374685e-05
59650.561267205325 0.139628034058324 2.1352296825832686e-05 0.009292234960415355 4.82088045120557e-06 7.887494007047606e-06 4.092090420610417e-09 0.0619482330694357 3.213920300803713e-05 0.0776798009888883 3.858560547315913e-05
59650.561587978125 0.13958513715343804 2.1350615528653455e-05 0.009275833627110494 4.819075773063266e-06 7.873572122947519e-06 4.090558562226217e-09 0.061838890847403294 3.2127171820421774e-05 0.07774624630603474 3.8574654277534115e-05
59650.561908750926 0.1395611257531016 2.1349725187777272e-05 0.009270107284747649 4.818624564797232e-06 7.868711452585475e-06 4.090175564754733e-09 0.061800715231650996 3.212416376531488e-05 0.0777604105214506 3.857165621559931e-05
59650.562229523726 0.1395673218267561 2.1349881472278116e-05 0.009280768410036527 4.819773198319328e-06 7.877760896791593e-06 4.091150555169893e-09 0.06187178940024352 3.2131821322128846e-05 0.07769553242651259 3.857812048762275e-05
59650.56255029653 0.1393739631677941 2.133797407344001e-05 0.009255927313422764 4.816581091333547e-06 7.856675119096106e-06 4.088441010606346e-09 0.0617061820894851 3.211054060889032e-05 0.077667781078309 3.855380598273006e-05
59650.56287106933 0.13936923672305213 2.1339286206182757e-05 0.009238095693201862 4.8155335991798525e-06 7.841539169754804e-06 4.0875518716510904e-09 0.06158730462134575 3.210355732786569e-05 0.07778193210170638 3.8548716306680574e-05
59650.56319184213 0.13957302243086514 2.1350446756228492e-05 0.009267378405623599 4.817840674651035e-06 7.866395108043113e-06 4.089510178132822e-09 0.06178252270415732 3.21189378310069e-05 0.07779049972670782 3.8567703380971935e-05
59650.56351261493 0.13935014262674106 2.133639920428498e-05 0.00926365730496811 4.8170201937932714e-06 7.863236539706774e-06 4.088813732350287e-09 0.06175771536645407 3.211346795862181e-05 0.07759242726028698 3.85553725871511e-05
59650.56383338773 0.1396299090535762 2.1355699318502213e-05 0.009277976227558878 4.820200492648099e-06 7.875390818693819e-06 4.091513253860982e-09 0.06185317485039252 3.213466995098733e-05 0.07777673420318368 3.8583712965980396e-05
59650.56415416053 0.13958080810887388 2.135008402914438e-05 0.009287103809043011 4.820983595161631e-06 7.883138550489413e-06 4.092177971919522e-09 0.06191402539362007 3.213989063441087e-05 0.07766678271525382 3.8584953777909565e-05
59650.56447493334 0.13964872310754764 2.1356244776870638e-05 0.009277144723455281 4.819360044635802e-06 7.874685016089613e-06 4.090799859431282e-09 0.061847631489701876 3.212906696423868e-05 0.07780109161784576 3.8579348555440225e-05
59650.56479570614 0.13975241361603785 2.1364439244727454e-05 0.009330048295538419 4.830914900779301e-06 7.919590962778945e-06 4.100607925948368e-09 0.06220032197025612 3.220609933852868e-05 0.07755209164578172 3.864805426984427e-05
59650.56511647894 0.13921700094111122 2.133003844195531e-05 0.009221366480199129 4.812954000617627e-06 7.827338972723219e-06 4.085362240385112e-09 0.06147577653466085 3.208636000411752e-05 0.07774122440645037 3.8529275080763245e-05
59650.56543725174 0.13949426201335702 2.1346347522761814e-05 0.009261515064595114 4.818270996319161e-06 7.861418149601956e-06 4.0898754465093645e-09 0.06174343376396743 3.212180664212774e-05 0.07775082824938959 3.856782356468616e-05
59650.56575802454 0.13969405992546485 2.1358157068086952e-05 0.00929152301600027 4.820755612520305e-06 7.88688968985898e-06 4.091984454243223e-09 0.06194348677333513 3.213837075013537e-05 0.07775057315212971 3.858815553791382e-05
59650.56607879734 0.13977792762617683 2.1363237949593577e-05 0.009295711766727955 4.8211948179895215e-06 7.890445211905332e-06 4.092357263424336e-09 0.061971411778186374 3.2141298786596806e-05 0.07780651584799045 3.859340647546216e-05
59650.56639957014 0.13986720930593222 2.1370398786747097e-05 0.009313590629467884 4.82373169034561e-06 7.905621261942244e-06 4.0945106275601475e-09 0.062090604196452556 3.2158211268970735e-05 0.07777660510947966 3.861145550642139e-05
59650.56672034294 0.1393696789827794 2.1340906400906007e-05 0.009225930741400143 4.814031110070509e-06 7.831213237958974e-06 4.086276519284723e-09 0.061506204942667626 3.2093540733803395e-05 0.07786347404011179 3.8541271941187006e-05
59650.56704111574 0.13930156064050325 2.1335532978725476e-05 0.009219796108778931 4.812846675796509e-06 7.826006000061807e-06 4.085271140247526e-09 0.06146530739185954 3.2085644505310065e-05 0.07783625324864371 3.8531721357959295e-05
59650.56736188854 0.13961057600691734 2.13542211045093e-05 0.009276022889859244 4.8195632111186245e-06 7.873732774158222e-06 4.090972312498011e-09 0.06184015259906163 3.21304214074575e-05 0.07777042340785571 3.8579356381374137e-05
59650.56768266134 0.1399367187874474 2.1372808291786955e-05 0.009324155993215913 4.825481230168853e-06 7.914589421227913e-06 4.095995683085509e-09 0.06216103995477276 3.216987486779236e-05 0.07777567883267464 3.8622503586470095e-05
59650.56800343414 0.1394044541964212 2.1342914084983283e-05 0.009229786655432308 4.814690684850407e-06 7.834486239443542e-06 4.0868363837463745e-09 0.06153191103621539 3.209793789900272e-05 0.07787254316020581 3.854604517985228e-05
59650.56832420694 0.13977399000703894 2.1364754390251508e-05 0.009287875437542387 4.821458208487121e-06 7.883793529102246e-06 4.092580836222504e-09 0.06191916958361591 3.214305472324748e-05 0.07785482042342304 3.859570827303799e-05
59650.56864497974 0.13953839294230524 2.1351563691825923e-05 0.009250745894064286 4.816806237574842e-06 7.852276993746057e-06 4.088632120671523e-09 0.061671639293761904 3.2112041583832284e-05 0.07786675364854334 3.856257883969734e-05
59650.56896575254 0.13995071441396306 2.1374685938194654e-05 0.009319235946488449 4.824050713453028e-06 7.910413155857678e-06 4.094781422784181e-09 0.06212823964325633 3.216033808968686e-05 0.07782247477070672 3.861559976226473e-05
59650.569286525344 0.13950080839579485 2.134838388737367e-05 0.009261046494132643 4.8176172133332845e-06 7.861020414640415e-06 4.0893204982751695e-09 0.061740309960884296 3.211744808888856e-05 0.07776049843491055 3.8565320773268917e-05
59650.569607298145 0.13965225737796394 2.1358895576825178e-05 0.00926076330205353 4.818337792056648e-06 7.860780033737825e-06 4.08993214449229e-09 0.061738422013690196 3.212225194704432e-05 0.07791383536427374 3.85751408346245e-05
59650.56992807095 0.13986768267809824 2.137018628422236e-05 0.009304221578015175 4.822405748971756e-06 7.897668564071413e-06 4.09338513356602e-09 0.062028143853434504 3.2149371659811705e-05 0.07783953882466374 3.860397596029546e-05
59650.57024884375 0.1398709356057125 2.137829871125272e-05 0.0092838056084324 4.820985517612196e-06 7.880338950860147e-06 4.092179603746244e-09 0.06189203738954934 3.2139903450747975e-05 0.07797889821616316 3.860058353977245e-05
59650.57056961655 0.13984457180607202 2.136889605830153e-05 0.009312629671185353 4.8260480825366044e-06 7.904805575218138e-06 4.0964768423192745e-09 0.06208419780790235 3.217365388357737e-05 0.07776037399816967 3.862348667547672e-05
59650.570890389354 0.13955487623796953 2.13516247274339e-05 0.009261751535034978 4.818205336829655e-06 7.86161887194542e-06 4.0898197130036806e-09 0.06174501023356652 3.21213689121977e-05 0.07780986600440301 3.8570380077135195e-05
59650.571211162154 0.14005810383640172 2.1407357953360807e-05 0.009340246059645707 4.831808357133841e-06 7.928247093798465e-06 4.1013663152564315e-09 0.062268307064304716 3.2212055714225614e-05 0.07778979677209699 3.8676756687701925e-05
59650.571531934955 0.1395307045264758 2.135184875752664e-05 0.009247854070288702 4.817245606175147e-06 7.84982233748774e-06 4.089005068322605e-09 0.06165236046859135 3.2114970707834315e-05 0.07787834405788446 3.8565175857622485e-05
59650.571852707755 0.13997022006502666 2.137734859926127e-05 0.009341822108149187 4.832537117442882e-06 7.929584885317833e-06 4.101984906219167e-09 0.06227881405432791 3.221691411628588e-05 0.07769140601069874 3.866420293127065e-05
59650.572173480556 0.1396472679707153 2.135847557619547e-05 0.009264344037436503 4.818256003841464e-06 7.863819456330382e-06 4.0898627204990475e-09 0.06176229358291002 3.2121706692276434e-05 0.07788497438780528 3.857445423805209e-05
59650.572494253356 0.1392422373328735 2.1334577460290142e-05 0.009204290606740839 4.811876714874929e-06 7.812844521157893e-06 4.084447811846057e-09 0.06136193737827225 3.2079178099166195e-05 0.07788029995460125 3.852580775178042e-05
59650.57281502616 0.13978287847857257 2.136832067810328e-05 0.009267371645740645 4.819412688100884e-06 7.86638937007625e-06 4.090844544592291e-09 0.061782477638270966 3.212941792067256e-05 0.0780004008403016 3.858632691153035e-05
59650.57313579896 0.13958205176479382 2.1355362185260957e-05 0.009241756428778542 4.816513391083495e-06 7.844646498620837e-06 4.088383544849309e-09 0.06161170952519029 3.2110089273889966e-05 0.07797034223960353 3.856305650802147e-05
59650.57345657176 0.13964495309455108 2.1360302576524663e-05 0.009252382523237509 4.817561745070743e-06 7.853666207735e-06 4.089273415351606e-09 0.06168255015491672 3.211707830047162e-05 0.07796240293963436 3.857161190201041e-05
59650.57377734456 0.13988181645626452 2.1371107218857754e-05 0.009310516874972238 4.824329632175167e-06 7.903012178092468e-06 4.09501817634871e-09 0.06207011249981492 3.216219754783445e-05 0.0778117039564496 3.861516767885182e-05
