HATP14b/Results/50520_radii/HATP14b_WLP8_nrca3_level3_asn_phot.ecsv
# %ECSV 0.9
# ---
# datatype:
# - {name: MJD, datatype: float64}
# - {name: aperture_sum, unit: Jy, datatype: float64}
# - {name: aperture_sum_err, unit: Jy, datatype: float64}
# - {name: annulus_sum, unit: Jy, datatype: float64}
# - {name: annulus_sum_err, unit: Jy, datatype: float64}
# - {name: annulus_mean, unit: Jy, datatype: float64}
# - {name: annulus_mean_err, unit: Jy, datatype: float64}
# - {name: aperture_bkg, unit: Jy, datatype: float64}
# - {name: aperture_bkg_err, unit: Jy, datatype: float64}
# - {name: net_aperture_sum, unit: Jy, datatype: float64}
# - {name: net_aperture_sum_err, unit: Jy, datatype: float64}
# meta: !!omap
# - {instrument: NIRCAM}
# - {detector: NRCA3}
# - {channel: SHORT}
# - {subarray: SUBGRISM128}
# - {filter: F210M}
# - {pupil: WLP8}
# - {target_name: UNKNOWN}
# - {xcenter: 1051.8}
# - {ycenter: 56.2973}
# - ra_icrs: !numpy.ndarray
#     buffer: !!binary |
#       ZllmeEdOeEJjRUE9
#     dtype: float64
#     order: C
#     shape: !!python/tuple []
# - dec_icrs: !numpy.ndarray
#     buffer: !!binary |
#       ZXo0UCtmd2VRMEE9
#     dtype: float64
#     order: C
#     shape: !!python/tuple []
# - {apertures: Photometry measured in a circular aperture of r=50.0 pixels.  Background calculated as the mean in a circular annulus
#     with r_inner=5.0 pixels and r_outer=20.0 pixels.}
# - {number_of_integrations: 669}
# - __serialized_columns__:
#     annulus_mean:
#       __class__: astropy.units.quantity.Quantity
#       unit: &id001 !astropy.units.Unit {unit: Jy}
#       value: !astropy.table.SerializedColumn {name: annulus_mean}
#     annulus_mean_err:
#       __class__: astropy.units.quantity.Quantity
#       unit: *id001
#       value: !astropy.table.SerializedColumn {name: annulus_mean_err}
#     annulus_sum:
#       __class__: astropy.units.quantity.Quantity
#       unit: *id001
#       value: !astropy.table.SerializedColumn {name: annulus_sum}
#     annulus_sum_err:
#       __class__: astropy.units.quantity.Quantity
#       unit: *id001
#       value: !astropy.table.SerializedColumn {name: annulus_sum_err}
#     aperture_bkg:
#       __class__: astropy.units.quantity.Quantity
#       unit: *id001
#       value: !astropy.table.SerializedColumn {name: aperture_bkg}
#     aperture_bkg_err:
#       __class__: astropy.units.quantity.Quantity
#       unit: *id001
#       value: !astropy.table.SerializedColumn {name: aperture_bkg_err}
#     aperture_sum:
#       __class__: astropy.units.quantity.Quantity
#       unit: *id001
#       value: !astropy.table.SerializedColumn {name: aperture_sum}
#     aperture_sum_err:
#       __class__: astropy.units.quantity.Quantity
#       unit: *id001
#       value: !astropy.table.SerializedColumn {name: aperture_sum_err}
#     net_aperture_sum:
#       __class__: astropy.units.quantity.Quantity
#       unit: *id001
#       value: !astropy.table.SerializedColumn {name: net_aperture_sum}
#     net_aperture_sum_err:
#       __class__: astropy.units.quantity.Quantity
#       unit: *id001
#       value: !astropy.table.SerializedColumn {name: net_aperture_sum_err}
# schema: astropy-2.0
MJD aperture_sum aperture_sum_err annulus_sum annulus_sum_err annulus_mean annulus_mean_err aperture_bkg aperture_bkg_err net_aperture_sum net_aperture_sum_err
[from data line 277]
59650.50801892037 0.13973480197282664 2.1355398333666085e-05 0.009329890945942994 4.8290546918302695e-06 7.919457400294117e-06 4.09902893155145e-09 0.0621992729729533 3.2193697945535135e-05 0.07753552899987334 3.8632722210554895e-05
59650.50833969317 0.1396591633233144 2.135027049133725e-05 0.00928948337638974 4.819498690641091e-06 7.885158389986224e-06 4.090917545815717e-09 0.06192988917593161 3.2129991270940606e-05 0.07772927414738279 3.857681154688637e-05
59650.508660465974 0.13925940437964185 2.132740394830746e-05 0.009226327732518618 4.812261785712694e-06 7.831550214486274e-06 4.0847746701248344e-09 0.061508851550124116 3.208174523808463e-05 0.07775055282951773 3.8523973532018296e-05
59650.508981238774 0.13977243672152867 2.135716459933968e-05 0.009309583917147174 4.8225651854340845e-06 7.902220258894841e-06 4.093520467438493e-09 0.062063892780981164 3.215043456956056e-05 0.0777085439405475 3.859765436830174e-05
59650.509302011575 0.13941703442755743 2.133540837536713e-05 0.009260059259254282 4.8165479404030405e-06 7.860182423649033e-06 4.0884128712225685e-09 0.061733728395028546 3.2110319602686936e-05 0.07768330603252888 3.855220195436814e-05
59650.509622784375 0.13966377234074184 2.1349294957810185e-05 0.009292238959866212 4.819840561361144e-06 7.887497401886932e-06 4.091207734695689e-09 0.06194825973244142 3.213227040907429e-05 0.07771551260830042 3.857816995189703e-05
59650.509943557176 0.13935519740715024 2.1332672417042533e-05 0.009230639603656221 4.812167279805509e-06 7.835210244382407e-06 4.084694451019341e-09 0.06153759735770815 3.2081115198703394e-05 0.0778176000494421 3.852636584010131e-05
59650.510264329976 0.13956962462652456 2.1345235169673797e-05 0.009264966243548271 4.815680872091675e-06 7.864347601281368e-06 4.087676880781224e-09 0.06176644162365514 3.210453914727784e-05 0.07780318300286942 3.855282737112512e-05
59650.51058510278 0.1389049322393103 2.130570859125271e-05 0.009175762240447805 4.806378303630812e-06 7.788628891750573e-06 4.079780615426572e-09 0.061171748269652035 3.2042522024205414e-05 0.07773318396965827 3.847929880139539e-05
59650.51090587558 0.1392396657988002 2.132527192482943e-05 0.009224141747544087 4.811786736537966e-06 7.829694692810429e-06 4.08437143586153e-09 0.06149427831696059 3.207857824358644e-05 0.07774538748183962 3.8520155825201636e-05
59650.51122664838 0.13927260657440996 2.1328272872077933e-05 0.009216748890292639 4.810449263255066e-06 7.823419440676344e-06 4.083236153278986e-09 0.061444992601950923 3.2069661755033774e-05 0.07782761397245903 3.851439248888773e-05
59650.51154742118 0.1392214321274054 2.1323980929158392e-05 0.009216605247378306 4.810933073410044e-06 7.823297512783779e-06 4.083646824093295e-09 0.06144403498252205 3.2072887156066966e-05 0.07777739714488335 3.8514701779877724e-05
59650.51186819398 0.1395959032884398 2.134700881668145e-05 0.009265295544018715 4.816764563108478e-06 7.864627120202081e-06 4.088596746285803e-09 0.06176863696012477 3.2111763754056524e-05 0.07782726632831502 3.855982568445835e-05
59650.51218896678 0.1393519976486537 2.1338038493130935e-05 0.009244385588264318 4.814303959429339e-06 7.846878198505306e-06 4.086508121013669e-09 0.06162923725509545 3.209535972952893e-05 0.07772276039355824 3.854119877354887e-05
59650.51250973959 0.13915048571652175 2.1320137235270236e-05 0.009221257236547039 4.812100932482761e-06 7.827246243831318e-06 4.084638133662669e-09 0.06147504824364693 3.208067288321841e-05 0.07767543747287481 3.851905793721883e-05
59650.51283051239 0.13925826568232574 2.132470502878657e-05 0.009243168601956118 4.813772832465461e-06 7.845845188443306e-06 4.086057286444546e-09 0.06162112401304079 3.209181888310307e-05 0.07763714166928495 3.8530869232222704e-05
59650.51315128519 0.13897546278484718 2.1309483606694874e-05 0.009187983301126908 4.807936075629878e-06 7.799002450240736e-06 4.081102893367167e-09 0.06125322200751273 3.205290717086585e-05 0.07772224077733444 3.84900370185343e-05
59650.51347205799 0.1392313264964125 2.132278583348971e-05 0.009251922581169539 4.814816906003249e-06 7.853275796782184e-06 4.086943523588495e-09 0.0616794838744636 3.2098779373355e-05 0.07755184262194892 3.853560474366777e-05
59650.51379283079 0.13961405742765567 2.1361973629522865e-05 0.009270924351568635 4.817306875986278e-06 7.86940500044359e-06 4.089057075753558e-09 0.06180616234379091 3.211537917324185e-05 0.07780789508386476 3.8571122576216606e-05
59650.51411360359 0.13927285558087965 2.13267229224777e-05 0.009240849852782002 4.813459193290108e-06 7.843876973014769e-06 4.085791061243987e-09 0.061605665685213355 3.2089727955267386e-05 0.07766718989566629 3.853024462490739e-05
59650.51443437639 0.13929034631081794 2.1326434709306202e-05 0.009254509875415042 4.815209771574973e-06 7.855471960347011e-06 4.08727699824295e-09 0.06169673250276695 3.210139847716649e-05 0.07759361380805099 3.8539805417258235e-05
59650.51475514919 0.13916506922723476 2.1318532269947564e-05 0.009246333199686173 4.814401312875822e-06 7.848531382425363e-06 4.086590757185587e-09 0.061642221331241163 3.209600875250548e-05 0.07752284789599359 3.8530943357069576e-05
59650.51507592199 0.13938697852608775 2.1331772831930338e-05 0.009266198459948922 4.817184733240226e-06 7.865393539047355e-06 4.088953397770641e-09 0.06177465639965948 3.211456488826817e-05 0.07761232212642827 3.855372628055385e-05
59650.51539669479 0.13909016694686938 2.1314838481016328e-05 0.009207925176240578 4.8091753299673305e-06 7.815929639567999e-06 4.082154805119453e-09 0.06138616784160386 3.206116886644887e-05 0.07770399910526551 3.849988166936055e-05
59650.51571746759 0.1394583127195519 2.1337088399373273e-05 0.00926531812836302 4.816706055258189e-06 7.86464629038892e-06 4.088547083280025e-09 0.06176878752242013 3.211137370172126e-05 0.07768952519713176 3.8554009679594485e-05
59650.51603824039 0.13942941951901303 2.1336865631766097e-05 0.009246802494224918 4.814076023198738e-06 7.848929732001934e-06 4.086314642732016e-09 0.06164534996149945 3.209384015465825e-05 0.07778406955751357 3.8539283995175566e-05
59650.51635901319 0.13904501640119465 2.1310825040515562e-05 0.009217060405028126 4.810930805519043e-06 7.823683862596339e-06 4.0836448990476244e-09 0.061447069366854186 3.2072872036793626e-05 0.07759794703434048 3.850740687966412e-05
59650.51667978599 0.1392269887350971 2.1323095270407458e-05 0.00924869903095955 4.81425340164173e-06 7.850539562380985e-06 4.086465206230683e-09 0.06165799353973033 3.209502267761153e-05 0.07756899519536675 3.853264684118223e-05
59650.51700055879 0.13946381537838215 2.1337367257231336e-05 0.009272940444982766 4.817894030216091e-06 7.87111631368409e-06 4.0895554677430625e-09 0.06181960296655178 3.2119293534773936e-05 0.07764421241183037 3.856076060768172e-05
59650.517321331594 0.13951647868697198 2.137734124977804e-05 0.009268046268649927 4.816499948165815e-06 7.866962007786839e-06 4.088372134146385e-09 0.06178697512433286 3.210999965443877e-05 0.07772950356263912 3.8575157766592734e-05
59650.5176421044 0.13875192390613814 2.129550261948234e-05 0.009170159929462553 4.805099333054513e-06 7.783873502491689e-06 4.078694991483708e-09 0.06113439952975036 3.2033995553696755e-05 0.07761752437638778 3.8466547842906864e-05
59650.5179628772 0.13923913115525222 2.1324041335987084e-05 0.009246882928940502 4.814045720984729e-06 7.848998007109036e-06 4.086288921413903e-09 0.061645886192936684 3.2093638139898195e-05 0.07759324496231554 3.853201717991953e-05
59650.51828365 0.1394629509725969 2.1335824006849876e-05 0.00928217361533551 4.818820926620479e-06 7.878953672095016e-06 4.090342241847022e-09 0.061881157435570065 3.212547284413653e-05 0.07758179353702682 3.8565054019288304e-05
59650.5186044228 0.13902886914469337 2.1312250319479092e-05 0.009201911428776324 4.809015836886412e-06 7.810825012178972e-06 4.082019423187629e-09 0.06134607619184216 3.206010557924275e-05 0.07768279295285122 3.849756334409139e-05
59650.5189251956 0.13917517167121463 2.1317626062620595e-05 0.009247042959149257 4.814149047561575e-06 7.849133844969129e-06 4.086376627736345e-09 0.061646953060995054 3.2094326983743834e-05 0.07752821861021958 3.852904106625531e-05
59650.519245968404 0.13899526862092598 2.130969237026144e-05 0.009207801302604691 4.809926433183112e-06 7.815824492360157e-06 4.082792361330461e-09 0.061385342017364605 3.2066176221220756e-05 0.07760992660356138 3.850120318075218e-05
59650.519566741204 0.1394445122303355 2.1336891556804285e-05 0.009262125675535391 4.815527180907204e-06 7.861936452265695e-06 4.08754642365206e-09 0.06174750450356928 3.210351453938136e-05 0.07769700772676622 3.8547355124406344e-05
59650.519887514005 0.13946265710041633 2.13357493332422e-05 0.009282973168895096 4.818305381268896e-06 7.87963235423515e-06 4.089904633361196e-09 0.061886487792633976 3.212203587512597e-05 0.07757616930778236 3.856214968558969e-05
59650.520208286805 0.13936948979277686 2.1332504603455464e-05 0.009262591040873357 4.817339550827719e-06 7.86233146663306e-06 4.089084811020386e-09 0.06175060693915572 3.211559700551813e-05 0.07761888285362115 3.855499090490482e-05
59650.520529059606 0.1393909270252956 2.133157128442768e-05 0.00925806616721788 4.81483286578461e-06 7.858490634584338e-06 4.086957070671664e-09 0.061720441114785876 3.20988857718974e-05 0.07767048591050972 3.854055527960044e-05
59650.52084983241 0.139453674760262 2.1337554122952102e-05 0.009270569258362886 4.81740206019495e-06 7.869103587969171e-06 4.089137870619236e-09 0.06180379505575258 3.2116013734633e-05 0.07764987970450941 3.855813214035459e-05
59650.52117060521 0.13927082588933032 2.1326256103170472e-05 0.009230702175271655 4.8122252396213216e-06 7.835263356819173e-06 4.084743648839007e-09 0.06153801450181104 3.2081501597475476e-05 0.07773281138751928 3.852313518039306e-05
59650.52149137801 0.13907615975874238 2.1312239138818863e-05 0.009224436724271982 4.810625423022306e-06 7.829945076833582e-06 4.083385682333548e-09 0.061496244828479874 3.207083615348205e-05 0.0775799149302625 3.850649385095576e-05
59650.52181215081 0.13939706250042974 2.1331828054008418e-05 0.009275949895562817 4.817408703158059e-06 7.873670814675054e-06 4.089143509341451e-09 0.061839665970418775 3.211605802105372e-05 0.07755739653001097 3.8555000595739454e-05
59650.52213292361 0.13936115659446846 2.1338578849834342e-05 0.009423977774060163 4.8969756441988546e-06 7.99932078042577e-06 4.15668202653262e-09 0.06282651849373443 3.264650429465903e-05 0.07653463810073403 3.9001656246777367e-05
59650.52245369641 0.1391852746133444 2.1366430502780053e-05 0.009208560509194372 4.810410257036266e-06 7.81646892692856e-06 4.083203043772142e-09 0.06139040339462915 3.206940171357511e-05 0.07779487121871526 3.853531988574617e-05
59650.52277446922 0.1389796271819756 2.1308117436518202e-05 0.009212716442800915 4.811013757176101e-06 7.819996592937324e-06 4.0837153106010026e-09 0.06141810961867278 3.207342504784068e-05 0.07756151756330282 3.850636912236604e-05
59650.52309524202 0.13900101790816527 2.130932556373954e-05 0.0092104589673408 4.809535341649746e-06 7.818080388252599e-06 4.082460392526532e-09 0.06140305978227201 3.206356894433164e-05 0.07759795812589326 3.8498828676069506e-05
59650.52341601482 0.13921075287325918 2.132550218353769e-05 0.009254671776624878 4.815289004841828e-06 7.855609386362147e-06 4.087344253528696e-09 0.06169781184416586 3.2101926698945516e-05 0.07751294102909331 3.85397293862391e-05
59650.52373678762 0.13925466613867346 2.1323580554349558e-05 0.009275763510388349 4.822095321254899e-06 7.873512606025265e-06 4.093121634336097e-09 0.061838423402589 3.214730214169933e-05 0.07741624273608447 3.8576471101534686e-05
59650.52405756042 0.13937552995572455 2.1330924193538065e-05 0.009261211864066797 4.8156263740766364e-06 7.861160785000199e-06 4.0876306214293194e-09 0.06174141242711199 3.2104175827177575e-05 0.07763411752861257 3.8544603156509474e-05
59650.52437833322 0.1392580990812861 2.1324288556885784e-05 0.00924049256149432 4.813043474246406e-06 7.843573694750457e-06 4.085438187960027e-09 0.06160328374329547 3.208695649497604e-05 0.07765481533799065 3.852658899471656e-05
59650.52469910602 0.14367227266114513 3.9937933896646655e-05 0.009560316700561467 5.3962906215529246e-06 8.11504885556457e-06 4.580513742829783e-09 0.06373544467040979 3.5975270810352835e-05 0.07993682799073534 5.375182484168461e-05
59650.52501987882 0.1391963315304134 2.1320646661659132e-05 0.009242977896928281 4.813055487068807e-06 7.845683312988092e-06 4.0854483847603765e-09 0.06161985264618855 3.2087036580458714e-05 0.07757647888422484 3.852464004487274e-05
59650.52534065162 0.13900091423534716 2.1309071590913907e-05 0.009209622820324692 4.809993486832769e-06 7.817370644621851e-06 4.082849278236035e-09 0.06139748546883129 3.2066623245551794e-05 0.07760342876651588 3.8501231908068306e-05
59650.52566142442 0.13941809858825324 2.133254460883517e-05 0.009284442083254203 4.81898448613541e-06 7.880879207468378e-06 4.090481075475241e-09 0.061896280555028015 3.2126563240902733e-05 0.07752181803322522 3.8564148184027934e-05
59650.52598219722 0.13912050309767957 2.131745867749489e-05 0.009213126917695944 4.81038807586594e-06 7.820345014849638e-06 4.083184215810003e-09 0.06142084611797296 3.206925383910627e-05 0.0776996569797066 3.850806521059886e-05
59650.52630297002 0.13939722255165105 2.1365247999526066e-05 0.009246294230015805 4.814350483238028e-06 7.84849830394179e-06 4.086547611648999e-09 0.0616419615334387 3.209566988825352e-05 0.07775526101821234 3.8556527951269116e-05
59650.52662374282 0.13937821114874044 2.1331555226084133e-05 0.009260508009404199 4.8157840464604256e-06 7.860563334606753e-06 4.0877644579054215e-09 0.06173672006269466 3.210522697640284e-05 0.07764149108604579 3.854582788798059e-05
59650.52694451562 0.1391865151239336 2.131939295573778e-05 0.009269653008201931 4.819946866746951e-06 7.868325850677305e-06 4.091297969509708e-09 0.06179768672134621 3.2132979111646344e-05 0.07738882840258739 3.856222066466948e-05
59650.52726528842 0.13947130013700754 2.1337246254916275e-05 0.009260194694098424 4.814702914445479e-06 7.860297384315232e-06 4.0868467645490825e-09 0.0617346312939895 3.209801942963653e-05 0.07773666884301804 3.854297509337159e-05
59650.527586061224 0.13927517320767935 2.132439341887672e-05 0.009255603607690895 4.815595262831514e-06 7.85640034913699e-06 4.087604213384268e-09 0.06170402405127264 3.2103968418876754e-05 0.0775711491564067 3.8540816583503636e-05
59650.527906834024 0.1389552811860424 2.130562500672642e-05 0.009205564320831049 4.809267185089728e-06 7.813925683256787e-06 4.082232774168935e-09 0.06137042880554032 3.206178123393152e-05 0.07758485238050207 3.849529156688814e-05
59650.52822760683 0.13905275977245396 2.1312726821862446e-05 0.009198370357404059 4.808235553763145e-06 7.807819257444374e-06 4.0813570983018734e-09 0.061322469049360395 3.2054903691754303e-05 0.07773029072309356 3.849349523323361e-05
59650.52854837963 0.13917051047686074 2.1317554373209772e-05 0.00924700085061925 4.814194173917883e-06 7.849098102138745e-06 4.086414932177252e-09 0.061646672337461676 3.209462782611922e-05 0.07752383813939906 3.852925200093899e-05
59650.52886915243 0.139275842699231 2.1323184649561404e-05 0.009265517120130436 4.81603122808083e-06 7.864815199847155e-06 4.087974272181309e-09 0.06177011413420291 3.21068748538722e-05 0.07750572856502808 3.854256888793873e-05
59650.52918992523 0.13897397687103055 2.1307209998366794e-05 0.009208887506146912 4.809266351876302e-06 7.816746490562548e-06 4.082232066915413e-09 0.06139258337431275 3.206177567917534e-05 0.0775813934967178 3.8496164193543505e-05
59650.529510698034 0.1393625582613822 2.133019212661694e-05 0.00927207148376509 4.8178718233492885e-06 7.870378716493965e-06 4.089536617969078e-09 0.06181380989176727 3.2119145488995256e-05 0.07754874836961492 3.855666742732877e-05
