HATP14b/Results/50520_radii/HATP14b_WLP8_nrca3_level3_asn_phot.ecsv
# %ECSV 0.9
# ---
# datatype:
# - {name: MJD, datatype: float64}
# - {name: aperture_sum, unit: Jy, datatype: float64}
# - {name: aperture_sum_err, unit: Jy, datatype: float64}
# - {name: annulus_sum, unit: Jy, datatype: float64}
# - {name: annulus_sum_err, unit: Jy, datatype: float64}
# - {name: annulus_mean, unit: Jy, datatype: float64}
# - {name: annulus_mean_err, unit: Jy, datatype: float64}
# - {name: aperture_bkg, unit: Jy, datatype: float64}
# - {name: aperture_bkg_err, unit: Jy, datatype: float64}
# - {name: net_aperture_sum, unit: Jy, datatype: float64}
# - {name: net_aperture_sum_err, unit: Jy, datatype: float64}
# meta: !!omap
# - {instrument: NIRCAM}
# - {detector: NRCA3}
# - {channel: SHORT}
# - {subarray: SUBGRISM128}
# - {filter: F210M}
# - {pupil: WLP8}
# - {target_name: UNKNOWN}
# - {xcenter: 1051.8}
# - {ycenter: 56.2973}
# - ra_icrs: !numpy.ndarray
#     buffer: !!binary |
#       ZllmeEdOeEJjRUE9
#     dtype: float64
#     order: C
#     shape: !!python/tuple []
# - dec_icrs: !numpy.ndarray
#     buffer: !!binary |
#       ZXo0UCtmd2VRMEE9
#     dtype: float64
#     order: C
#     shape: !!python/tuple []
# - {apertures: Photometry measured in a circular aperture of r=50.0 pixels.  Background calculated as the mean in a circular annulus
#     with r_inner=5.0 pixels and r_outer=20.0 pixels.}
# - {number_of_integrations: 669}
# - __serialized_columns__:
#     annulus_mean:
#       __class__: astropy.units.quantity.Quantity
#       unit: &id001 !astropy.units.Unit {unit: Jy}
#       value: !astropy.table.SerializedColumn {name: annulus_mean}
#     annulus_mean_err:
#       __class__: astropy.units.quantity.Quantity
#       unit: *id001
#       value: !astropy.table.SerializedColumn {name: annulus_mean_err}
#     annulus_sum:
#       __class__: astropy.units.quantity.Quantity
#       unit: *id001
#       value: !astropy.table.SerializedColumn {name: annulus_sum}
#     annulus_sum_err:
#       __class__: astropy.units.quantity.Quantity
#       unit: *id001
#       value: !astropy.table.SerializedColumn {name: annulus_sum_err}
#     aperture_bkg:
#       __class__: astropy.units.quantity.Quantity
#       unit: *id001
#       value: !astropy.table.SerializedColumn {name: aperture_bkg}
#     aperture_bkg_err:
#       __class__: astropy.units.quantity.Quantity
#       unit: *id001
#       value: !astropy.table.SerializedColumn {name: aperture_bkg_err}
#     aperture_sum:
#       __class__: astropy.units.quantity.Quantity
#       unit: *id001
#       value: !astropy.table.SerializedColumn {name: aperture_sum}
#     aperture_sum_err:
#       __class__: astropy.units.quantity.Quantity
#       unit: *id001
#       value: !astropy.table.SerializedColumn {name: aperture_sum_err}
#     net_aperture_sum:
#       __class__: astropy.units.quantity.Quantity
#       unit: *id001
#       value: !astropy.table.SerializedColumn {name: net_aperture_sum}
#     net_aperture_sum_err:
#       __class__: astropy.units.quantity.Quantity
#       unit: *id001
#       value: !astropy.table.SerializedColumn {name: net_aperture_sum_err}
# schema: astropy-2.0
MJD aperture_sum aperture_sum_err annulus_sum annulus_sum_err annulus_mean annulus_mean_err aperture_bkg aperture_bkg_err net_aperture_sum net_aperture_sum_err
[from data line 484]
59650.57441889016 0.14009852060833666 2.1384452981977958e-05 0.009343112246523087 4.827754591539447e-06 7.93067998878172e-06 4.097925372149852e-09 0.06228741497682059 3.2185030610262986e-05 0.07781110563151608 3.8641571198930194e-05
59650.57473966296 0.14003591832476 2.1382454418581248e-05 0.00931446551615369 4.8241366558655065e-06 7.906363888825932e-06 4.094854372969606e-09 0.062096436774357944 3.216091103910338e-05 0.07793948155040206 3.862037746873827e-05
59650.57506043577 0.1398217450082318 2.136846191504942e-05 0.00929179555131478 4.821433004471236e-06 7.887121025018828e-06 4.092559442389363e-09 0.06194530367543187 3.21428866964749e-05 0.07787644133279993 3.859762077897213e-05
59650.57538120857 0.1396869486129298 2.1363685119724152e-05 0.009250966182909567 4.818155587005999e-06 7.852463980725443e-06 4.0897774840418e-09 0.06167310788606379 3.212103724670667e-05 0.07801384072686601 3.8576781562217456e-05
59650.57570198137 0.1401954875671485 2.139234334518763e-05 0.009337106001968262 4.827562372618889e-06 7.925581730060017e-06 4.097762211662585e-09 0.06224737334645508 3.21837491507926e-05 0.07794811422069342 3.86448711111777e-05
59650.57602275417 0.1396659182445013 2.136106023797706e-05 0.009250965379175392 4.817647947776141e-06 7.852463298494685e-06 4.0893465864805236e-09 0.06167310252783595 3.211765298517428e-05 0.07799281571666536 3.857251000086148e-05
59650.57634352697 0.13995931163010833 2.1378498724957058e-05 0.009289302709063038 4.821596716686489e-06 7.885005034796358e-06 4.0926984056336406e-09 0.06192868472708692 3.214397811124326e-05 0.0780306269030214 3.86040870446262e-05
59650.57666429977 0.13966157133017457 2.136128227747037e-05 0.00924887913532264 4.8171180761883335e-06 7.850692439712496e-06 4.088896817507704e-09 0.06165919423548427 3.211412050792222e-05 0.0780023770946903 3.856969168317425e-05
59650.57698507257 0.13971017772118546 2.136524353487007e-05 0.00924611421616954 4.817272702938418e-06 7.848345503443348e-06 4.089028068769626e-09 0.06164076144113027 3.211515135292279e-05 0.07806941628005519 3.857274397454044e-05
59650.57730584537 0.14008910586807313 2.1386375137809344e-05 0.009306265776292521 4.8234035048971174e-06 7.899403733460743e-06 4.094232055099463e-09 0.06204177184195014 3.215602336598079e-05 0.07804733402612299 3.861847848179175e-05
59650.57762661817 0.14006220737715444 2.1385956828905972e-05 0.009307307226806895 4.824416588875405e-06 7.900287744113268e-06 4.095091987488325e-09 0.062048714845379306 3.216277725916937e-05 0.07801349253177514 3.8623870734440536e-05
59650.57794739097 0.13978928752525788 2.137021887402792e-05 0.009263337724213734 4.8193616282645116e-06 7.862965271137303e-06 4.09080120365708e-09 0.06175558482809157 3.212907752176341e-05 0.07803370269716631 3.8587094696586606e-05
59650.57826816377 0.14022430626531807 2.139562940432378e-05 0.009353925908542884 4.834457071772854e-06 7.93985891018639e-06 4.103614614070505e-09 0.06235950605695257 3.2229713811819026e-05 0.0778648002083655 3.868497654127404e-05
59650.57858893657 0.13971063392360528 2.1364831499092752e-05 0.009247736488444742 4.817248038646687e-06 7.849722530918758e-06 4.089007133068576e-09 0.06165157658963162 3.211498692431125e-05 0.07805905733397366 3.85723788498105e-05
59650.57890970937 0.14024265262485053 2.1395814348622997e-05 0.00933411308124929 4.828007424979851e-06 7.923041260050916e-06 4.098139983839554e-09 0.06222742054166194 3.218671616653234e-05 0.07801523208318858 3.8649263501723495e-05
59650.57923048217 0.140281610350628 2.1399015353041087e-05 0.009328297402876577 4.82697209918839e-06 7.918104758928516e-06 4.097261172013305e-09 0.06218864935251051 3.217981399458926e-05 0.0780929609981175 3.864528802850421e-05
59650.579551254974 0.13991857884877812 2.1377480877442387e-05 0.00928865321948049 4.822548031039809e-06 7.884453730916096e-06 4.093505906336388e-09 0.06192435479653661 3.215032020693206e-05 0.07799422405224152 3.86088044113474e-05
59650.579872027774 0.14029914022892245 2.1399561776740835e-05 0.009338612116833345 4.828321131419802e-06 7.92686016006344e-06 4.098406266136076e-09 0.0622574141122223 3.218880754279868e-05 0.07804172611670016 3.865307976428114e-05
59650.58019280058 0.14007251639812657 2.138680735596024e-05 0.009307565873599058 4.82441417489861e-06 7.900507290329202e-06 4.095089938441182e-09 0.06205043915732706 3.216276116599074e-05 0.07802207724079951 3.8624328275084824e-05
59650.58051357338 0.14017430648091905 2.1392046549475562e-05 0.009321236769642078 4.826246880373961e-06 7.912111507298491e-06 4.096645587164561e-09 0.06214157846428051 3.217497920249308e-05 0.07803272801663855 3.863740340985392e-05
59650.58083434618 0.13967299851034906 2.1364491244953215e-05 0.009237457131359372 4.816463221878172e-06 7.840997141628393e-06 4.088340959905213e-09 0.06158304754239582 3.210975481252115e-05 0.07808995096795324 3.8567834269970454e-05
59650.58115511898 0.14017533887626824 2.139419074651983e-05 0.009302689632924117 4.824357645230552e-06 7.896368208691214e-06 4.095041954568633e-09 0.06201793088616078 3.216238430153701e-05 0.07815740799010745 3.862810326249827e-05
59650.581475891784 0.14004872238592142 2.1384985961627098e-05 0.009301740675038238 4.823616762914364e-06 7.895562708220155e-06 4.094413074126656e-09 0.062011604500254926 3.215744508609576e-05 0.0780371178856665 3.861889303235208e-05
59650.581796664585 0.13984211078213993 2.1373063819092897e-05 0.009260953456153005 4.8184416646185296e-06 7.860941441550523e-06 4.0900203142612245e-09 0.06173968970768671 3.21229444307902e-05 0.07810242107445323 3.858356406449063e-05
59650.582117437385 0.13961810262149718 2.13616161690287e-05 0.009260009987179817 4.831936318806385e-06 7.86014060021326e-06 4.1014749324975595e-09 0.06173339991453211 3.2212908792042565e-05 0.07788470270696507 3.865216860924315e-05
59650.582438210186 0.14032650226539184 2.1405725221702755e-05 0.009317569292332711 4.825911550272974e-06 7.908998455872022e-06 4.096360950134483e-09 0.06211712861555141 3.2172743668486495e-05 0.07820937364984043 3.86431172063691e-05
59650.582758982986 0.13967836853250898 2.1364902352273056e-05 0.009239479721883428 4.817079454183635e-06 7.842713969787082e-06 4.088864034131919e-09 0.06159653147922285 3.21138630278909e-05 0.07808183705328613 3.857148235544365e-05
59650.58307975579 0.13998693355470365 2.138145491901191e-05 0.009283217913536493 4.820770995335258e-06 7.879840099939008e-06 4.091997511582094e-09 0.061888119423576624 3.2138473302235054e-05 0.07809881413112703 3.860114092422935e-05
59650.58340052859 0.14017482314027985 2.1414341525282388e-05 0.009349992123398354 4.839115724239039e-06 7.93651980964872e-06 4.107569001100588e-09 0.0623332808226557 3.226077149492693e-05 0.07784154231762415 3.87212009164143e-05
59650.58372130139 0.14041293263362795 2.1430347566241775e-05 0.009355800072599339 4.837092294533778e-06 7.94144975004639e-06 4.105851460622768e-09 0.06237200048399559 3.2247281963558525e-05 0.07804093214963236 3.871881959521973e-05
59650.58404207419 0.13990409777894774 2.1401394137860784e-05 0.009256199754780921 4.825439558912494e-06 7.856906374503324e-06 4.095960311424526e-09 0.06170799836520615 3.216959705941663e-05 0.07819609941374159 3.8638098374652044e-05
59650.58436284699 0.14019123961657504 2.1417582550539795e-05 0.009326221677839072 4.83285246899605e-06 7.916342828794018e-06 4.1022525849311585e-09 0.06217481118559382 3.221901645997367e-05 0.07801642843098122 3.868821350175323e-05
59650.58468361979 0.1402865763851442 2.1424634333045848e-05 0.009317734324013428 4.832647858938428e-06 7.909138539113371e-06 4.102078906520082e-09 0.062118228826756196 3.221765239292285e-05 0.078168347558388 3.8690981921061845e-05
59650.58500439259 0.1399494581976201 2.1403338707050872e-05 0.009280049782238703 4.827784474380334e-06 7.877150906571501e-06 4.097950737493002e-09 0.061866998548258015 3.218522982920223e-05 0.0780824596493621 3.865219174855821e-05
59650.5853251654 0.13996521944870927 2.1403428322197915e-05 0.009289712604421588 4.829262531482182e-06 7.88535296478283e-06 4.099205351327302e-09 0.06193141736281059 3.219508354321455e-05 0.07803380208589868 3.866044681968935e-05
59650.5856459382 0.14022313753162252 2.141897336676987e-05 0.009320220970767937 4.832879880052601e-06 7.911249270434456e-06 4.102275852158602e-09 0.06213480647178624 3.221919920035068e-05 0.07808833105983629 3.868913564811541e-05
59650.585966711 0.14013494441246965 2.14141311467211e-05 0.009303645712510794 4.830997886911684e-06 7.897179754249662e-06 4.1006783667653106e-09 0.062024304750071965 3.220665257941123e-05 0.07811063966239769 3.867600655626e-05
59650.5862874838 0.13995575340818767 2.1403010570194657e-05 0.009295136786205943 4.829918635033451e-06 7.889957153279946e-06 4.09976226931858e-09 0.06196757857470629 3.219945756688967e-05 0.07798817483348137 3.866385817620627e-05
59650.5866082566 0.1398252619214792 2.1395700739529788e-05 0.009261027652991399 4.825754620254872e-06 7.861004421783015e-06 4.0962277437979476e-09 0.061740184353275995 3.217169746836581e-05 0.07808507756820321 3.863669406317744e-05
59650.5869290294 0.13991730840971012 2.140133259853993e-05 0.009265005964052064 4.826441402324189e-06 7.864381317092144e-06 4.096810702524128e-09 0.061766706427013755 3.21762760154946e-05 0.07815060198269635 3.864362528566155e-05
59650.5872498022 0.140013062500424 2.1405489418649456e-05 0.009299262085751886 4.8303673890821865e-06 7.89345881629046e-06 4.1001431835857196e-09 0.06199508057167924 3.2202449260547906e-05 0.07801798192874476 3.866772188311688e-05
59650.587570575 0.14025321684290945 2.1420256810744865e-05 0.009332981802433863 4.834442506188409e-06 7.922081000768301e-06 4.103602250418433e-09 0.06221987868289243 3.222961670792273e-05 0.07803333816001702 3.8698521870710696e-05
59650.5878913478 0.13997946522131655 2.140603161516559e-05 0.009265974254661382 4.82595598525523e-06 7.865203227688532e-06 4.0963986677188684e-09 0.06177316169774255 3.2173039901701536e-05 0.078206303523574 3.8643533560298905e-05
59650.5882121206 0.14039739655708983 2.1429079454215106e-05 0.00935655107929733 4.8377721059171796e-06 7.942087224330553e-06 4.106428502446973e-09 0.06237700719531554 3.225181403944786e-05 0.07802038936177429 3.87218924523349e-05
59650.5885328934 0.13994950788190139 2.1401374349910283e-05 0.009305260428422902 4.8314671629838215e-06 7.898550367684867e-06 4.1010767006669394e-09 0.06203506952281934 3.220978108655881e-05 0.07791443835908204 3.867155054699823e-05
59650.5888536662 0.14022664045243347 2.141798646116365e-05 0.009331092687692286 4.833988744264382e-06 7.920477470372622e-06 4.103217085334722e-09 0.06220728458461525 3.2226591628429217e-05 0.07801935586781822 3.869474579366214e-05
59650.589174439 0.1402943048091187 2.1422902724231195e-05 0.009361260307214481 4.842228975922992e-06 7.946084541136744e-06 4.110211611205069e-09 0.06240840204809654 3.228152650615328e-05 0.07788590276102215 3.874322798502145e-05
59650.5894952118 0.1398824307024194 2.1406992874264225e-05 0.009264889244967447 4.826311306139831e-06 7.86428224285604e-06 4.096700273453098e-09 0.06176592829978299 3.2175408707598875e-05 0.07811650240263641 3.8646038211177985e-05
59650.589815984604 0.13992515595042793 2.1402299328679382e-05 0.00926627972270052 4.826509773592161e-06 7.865462517013253e-06 4.096868737858864e-09 0.0617751981513368 3.217673182394774e-05 0.07814995779909112 3.864454020200837e-05
59650.590136757404 0.14001586174748804 2.1405917423182398e-05 0.009302577620823385 4.830414401289299e-06 7.89627312986712e-06 4.100183088786507e-09 0.062017184138822574 3.2202762675261996e-05 0.07799867760866547 3.866821982775197e-05
59650.590457530205 0.139930966829532 2.140261704333933e-05 0.009274602163793565 4.828007465645998e-06 7.87252682441885e-06 4.098140018358052e-09 0.061830681091957114 3.218671643763999e-05 0.07810028573757488 3.865303004087627e-05
59650.59077830301 0.14034616615463025 2.1433410898407526e-05 0.009331932970802639 4.834203061447313e-06 7.921190724829204e-06 4.103399003409672e-09 0.062212886472017594 3.222802040964876e-05 0.07813327968261266 3.870447522270146e-05
59650.59109907581 0.14029136856261512 2.1423568364168526e-05 0.009366952078208143 4.843292273172938e-06 7.950915866409215e-06 4.111114165942696e-09 0.062446347188054294 3.2288615154486255e-05 0.07784502137456083 3.874950257808121e-05
59650.59141984861 0.14014956274079207 2.1414986997683424e-05 0.009317268592765836 4.831337200937859e-06 7.908743214152269e-06 4.1009663854561166e-09 0.062115123951772246 3.220891467291906e-05 0.07803443878901983 3.8678364139636655e-05
59650.591740621414 0.13994197609267092 2.14015519939775e-05 0.00929925579875764 4.830743883925414e-06 7.893453479723999e-06 4.1004627623342446e-09 0.061995038658384266 3.2204959226169434e-05 0.07794693743428666 3.866763280199808e-05
59650.592061394214 0.14019595675089208 2.1416671896211052e-05 0.009319333786962685 4.8320770129104655e-06 7.910496205431593e-06 4.101594357362244e-09 0.062128891913084565 3.2213846752736434e-05 0.07806706483780751 3.868340416404358e-05
59650.592382167015 0.14010346234737908 2.141146414658755e-05 0.009334549218522246 4.839424648341449e-06 7.923411464866157e-06 4.107831224022928e-09 0.06223032812348165 3.2262830988943e-05 0.07787313422389744 3.8721325652948724e-05
59650.592702939815 0.13991296713216503 2.1402130164397896e-05 0.009266154698098855 4.826845465970347e-06 7.865356392835318e-06 4.0971536823993796e-09 0.06177436465399238 3.217896977313565e-05 0.07813860247817264 3.864630993036992e-05
59650.593023712616 0.14008843836593166 2.1411540446319396e-05 0.009298536837796054 4.83075224182615e-06 7.892843206705725e-06 4.100469856740729e-09 0.06199024558530703 3.220501494550767e-05 0.07809819278062463 3.867320845139104e-05
59650.593344485416 0.14024185007900486 2.141954951725456e-05 0.009330401387229112 4.833926216274193e-06 7.919890676314617e-06 4.103164009928214e-09 0.06220267591486075 3.222617477516129e-05 0.0780391741641441 3.869526382080062e-05
59650.59366525822 0.1402654242598272 2.142239979435066e-05 0.00931533417692995 4.832296253376441e-06 7.907101230993461e-06 4.101780454449635e-09 0.06210222784619967 3.2215308355842944e-05 0.07816319641362751 3.868779271825985e-05
59650.59398603102 0.13992447596107463 2.1402097720734156e-05 0.009269195851574073 4.826495268459406e-06 7.867937804079487e-06 4.096856425519781e-09 0.06179463901049382 3.217663512306271e-05 0.07812983695058082 3.8644348030346775e-05
59650.59430680382 0.14027049307065323 2.1422823075801138e-05 0.009321604926013043 4.833098232991798e-06 7.912424008131931e-06 4.102461195889864e-09 0.06214403284008695 3.222065488661199e-05 0.07812646023056627 3.869247924156878e-05
59650.59462757662 0.14014163488902281 2.1414718091261e-05 0.009306382360012638 4.830851418067813e-06 7.899502692795895e-06 4.1005540401492516e-09 0.06204254906675093 3.2205676120452086e-05 0.07809908582227189 3.8675518423204605e-05
59650.59494834942 0.14031897026861656 2.1424938959651523e-05 0.009373523840457657 4.843710115029682e-06 7.956494151459e-06 4.11146884112633e-09 0.062490158936384384 3.2291400766864545e-05 0.07782881133223218 3.8752581499960154e-05
59650.59526912222 0.14023808856599765 2.142015068621571e-05 0.00932441590910225 4.8331226929533255e-06 7.914810044684437e-06 4.102481958150051e-09 0.062162772727348325 3.2220817953022175e-05 0.07807531583864932 3.869113548323419e-05
59650.59558989502 0.1402289002103831 2.1419700317435322e-05 0.009322453332997974 4.833523641487154e-06 7.913144158347428e-06 4.1028222938358335e-09 0.06214968888665317 3.22234909432477e-05 0.07807921132372991 3.869311218108858e-05
59650.59591066783 0.14003006570749266 2.140643013293663e-05 0.00930782640825647 4.831030265444237e-06 7.900728439014929e-06 4.1007058505173414e-09 0.06205217605504314 3.220686843629491e-05 0.07797788965244952 3.86719229610981e-05
