HATP14b/Results/50520_radii/HATP14b_WLP8_nrca3_level3_asn_phot.ecsv
# %ECSV 0.9
# ---
# datatype:
# - {name: MJD, datatype: float64}
# - {name: aperture_sum, unit: Jy, datatype: float64}
# - {name: aperture_sum_err, unit: Jy, datatype: float64}
# - {name: annulus_sum, unit: Jy, datatype: float64}
# - {name: annulus_sum_err, unit: Jy, datatype: float64}
# - {name: annulus_mean, unit: Jy, datatype: float64}
# - {name: annulus_mean_err, unit: Jy, datatype: float64}
# - {name: aperture_bkg, unit: Jy, datatype: float64}
# - {name: aperture_bkg_err, unit: Jy, datatype: float64}
# - {name: net_aperture_sum, unit: Jy, datatype: float64}
# - {name: net_aperture_sum_err, unit: Jy, datatype: float64}
# meta: !!omap
# - {instrument: NIRCAM}
# - {detector: NRCA3}
# - {channel: SHORT}
# - {subarray: SUBGRISM128}
# - {filter: F210M}
# - {pupil: WLP8}
# - {target_name: UNKNOWN}
# - {xcenter: 1051.8}
# - {ycenter: 56.2973}
# - ra_icrs: !numpy.ndarray
#     buffer: !!binary |
#       ZllmeEdOeEJjRUE9
#     dtype: float64
#     order: C
#     shape: !!python/tuple []
# - dec_icrs: !numpy.ndarray
#     buffer: !!binary |
#       ZXo0UCtmd2VRMEE9
#     dtype: float64
#     order: C
#     shape: !!python/tuple []
# - {apertures: Photometry measured in a circular aperture of r=50.0 pixels.  Background calculated as the mean in a circular annulus
#     with r_inner=5.0 pixels and r_outer=20.0 pixels.}
# - {number_of_integrations: 669}
# - __serialized_columns__:
#     annulus_mean:
#       __class__: astropy.units.quantity.Quantity
#       unit: &id001 !astropy.units.Unit {unit: Jy}
#       value: !astropy.table.SerializedColumn {name: annulus_mean}
#     annulus_mean_err:
#       __class__: astropy.units.quantity.Quantity
#       unit: *id001
#       value: !astropy.table.SerializedColumn {name: annulus_mean_err}
#     annulus_sum:
#       __class__: astropy.units.quantity.Quantity
#       unit: *id001
#       value: !astropy.table.SerializedColumn {name: annulus_sum}
#     annulus_sum_err:
#       __class__: astropy.units.quantity.Quantity
#       unit: *id001
#       value: !astropy.table.SerializedColumn {name: annulus_sum_err}
#     aperture_bkg:
#       __class__: astropy.units.quantity.Quantity
#       unit: *id001
#       value: !astropy.table.SerializedColumn {name: aperture_bkg}
#     aperture_bkg_err:
#       __class__: astropy.units.quantity.Quantity
#       unit: *id001
#       value: !astropy.table.SerializedColumn {name: aperture_bkg_err}
#     aperture_sum:
#       __class__: astropy.units.quantity.Quantity
#       unit: *id001
#       value: !astropy.table.SerializedColumn {name: aperture_sum}
#     aperture_sum_err:
#       __class__: astropy.units.quantity.Quantity
#       unit: *id001
#       value: !astropy.table.SerializedColumn {name: aperture_sum_err}
#     net_aperture_sum:
#       __class__: astropy.units.quantity.Quantity
#       unit: *id001
#       value: !astropy.table.SerializedColumn {name: net_aperture_sum}
#     net_aperture_sum_err:
#       __class__: astropy.units.quantity.Quantity
#       unit: *id001
#       value: !astropy.table.SerializedColumn {name: net_aperture_sum_err}
# schema: astropy-2.0
MJD aperture_sum aperture_sum_err annulus_sum annulus_sum_err annulus_mean annulus_mean_err aperture_bkg aperture_bkg_err net_aperture_sum net_aperture_sum_err
[from data line 139]
59650.46375227384 0.1398509137560589 2.1393229467224827e-05 0.00926468617649637 4.823626191677748e-06 7.864109872984262e-06 4.094421077509588e-09 0.0617645745099758 3.215750794451832e-05 0.0780863392460831 3.8623510770502146e-05
59650.46407304664 0.14044011410321675 2.1520289780105264e-05 0.009309173973330672 4.828929948150303e-06 7.901872287775981e-06 4.098923045827256e-09 0.06206115982220448 3.2192866321002016e-05 0.07837895428101227 3.8723423327252574e-05
59650.46439381944 0.13956416310452005 2.137720682516647e-05 0.009217599401370055 4.8183823582383695e-06 7.824141376901012e-06 4.089969973442241e-09 0.06145066267580037 3.212254905492246e-05 0.07811350042871967 3.8585530052493045e-05
59650.46471459224 0.13994744187000296 2.140021581545703e-05 0.009280952556463926 4.826897948718634e-06 7.877917205133849e-06 4.097198231139736e-09 0.06187301704309284 3.217931965812422e-05 0.07807442482691013 3.864554114782037e-05
59650.46503536504 0.14014768265703526 2.141179596289021e-05 0.009337556606449122 4.837800361835743e-06 7.925964215022727e-06 4.106452486815565e-09 0.06225037737632748 3.225200241223829e-05 0.07789730528070778 3.871248720962612e-05
59650.46535613784 0.1402519040208951 2.141749975779959e-05 0.009328373568366327 4.831783648905622e-06 7.918169410204179e-06 4.101345342260932e-09 0.06218915712244218 3.221189099270415e-05 0.07806274689845291 3.868223387035966e-05
59650.46567691065 0.14007158595867855 2.1406502551138766e-05 0.00930260256977157 4.8286800183962845e-06 7.896294307192073e-06 4.0987108988631086e-09 0.062017350465143804 3.21912001226419e-05 0.07805423549353474 3.865891510127891e-05
59650.46599768345 0.1398074855287716 2.1391520082344133e-05 0.009262326192023664 4.823411545675728e-06 7.862106655947188e-06 4.094238880324328e-09 0.06174884128015776 3.2156076971171524e-05 0.07805864424861383 3.862137254952548e-05
59650.46631845625 0.14031177342045492 2.1422158479092658e-05 0.009355571824064227 4.839021045942557e-06 7.941256006672435e-06 4.1074886356665145e-09 0.06237047882709485 3.2260140306283715e-05 0.07794129459336008 3.8724998728011246e-05
59650.46663922905 0.13998594227727923 2.140099451638944e-05 0.009286173565701952 4.827129514168115e-06 7.882348935417371e-06 4.097394789998052e-09 0.061907823771346356 3.218086342778743e-05 0.07807811850593288 3.864725782314235e-05
59650.46696000185 0.1400033237284728 2.140425331674242e-05 0.00928040107310137 4.826275754927657e-06 7.87744909151687e-06 4.096670096646962e-09 0.06186934048734247 3.217517169951771e-05 0.07813398324113033 3.864432343748205e-05
59650.467280774654 0.14020601860527668 2.141424889815737e-05 0.009314249063627718 4.829637664270275e-06 7.906180158215515e-06 4.09952377392752e-09 0.062094993757518126 3.21975844284685e-05 0.07811102484775856 3.866852077466362e-05
59650.467601547454 0.13956586042013402 2.137872050713643e-05 0.009214866563106872 4.818776292187895e-06 7.82182167173698e-06 4.090304354963941e-09 0.06143244375404582 3.2125175281252635e-05 0.0781334166660882 3.8588555004994176e-05
59650.467922320255 0.14024837244959093 2.141715670699607e-05 0.009319252261788806 4.830834323142679e-06 7.910427004714743e-06 4.100539529526122e-09 0.062128348411925376 3.220556215428453e-05 0.07812002403766555 3.8676773845365005e-05
59650.468243093055 0.14005741359702994 2.140509142836247e-05 0.009304307750359427 4.828838178242161e-06 7.897741709428989e-06 4.098845149109881e-09 0.06202871833572951 3.219225452161441e-05 0.07802869526130043 3.8659011759756096e-05
59650.468563865856 0.1398290957126529 2.139287982190792e-05 0.0092654654456201 4.824926553313047e-06 7.864771337160479e-06 4.095524858747268e-09 0.06176976963746734 3.216617702208698e-05 0.07805932607518556 3.86305352187985e-05
59650.468884638656 0.13996248900593536 2.140011216730918e-05 0.009296491116066298 4.827723855324182e-06 7.891106744169825e-06 4.097899282440031e-09 0.061976607440441984 3.2184825702161215e-05 0.07798588156549338 3.865006864485381e-05
59650.46920541146 0.14027253026049813 2.1419682917327258e-05 0.009316073153613363 4.830582626686349e-06 7.9077284938841e-06 4.100325882938476e-09 0.06210715435742242 3.220388417790899e-05 0.0781653759030757 3.867677562081692e-05
59650.46952618426 0.14029299329214862 2.1421204544376364e-05 0.009367261158595826 4.841492090042505e-06 7.951178221990614e-06 4.1095861230430736e-09 0.06244840772397217 3.22766139336167e-05 0.07784458556817644 3.8738195765313466e-05
59650.46984695706 0.14025480364764614 2.141740118904043e-05 0.009328843937156496 4.831370074315493e-06 7.918568671633681e-06 4.100994289245699e-09 0.06219229291437665 3.2209133828769955e-05 0.0780625107332695 3.867988334641049e-05
59650.47016772986 0.14017213656579033 2.141160090390797e-05 0.00932478291448459 4.831168109854087e-06 7.91512156852839e-06 4.1008228564864364e-09 0.06216521942989727 3.220778739902725e-05 0.07800691713589306 3.8675550705958556e-05
59650.47048850266 0.1402443092109637 2.1418353861854424e-05 0.00931778738627306 4.830536614858263e-06 7.909183579758235e-06 4.100286826885779e-09 0.062118582575153736 3.220357743238842e-05 0.07812572663580997 3.867578417557233e-05
59650.470809275466 0.14026466798190776 2.1420644619010614e-05 0.009315114841894533 4.83010968859129e-06 7.906915053633035e-06 4.099924440615249e-09 0.06210076561263022 3.220073125727527e-05 0.07816390236927753 3.867468305490315e-05
59650.47113004827 0.14018061761958012 2.141511572451022e-05 0.009294482331860842 4.827491917171133e-06 7.889401635178342e-06 4.097702407221101e-09 0.061963215545738956 3.218327944780755e-05 0.07821740207384116 3.8657090649838573e-05
59650.47145082107 0.14032316948840284 2.1423550789641223e-05 0.00936932390404182 4.840531661115749e-06 7.952929134705656e-06 4.108770885650105e-09 0.0624621593602788 3.227021107410499e-05 0.07786101012812405 3.87341587129968e-05
59650.47177159387 0.14033895371942262 2.1424208900520607e-05 0.00935706803342176 4.8383520849878526e-06 7.94252602861991e-06 4.106920803972239e-09 0.06238045355614506 3.225568056658569e-05 0.07795850016327756 3.872241800077521e-05
59650.47209236667 0.14025122850122304 2.141887034976391e-05 0.009314098123579695 4.830028527547261e-06 7.906052036323496e-06 4.099855548981415e-09 0.0620939874905313 3.220019018364841e-05 0.07815724101069174 3.867324986244526e-05
59650.47241313947 0.140028332586784 2.1404057899189458e-05 0.009292179390174007 4.826509232513217e-06 7.887446837561743e-06 4.096868278576793e-09 0.061947862601160045 3.2176728216754786e-05 0.07808046998562394 3.8645511166068925e-05
59650.47273391227 0.13992302265201362 2.139843887234595e-05 0.009267373541444216 4.8243783214848564e-06 7.866390979199419e-06 4.095059505118378e-09 0.06178249027629479 3.216252214323238e-05 0.07814053237571883 3.863057101296122e-05
59650.47305468507 0.13988971476193746 2.139868521546883e-05 0.009273335570039648 4.8249565218928436e-06 7.871451706249116e-06 4.095550296867865e-09 0.06182223713359766 3.216637681261896e-05 0.0780674776283398 3.8633916785670526e-05
59650.47337545787 0.13999906638943393 2.1402654907418507e-05 0.009305337577834971 4.8284677320391396e-06 7.898615854139734e-06 4.098530704606625e-09 0.062035583852233143 3.218978488026093e-05 0.07796348253720078 3.8655606161636125e-05
59650.47369623067 0.14035474878965398 2.1516228887229986e-05 0.009274932926251906 4.825876984747524e-06 7.872807584313432e-06 4.096331610005225e-09 0.06183288617501271 3.217251323165016e-05 0.07852186261464128 3.870424670715573e-05
59650.47401700347 0.140205019654085 2.1414963893715535e-05 0.009318561914306394 4.830862895328519e-06 7.909841019571933e-06 4.100563782350716e-09 0.062123746095375965 3.220575263552346e-05 0.07808127355870903 3.867571824012666e-05
59650.47433777627 0.1402733142745291 2.141924369539141e-05 0.009325405473504553 4.830937789788992e-06 7.915650013037154e-06 4.10062735474322e-09 0.062169369823363685 3.220625193192662e-05 0.07810394445116542 3.8678503900555564e-05
59650.47465854907 0.1402871659799435 2.1420058917884645e-05 0.009357463509832235 4.839825801456435e-06 7.942861719423129e-06 4.108171733362591e-09 0.062383090065548236 3.226550534304291e-05 0.07790407591439527 3.8728306948375374e-05
59650.47497932187 0.1401928819592321 2.1415910366600854e-05 0.009303043478795198 4.829385906115723e-06 7.896668562395082e-06 4.099310074968796e-09 0.062020289858634656 3.219590604077149e-05 0.07817259210059745 3.866804342886343e-05
59650.47530009467 0.14021002070338706 2.1415803244405405e-05 0.009310915736765908 4.828915649919664e-06 7.903350742498192e-06 4.098910909112144e-09 0.06207277157843939 3.2192770999464426e-05 0.07813724912494767 3.866537382758691e-05
59650.47562086747 0.1403012903213642 2.142034385720213e-05 0.00936928524561548 4.841933016719959e-06 7.952896320414221e-06 4.1099603932311156e-09 0.062461901637436534 3.227955344479973e-05 0.07783938868392767 3.874016909561004e-05
59650.47594164028 0.13986135363332425 2.1395011525188614e-05 0.009259429485825567 4.823447340584847e-06 7.859647855359925e-06 4.094269263986855e-09 0.06172952990550379 3.215631560389898e-05 0.07813182372782046 3.8623505166938316e-05
59650.47626241308 0.1398276699358678 2.1391909125179336e-05 0.009262386646928054 4.823550207766387e-06 7.862157971663818e-06 4.09435658036245e-09 0.0617492443128537 3.215700138510925e-05 0.07807842562301409 3.8622357697347386e-05
59650.47658318588 0.1399758523660246 2.140077966874832e-05 0.009292448711087578 4.827619010625056e-06 7.887675444253332e-06 4.0978102874953755e-09 0.06194965807391719 3.218412673750037e-05 0.07802619429210741 3.864985620006623e-05
59650.47690395868 0.14025210257150905 2.141798415321687e-05 0.009321756608526452 4.831006351033662e-06 7.912552760248143e-06 4.100685551335187e-09 0.06214504405684302 3.220670900689108e-05 0.07810705851466604 3.867818700820926e-05
59650.47722473148 0.14021358484252466 2.141405064163146e-05 0.00932921429007624 4.830948628700009e-06 7.91888303695563e-06 4.100636555096638e-09 0.0621947619338416 3.220632419133339e-05 0.07801882290868306 3.867568852392447e-05
59650.47754550428 0.1398788190151109 2.1396548748668572e-05 0.009263815656773068 4.824187960698728e-06 7.863370952893476e-06 4.094897921864601e-09 0.061758771045153794 3.2161253071324854e-05 0.07812004796995711 3.862846744917475e-05
59650.477866277084 0.14025238801706144 2.1417784217055282e-05 0.009329476290475203 4.831638144167121e-06 7.919105429801428e-06 4.101221834002928e-09 0.06219650860316802 3.221092096111414e-05 0.07805587941389341 3.86815836016506e-05
59650.478187049885 0.14023807818710615 2.141695303747883e-05 0.009333384807345482 4.8325875581413275e-06 7.922423081961764e-06 4.102027721613784e-09 0.06222256538230322 3.2217250387608854e-05 0.07801551280480293 3.8686394248462295e-05
59650.478507822685 0.1403200637465611 2.142254207518822e-05 0.009358931271890138 4.8400971309819916e-06 7.944107594552719e-06 4.108402045016986e-09 0.06239287514593426 3.226731420654661e-05 0.07792718860062686 3.873118736970523e-05
59650.478828595486 0.13997190379713112 2.140276648724871e-05 0.009270469531269988 4.824630707437182e-06 7.869018936983599e-06 4.095273736968402e-09 0.061803130208466596 3.216420471624788e-05 0.07816877358866453 3.8634369133407614e-05
59650.479149368286 0.13992326323641863 2.1397618640391466e-05 0.009291740067247001 4.8273914585294116e-06 7.887073928679362e-06 4.0976171352776005e-09 0.06194493378164668 3.218260972352941e-05 0.07797832945477196 3.8646842718346835e-05
59650.47947014109 0.140005335179343 2.1402835078016864e-05 0.009300802821135936 4.828234456927461e-06 7.89476663310309e-06 4.0983326945419636e-09 0.06200535214090624 3.218822971284974e-05 0.07799998303843675 3.865441089221218e-05
59650.47979091389 0.139825707591519 2.1390801944168136e-05 0.009272526263324634 4.825398838466913e-06 7.870764745373531e-06 4.095925746836797e-09 0.06181684175549756 3.2169325589779424e-05 0.07800886583602143 3.863200637704266e-05
59650.48011168669 0.14021923961682914 2.1416065776526894e-05 0.009315865570215574 4.829596267602379e-06 7.907552291623504e-06 4.0994886353444625e-09 0.06210577046810383 3.219730845068253e-05 0.0781134691487253 3.866929718540174e-05
59650.48043245949 0.14015750184335368 2.1413969482750596e-05 0.009303207551363483 4.8284959263247044e-06 7.896807831516513e-06 4.098554636659503e-09 0.062021383675756554 3.2189972842164695e-05 0.07813611816759714 3.8662028407566444e-05
59650.48075323229 0.14013478442609778 2.1411125435382356e-05 0.00930337057802666 4.828741629819088e-06 7.896946212846115e-06 4.098763196263055e-09 0.06202247052017774 3.219161086546058e-05 0.07811231390592005 3.866181711356719e-05
59650.481074005096 0.14010472432205312 2.1408841801466914e-05 0.009309006211646952 4.829373514399921e-06 7.901729887236111e-06 4.099299556553739e-09 0.06206004141097968 3.219582342933281e-05 0.07804468291107344 3.8664060231344205e-05
59650.4813947779 0.1399473049737588 2.1399828223956827e-05 0.009281642772784692 4.825943245173794e-06 7.878503078943197e-06 4.096387853601877e-09 0.06187761848523129 3.21729549678253e-05 0.0780696864885275 3.864002690703739e-05
59650.4817155507 0.14033653557873238 2.1423792068047972e-05 0.009330420014514076 4.832134339958253e-06 7.919906487645169e-06 4.101643018071728e-09 0.06220280009676051 3.221422893305502e-05 0.07813373548197186 3.868766486008472e-05
59650.4820363235 0.1399110905339413 2.1400111273094144e-05 0.00926763112622065 4.824487891293588e-06 7.866609623948403e-06 4.095152510860635e-09 0.061784207508137665 3.2163252608623916e-05 0.07812688302580363 3.863210557123394e-05
59650.4823570963 0.13982701561627714 2.139269401280455e-05 0.009254933153024478 4.822606435076852e-06 7.855831249540834e-06 4.093555481222745e-09 0.06169955435349653 3.2150709567179016e-05 0.07812746126278061 3.861755407581609e-05
59650.4826778691 0.1398649853407833 2.139454782164869e-05 0.009265416182997366 4.823700002652231e-06 7.864729521747583e-06 4.09448373021062e-09 0.061769441219982436 3.215800001768154e-05 0.07809554412080086 3.862465069913278e-05
59650.4829986419 0.14038812416723 2.142502194491229e-05 0.009357711313643316 4.83548877480124e-06 7.943072061830864e-06 4.104490350799947e-09 0.06238474209095544 3.223659183200827e-05 0.07800338207627458 3.870696860106039e-05
59650.4833194147 0.13990136135602457 2.139698302718701e-05 0.009279215592789682 4.826171582279707e-06 7.876442824575306e-06 4.0965816721570634e-09 0.06186143728526456 3.217447721519805e-05 0.07803992407076002 3.8639718771453645e-05
59650.4836401875 0.14012738602983582 2.141081079987312e-05 0.009309224370300155 4.829663363648562e-06 7.9019150660523e-06 4.0995455882373265e-09 0.062061495802001036 3.219775575765708e-05 0.07806589022783478 3.866675956086446e-05
59650.4839609603 0.14027891097691986 2.1418986149174165e-05 0.009325488043267181 4.8316875737215335e-06 7.915720100428472e-06 4.101263791111832e-09 0.06216992028844787 3.221125049147689e-05 0.07810899068847199 3.868252352010123e-05
59650.4842817331 0.14029627536417966 2.142035708715698e-05 0.009362006051611974 4.840377287043974e-06 7.946717548641512e-06 4.108639848868194e-09 0.062413373677413155 3.2269181913626495e-05 0.07788290168676651 3.873153494397085e-05
59650.4846025059 0.13979294016469987 2.138979864206497e-05 0.009263055294636549 4.824309291450654e-06 7.862725537466452e-06 4.095000910605498e-09 0.061753701964243665 3.2162061943004364e-05 0.0780392382004562 3.8625402449343284e-05
59650.4849232787 0.13993032176355122 2.1398089587118384e-05 0.009287465764752577 4.827614354786944e-06 7.883445788037988e-06 4.097806335497243e-09 0.06191643843168385 3.218409569857963e-05 0.07801388333186737 3.864834089470952e-05
59650.4852440515 0.1400036516498882 2.1402366092052133e-05 0.009288798253425722 4.826260772988846e-06 7.88457683955236e-06 4.096657379582329e-09 0.06192532168950481 3.217507181992564e-05 0.07807832996038339 3.8643195014848294e-05
