HD189733b/Results/345_radii/HD189733b_nrca1_level3_asn_phot.ecsv
# %ECSV 0.9
# ---
# datatype:
# - {name: MJD, datatype: float64}
# - {name: aperture_sum, unit: Jy, datatype: float64}
# - {name: aperture_sum_err, unit: Jy, datatype: float64}
# - {name: annulus_sum, unit: Jy, datatype: float64}
# - {name: annulus_sum_err, unit: Jy, datatype: float64}
# - {name: annulus_mean, unit: Jy, datatype: float64}
# - {name: annulus_mean_err, unit: Jy, datatype: float64}
# - {name: aperture_bkg, unit: Jy, datatype: float64}
# - {name: aperture_bkg_err, unit: Jy, datatype: float64}
# - {name: net_aperture_sum, unit: Jy, datatype: float64}
# - {name: net_aperture_sum_err, unit: Jy, datatype: float64}
# meta: !!omap
# - {instrument: NIRCAM}
# - {detector: NRCA1}
# - {channel: SHORT}
# - {subarray: SUBGRISM64}
# - {filter: WLP4}
# - {pupil: CLEAR}
# - {target_name: UNKNOWN}
# - {xcenter: 1981.2}
# - {ycenter: 29.2}
# - ra_icrs: !numpy.ndarray
#     buffer: !!binary |
#       TW93WjUrbkNja0E9
#     dtype: float64
#     order: C
#     shape: !!python/tuple []
# - dec_icrs: !numpy.ndarray
#     buffer: !!binary |
#       U1ZQa09iSzFOa0E9
#     dtype: float64
#     order: C
#     shape: !!python/tuple []
# - {apertures: Photometry measured in a circular aperture of r=3.0 pixels.  Background calculated as the mean in a circular annulus with
#     r_inner=4.0 pixels and r_outer=5.0 pixels.}
# - {number_of_integrations: 7350}
# - __serialized_columns__:
#     annulus_mean:
#       __class__: astropy.units.quantity.Quantity
#       unit: &id001 !astropy.units.Unit {unit: Jy}
#       value: !astropy.table.SerializedColumn {name: annulus_mean}
#     annulus_mean_err:
#       __class__: astropy.units.quantity.Quantity
#       unit: *id001
#       value: !astropy.table.SerializedColumn {name: annulus_mean_err}
#     annulus_sum:
#       __class__: astropy.units.quantity.Quantity
#       unit: *id001
#       value: !astropy.table.SerializedColumn {name: annulus_sum}
#     annulus_sum_err:
#       __class__: astropy.units.quantity.Quantity
#       unit: *id001
#       value: !astropy.table.SerializedColumn {name: annulus_sum_err}
#     aperture_bkg:
#       __class__: astropy.units.quantity.Quantity
#       unit: *id001
#       value: !astropy.table.SerializedColumn {name: aperture_bkg}
#     aperture_bkg_err:
#       __class__: astropy.units.quantity.Quantity
#       unit: *id001
#       value: !astropy.table.SerializedColumn {name: aperture_bkg_err}
#     aperture_sum:
#       __class__: astropy.units.quantity.Quantity
#       unit: *id001
#       value: !astropy.table.SerializedColumn {name: aperture_sum}
#     aperture_sum_err:
#       __class__: astropy.units.quantity.Quantity
#       unit: *id001
#       value: !astropy.table.SerializedColumn {name: aperture_sum_err}
#     net_aperture_sum:
#       __class__: astropy.units.quantity.Quantity
#       unit: *id001
#       value: !astropy.table.SerializedColumn {name: net_aperture_sum}
#     net_aperture_sum_err:
#       __class__: astropy.units.quantity.Quantity
#       unit: *id001
#       value: !astropy.table.SerializedColumn {name: net_aperture_sum_err}
# schema: astropy-2.0
MJD aperture_sum aperture_sum_err annulus_sum annulus_sum_err annulus_mean annulus_mean_err aperture_bkg aperture_bkg_err net_aperture_sum net_aperture_sum_err
[from data line 2261]
59866.3421505232 0.034362757320045643 6.797073923531574e-05 0.015023468876155644 4.0634425706695566e-05 0.0005313465186727583 1.437148824649107e-06 0.015023468876155644 4.0634425706695566e-05 0.019339288443889997 7.919076931504235e-05
59866.34218206117 0.034221403239530414 6.785157011587194e-05 0.015046981675492555 4.0648015208026476e-05 0.0005321781138372911 1.4376294549404333e-06 0.015046981675492555 4.0648015208026476e-05 0.01917442156403786 7.909549106959914e-05
59866.342213599135 0.034215664127456066 6.783412580350996e-05 0.014975473437002059 4.059146075209911e-05 0.0005296490272533895 1.4356292502260526e-06 0.014975473437002057 4.059146075209911e-05 0.01924019069045401 7.905147253224078e-05
59866.34224513709 0.03428091141224238 6.787951835965687e-05 0.015016944478716782 4.061765181997037e-05 0.0005311157653165159 1.4365555697630674e-06 0.015016944478716782 4.061765181997037e-05 0.0192639669335256 7.910387254810814e-05
59866.34227667506 0.03429345164890386 6.790814171587351e-05 0.014996655697179532 4.060156292700453e-05 0.0005303981964563015 1.4359865415754254e-06 0.014996655697179534 4.060156292700453e-05 0.019296795951724323 7.912017835810703e-05
59866.34230821302 0.03431897240408988 6.791980699001806e-05 0.01504012140374225 4.061830142669707e-05 0.0005319354813572878 1.4365785449012052e-06 0.015040121403742251 4.061830142669707e-05 0.01927885100034763 7.913878058418216e-05
59866.34233975098 0.0342823314484719 6.788032482434705e-05 0.01510978085636223 4.0686735727058035e-05 0.0005343991805167424 1.4389989131633127e-06 0.01510978085636223 4.0686735727058035e-05 0.019172550592109667 7.91400591507381e-05
59866.34237128895 0.03428038171238342 6.7877079568282e-05 0.01504984523047259 4.063992517828086e-05 0.0005322793913772661 1.4373433286684833e-06 0.015049845230472588 4.063992517828086e-05 0.019230536481910834 7.911321918121619e-05
59866.34240282691 0.03432646364449313 6.79260986502925e-05 0.014993935857359092 4.0614566803829594e-05 0.0005303020018003368 1.4364464596367735e-06 0.014993935857359093 4.0614566803829594e-05 0.019332527787134034 7.914226376918975e-05
59866.34243436487 0.034267141593023215 6.787062405601543e-05 0.015007321221924576 4.0619763543318455e-05 0.0005307754122304887 1.4366302566984653e-06 0.015007321221924576 4.0619763543318455e-05 0.01925982037109864 7.909732486037744e-05
59866.34246590284 0.03417749650287069 6.779915040768729e-05 0.014953803835431052 4.058150917526468e-05 0.0005288826218745323 1.435277285193884e-06 0.01495380383543105 4.058150917526468e-05 0.01922369266743964 7.901635073164474e-05
59866.3424974408 0.03432746198222423 6.79442526544015e-05 0.015100158861045276 4.065573728175491e-05 0.0005340588720462756 1.437902567430389e-06 0.015100158861045276 4.065573728175491e-05 0.019227303121178953 7.917897727735703e-05
59866.34252897876 0.034283568465215755 6.78893283818797e-05 0.01503166179602392 4.0631386794297076e-05 0.0005316362839384009 1.437041345109142e-06 0.015031661796023919 4.0631386794297076e-05 0.019251906669191837 7.911934340583518e-05
59866.34256051672 0.0342320627235531 6.784722448532261e-05 0.015053906981231954 4.065870365825103e-05 0.0005324230464241462 1.4380074815375955e-06 0.015053906981231956 4.065870365825103e-05 0.019178155742321144 7.909725692798224e-05
59866.34259205469 0.034229494530872394 6.786001906625621e-05 0.015032150198252854 4.0633471368494796e-05 0.0005316535576337236 1.4371150718397662e-06 0.015032150198252853 4.0633471368494796e-05 0.01919734433261954 7.909526650266086e-05
59866.34262359265 0.03426084980531859 6.789317564849328e-05 0.01502998973097538 4.06325505166579e-05 0.0005315771467344796 1.437082503368278e-06 0.015029989730975381 4.06325505166579e-05 0.01923086007434321 7.912324223087623e-05
59866.34265513061 0.034160649046253065 6.780811611488588e-05 0.014985993052722794 4.0600439392796254e-05 0.0005300210825514745 1.4359468046814298e-06 0.014985993052722794 4.0600439392796254e-05 0.01917465599353027 7.903376677052643e-05
59866.34268666858 0.0343062688973512 6.790400396686905e-05 0.014983612059438359 4.06019649670216e-05 0.0005299368721402108 1.4360007608323224e-06 0.014983612059438357 4.06019649670216e-05 0.019322656837912844 7.911683331577305e-05
59866.34271820654 0.0342214942909624 6.785403687332581e-05 0.015002649840012433 4.062839467399847e-05 0.0005306101958921803 1.4369355205011757e-06 0.015002649840012433 4.062839467399847e-05 0.019218844450949964 7.908752603156104e-05
59866.3427497445 0.034259536703452595 6.788316203589956e-05 0.015062464366258159 4.064074837444256e-05 0.0005327257020078931 1.4373724432769875e-06 0.015062464366258159 4.064074837444256e-05 0.019197072337194435 7.911886068711398e-05
59866.34278128247 0.03419796952262051 6.782289569381328e-05 0.015017745227595625 4.062059444836948e-05 0.0005311440860147922 1.4366596439531566e-06 0.015017745227595627 4.062059444836948e-05 0.019180224295024882 7.905680156465212e-05
59866.342812820425 0.034298948363015454 6.788688896380081e-05 0.015078371491364298 4.0647137284132507e-05 0.0005332883014725649 1.437598404734348e-06 0.0150783714913643 4.0647137284132507e-05 0.019220576871651154 7.912534020513616e-05
59866.34284435839 0.034284424064725816 6.790130884026087e-05 0.014970024172118486 4.05992037096551e-05 0.0005294562989328479 1.4359031013303162e-06 0.014970024172118486 4.05992037096551e-05 0.01931439989260733 7.911310311243367e-05
59866.34287589636 0.03422564702798819 6.785635385160528e-05 0.015014297569711637 4.06286624632428e-05 0.0005310221500604974 1.4369449916082738e-06 0.015014297569711637 4.06286624632428e-05 0.019211349458276558 7.90896514822665e-05
59866.342907434315 0.03424012195531063 6.784786514273672e-05 0.015032602791696378 4.063543084698475e-05 0.0005316695648523342 1.4371843742147792e-06 0.015032602791696376 4.063543084698475e-05 0.019207519163614253 7.908584604432748e-05
59866.34293897228 0.03422167745060678 6.784942625571713e-05 0.015051378160140919 4.062455994653338e-05 0.0005323336076737388 1.4367998947608467e-06 0.015051378160140919 4.062455994653338e-05 0.01917029929046586 7.908160035102654e-05
59866.342970510246 0.03423978644113448 6.781089023024932e-05 0.01501495846730042 4.0619805147825776e-05 0.0005310455245311935 1.4366317281569087e-06 0.015014958467300422 4.0619805147825776e-05 0.019224827973834055 7.904609670354543e-05
59866.343002048205 0.034259686216283426 6.786515056293196e-05 0.015055525614939577 4.0648981782019026e-05 0.0005324802938809514 1.4376636405023842e-06 0.015055525614939579 4.0648981782019026e-05 0.019204160601343848 7.910763794251689e-05
59866.34303358617 0.034265287488399264 6.788098636307393e-05 0.015114922212418686 4.0685762600928994e-05 0.0005345810187902046 1.4389644958669373e-06 0.015114922212418686 4.0685762600928994e-05 0.019150365275980578 7.914012628270808e-05
59866.34306512413 0.03437105836568473 6.795325500614142e-05 0.015096088850310756 4.0663007738565045e-05 0.0005339149248625342 1.4381597072392488e-06 0.015096088850310755 4.0663007738565045e-05 0.019274969515373976 7.91904354343142e-05
59866.343096662094 0.03433957503685472 6.794954276200023e-05 0.015118217772885256 4.067512213861624e-05 0.000534697575398763 1.4385881664949687e-06 0.015118217772885256 4.067512213861624e-05 0.019221357263969462 7.919347146423274e-05
59866.34312820006 0.03419420003656879 6.78568038538781e-05 0.014996344196307835 4.0626205467559396e-05 0.000530387179366633 1.436858093162014e-06 0.014996344196307835 4.0626205467559396e-05 0.019197855840260958 7.908877543593679e-05
59866.34315973802 0.03430374414018988 6.791198208147922e-05 0.014978394194834698 4.060256207410538e-05 0.0005297523279304204 1.43602187917542e-06 0.014978394194834698 4.060256207410538e-05 0.01932534994535518 7.912398724291349e-05
59866.343191275984 0.034246150678281836 6.783713670926978e-05 0.015161424107659804 4.069404915085262e-05 0.0005362256868992636 1.4392575726183867e-06 0.015161424107659803 4.069404915085262e-05 0.019084726570622032 7.910678070307353e-05
59866.34322281395 0.03429514680839294 6.789524531759478e-05 0.01506475291523889 4.063429367986525e-05 0.0005328066428707355 1.4371441551551813e-06 0.015064752915238889 4.063429367986525e-05 0.019230393893154053 7.912591332552133e-05
59866.34325435191 0.03437236615049652 6.7977709119145e-05 0.014968443185147527 4.060113595085572e-05 0.0005294003829569829 1.4359714403832774e-06 0.014968443185147525 4.060113595085572e-05 0.019403922965348992 7.917967654383894e-05
59866.343285889874 0.03413340140823486 6.777807859011726e-05 0.015012912135318772 4.060969951599102e-05 0.0005309731503422854 1.4362743145436712e-06 0.015012912135318773 4.060969951599102e-05 0.01912048927291609 7.901275613562149e-05
59866.34331742783 0.03431639633689889 6.792529523994825e-05 0.015037647420229538 4.0628268546696265e-05 0.0005318479820894708 1.4369310596603745e-06 0.015037647420229536 4.0628268546696265e-05 0.019278748916669353 7.914860667463835e-05
59866.3433489658 0.034271653897719016 6.787991721814175e-05 0.014970425856428162 4.0584303453050214e-05 0.0005294705056091695 1.435376112554315e-06 0.014970425856428164 4.0584303453050214e-05 0.019301228041290853 7.908709659806105e-05
59866.343380503764 0.034355178270196164 6.794080052905773e-05 0.015121129105952879 4.067571947391492e-05 0.0005348005427429184 1.4386092929095174e-06 0.015121129105952879 4.067571947391492e-05 0.019234049164243285 7.918627741755407e-05
59866.34341204172 0.034280826800936706 6.788777611342001e-05 0.015039171082746843 4.06448396557776e-05 0.0005319018706275226 1.4375171427543321e-06 0.015039171082746843 4.06448396557776e-05 0.019241655718189865 7.91249210822337e-05
59866.34344357969 0.034292338641974354 6.789297266620971e-05 0.01506537026687501 4.065072687701526e-05 0.0005328284772184054 1.4377253606123433e-06 0.015065370266875008 4.065072687701526e-05 0.019226968375099344 7.913240381211978e-05
59866.343475117654 0.034189627793371535 6.779809376591728e-05 0.015019187018999137 4.060805109945477e-05 0.0005311950789545202 1.436216013734778e-06 0.015019187018999135 4.060805109945477e-05 0.0191704407743724 7.90290790303673e-05
59866.34350665561 0.03432684142963076 6.792804980966845e-05 0.015044129695424228 4.0625295250596234e-05 0.0005320772456760747 1.436825900822242e-06 0.01504412969542423 4.0625295250596234e-05 0.01928271173420653 7.914944450305962e-05
59866.34353819358 0.03419754601811526 6.783685386401033e-05 0.015007307844703633 4.061839299884259e-05 0.0005307749391080803 1.4365817836033407e-06 0.015007307844703633 4.061839299884259e-05 0.01919023817341163 7.906764567113099e-05
59866.343569731536 0.03440248608617567 6.799276702595509e-05 0.01506206319854664 4.064312483811268e-05 0.0005327115136024937 1.4374564934859157e-06 0.01506206319854664 4.064312483811268e-05 0.01934042288762903 7.92141399274916e-05
59866.3436012695 0.034352659833597914 6.793573557890484e-05 0.01506979424826185 4.0652430605168936e-05 0.0005329849435530414 1.4377856176695303e-06 0.015069794248261848 4.0652430605168936e-05 0.019282865585336068 7.916997083967477e-05
59866.34363280747 0.034202206182637945 6.785143370046446e-05 0.01503404796389459 4.0632054558283354e-05 0.0005317206773632152 1.437064962428972e-06 0.01503404796389459 4.0632054558283354e-05 0.019168158218743354 7.908717287168532e-05
59866.343664345426 0.03427641782366794 6.785984625995355e-05 0.015060985387696386 4.06457527224859e-05 0.0005326733938414857 1.4375494358832208e-06 0.015060985387696386 4.06457527224859e-05 0.019215432435971555 7.910142823490611e-05
59866.34369588339 0.03433566423676871 6.794617436314002e-05 0.015022155642344999 4.063250946744207e-05 0.0005313000725277806 1.4370810515492536e-06 0.015022155642344999 4.063250946744207e-05 0.01931350859442371 7.916870237794728e-05
59866.34372742136 0.03417509278956487 6.77967783974584e-05 0.01511218583049184 4.0659092258870063e-05 0.0005344842390769057 1.4380212254730195e-06 0.015112185830491839 4.0659092258870063e-05 0.01906290695907303 7.905418992304828e-05
59866.343758959316 0.03421613806648964 6.781773495242844e-05 0.015105401440919533 4.066191404581744e-05 0.0005342442903799515 1.4381210257710255e-06 0.015105401440919531 4.066191404581744e-05 0.01911073662557011 7.907361398056422e-05
59866.34379049728 0.03414735702231325 6.778218114914563e-05 0.015066678648356792 4.064450937356971e-05 0.0005328747517473555 1.4375054614107765e-06 0.01506667864835679 4.064450937356971e-05 0.01908067837395646 7.903417123974788e-05
59866.34382203524 0.03434014810543369 6.79239116285384e-05 0.015096570969993095 4.065450795973992e-05 0.0005339319763582245 1.4378590890580918e-06 0.015096570969993095 4.065450795973992e-05 0.019243577135440594 7.916089178609631e-05
59866.343853573206 0.03419705380504437 6.780882342782557e-05 0.01498766282642501 4.059671453228262e-05 0.0005300801387155973 1.435815064689636e-06 0.01498766282642501 4.059671453228262e-05 0.01920939097861936 7.903246020137341e-05
59866.34388511117 0.03422434189348226 6.784444023024899e-05 0.014987025711718182 4.059226034894383e-05 0.0005300576053922844 1.4356575301794566e-06 0.014987025711718184 4.059226034894383e-05 0.019237316181764073 7.906073406181014e-05
59866.34391664913 0.034391627414072125 6.797921034171546e-05 0.015078125819070247 4.065336897428915e-05 0.0005332796125925696 1.4378188056881808e-06 0.015078125819070247 4.065336897428915e-05 0.019313501595001878 7.920776128412474e-05
59866.343948187096 0.034292682140364725 6.790179031531548e-05 0.01498669353583406 4.0610262302076854e-05 0.0005300458570736324 1.4362942190297743e-06 0.01498669353583406 4.0610262302076854e-05 0.019305988604530665 7.911919193386997e-05
59866.34397972506 0.03423302047276136 6.783954284785927e-05 0.014970083304349922 4.059366796202974e-05 0.0005294583903077209 1.4357073143084751e-06 0.01497008330434992 4.059366796202974e-05 0.01926293716841144 7.905725426814452e-05
59866.34401126302 0.0342398535546889 6.784127390861674e-05 0.015009538117076655 4.062707750588271e-05 0.0005308538188575487 1.4368889352086187e-06 0.015009538117076655 4.062707750588271e-05 0.019230315437612243 7.907589943979747e-05
59866.344042800985 0.03426660747465117 6.788594550062597e-05 0.01504124054820385 4.064431417664181e-05 0.0005319750629957539 1.437498557731676e-06 0.01504124054820385 4.064431417664181e-05 0.019225366926447322 7.912308052271174e-05
59866.344074338944 0.03435002326659982 6.793789390162194e-05 0.015070668799523004 4.064687598018611e-05 0.0005330158744766415 1.4375891629977441e-06 0.015070668799523006 4.064687598018611e-05 0.019279354467076813 7.916897090866263e-05
59866.34410587691 0.03431383970877373 6.791987045749266e-05 0.014959962219497042 4.0590468640521906e-05 0.000529100430155768 1.4355941614568059e-06 0.014959962219497042 4.0590468640521906e-05 0.01935387748927669 7.912455337895928e-05
59866.344137414875 0.0343987382782901 6.794399364681227e-05 0.015054876827861304 4.0634100921279e-05 0.0005324573477319466 1.437137337714776e-06 0.015054876827861304 4.0634100921279e-05 0.019343861450428795 7.916764762425844e-05
59866.34416895283 0.034212738273475415 6.786205692933822e-05 0.014960895490264055 4.0581469397138214e-05 0.0005291334378570598 1.43527587833045e-06 0.014960895490264055 4.0581469397138214e-05 0.019251842783211362 7.907031319725253e-05
59866.3442004908 0.03427226461140321 6.789638718288787e-05 0.01507072758682843 4.064542036287741e-05 0.0005330179536522524 1.4375376810666486e-06 0.01507072758682843 4.064542036287741e-05 0.019201537024574777 7.913260762140744e-05
59866.344232028765 0.03420266997704927 6.785771149901006e-05 0.014945661650458528 4.057403407047043e-05 0.0005285946509887665 1.4350129074431877e-06 0.014945661650458526 4.057403407047043e-05 0.019257008326590747 7.906276779012089e-05
59866.34426356672 0.03427195059193701 6.790319256582412e-05 0.015034050087517167 4.0641534928640343e-05 0.0005317207524709997 1.437400261941118e-06 0.015034050087517167 4.0641534928640343e-05 0.01923790050441984 7.913645128502595e-05
