HD189733b/Results/345_radii/HD189733b_nrca1_level3_asn_phot.ecsv
# %ECSV 0.9
# ---
# datatype:
# - {name: MJD, datatype: float64}
# - {name: aperture_sum, unit: Jy, datatype: float64}
# - {name: aperture_sum_err, unit: Jy, datatype: float64}
# - {name: annulus_sum, unit: Jy, datatype: float64}
# - {name: annulus_sum_err, unit: Jy, datatype: float64}
# - {name: annulus_mean, unit: Jy, datatype: float64}
# - {name: annulus_mean_err, unit: Jy, datatype: float64}
# - {name: aperture_bkg, unit: Jy, datatype: float64}
# - {name: aperture_bkg_err, unit: Jy, datatype: float64}
# - {name: net_aperture_sum, unit: Jy, datatype: float64}
# - {name: net_aperture_sum_err, unit: Jy, datatype: float64}
# meta: !!omap
# - {instrument: NIRCAM}
# - {detector: NRCA1}
# - {channel: SHORT}
# - {subarray: SUBGRISM64}
# - {filter: WLP4}
# - {pupil: CLEAR}
# - {target_name: UNKNOWN}
# - {xcenter: 1981.2}
# - {ycenter: 29.2}
# - ra_icrs: !numpy.ndarray
#     buffer: !!binary |
#       TW93WjUrbkNja0E9
#     dtype: float64
#     order: C
#     shape: !!python/tuple []
# - dec_icrs: !numpy.ndarray
#     buffer: !!binary |
#       U1ZQa09iSzFOa0E9
#     dtype: float64
#     order: C
#     shape: !!python/tuple []
# - {apertures: Photometry measured in a circular aperture of r=3.0 pixels.  Background calculated as the mean in a circular annulus with
#     r_inner=4.0 pixels and r_outer=5.0 pixels.}
# - {number_of_integrations: 7350}
# - __serialized_columns__:
#     annulus_mean:
#       __class__: astropy.units.quantity.Quantity
#       unit: &id001 !astropy.units.Unit {unit: Jy}
#       value: !astropy.table.SerializedColumn {name: annulus_mean}
#     annulus_mean_err:
#       __class__: astropy.units.quantity.Quantity
#       unit: *id001
#       value: !astropy.table.SerializedColumn {name: annulus_mean_err}
#     annulus_sum:
#       __class__: astropy.units.quantity.Quantity
#       unit: *id001
#       value: !astropy.table.SerializedColumn {name: annulus_sum}
#     annulus_sum_err:
#       __class__: astropy.units.quantity.Quantity
#       unit: *id001
#       value: !astropy.table.SerializedColumn {name: annulus_sum_err}
#     aperture_bkg:
#       __class__: astropy.units.quantity.Quantity
#       unit: *id001
#       value: !astropy.table.SerializedColumn {name: aperture_bkg}
#     aperture_bkg_err:
#       __class__: astropy.units.quantity.Quantity
#       unit: *id001
#       value: !astropy.table.SerializedColumn {name: aperture_bkg_err}
#     aperture_sum:
#       __class__: astropy.units.quantity.Quantity
#       unit: *id001
#       value: !astropy.table.SerializedColumn {name: aperture_sum}
#     aperture_sum_err:
#       __class__: astropy.units.quantity.Quantity
#       unit: *id001
#       value: !astropy.table.SerializedColumn {name: aperture_sum_err}
#     net_aperture_sum:
#       __class__: astropy.units.quantity.Quantity
#       unit: *id001
#       value: !astropy.table.SerializedColumn {name: net_aperture_sum}
#     net_aperture_sum_err:
#       __class__: astropy.units.quantity.Quantity
#       unit: *id001
#       value: !astropy.table.SerializedColumn {name: net_aperture_sum_err}
# schema: astropy-2.0
MJD aperture_sum aperture_sum_err annulus_sum annulus_sum_err annulus_mean annulus_mean_err aperture_bkg aperture_bkg_err net_aperture_sum net_aperture_sum_err
[from data line 5071]
59866.430772199135 0.03427993069404233 6.769090412050575e-05 0.015019001768049012 4.0487882772787446e-05 0.0005311885270424258 1.431965928580959e-06 0.015019001768049012 4.0487882772787446e-05 0.01926092892599332 7.887539002803398e-05
59866.430803737094 0.03416579924671646 6.76480786727938e-05 0.015059728123835032 4.04967564350819e-05 0.0005326289272285289 1.4322797701848458e-06 0.01505972812383503 4.04967564350819e-05 0.019106071122881433 7.884319774008946e-05
59866.43083527506 0.034190372182161144 6.761916819426025e-05 0.01500318570662124 4.046520496750728e-05 0.0005306291482965425 1.4311638652901116e-06 0.015003185706621241 4.046520496750728e-05 0.0191871864755399 7.880218728148372e-05
59866.43086681302 0.034327990225109975 6.771961357934469e-05 0.014997101682208702 4.046368511766023e-05 0.0005304139699500653 1.4311101115976858e-06 0.014997101682208703 4.046368511766023e-05 0.01933088854290127 7.88876154832742e-05
59866.43089835098 0.03429316519445841 6.770404377932554e-05 0.015077822258543741 4.05041928191952e-05 0.0005332688763351649 1.4325427784715928e-06 0.01507782225854374 4.05041928191952e-05 0.01921534293591467 7.889503900757877e-05
59866.43092988895 0.03428437933607878 6.768462008448003e-05 0.015060561551104936 4.0504216396799545e-05 0.0005326584036884651 1.4325436123587657e-06 0.015060561551104936 4.0504216396799545e-05 0.019223817784973844 7.887838323583441e-05
59866.43096142691 0.03426816365676642 6.767681602231537e-05 0.014956962122249043 4.0438218265063366e-05 0.000528994323420929 1.4302094059364006e-06 0.014956962122249043 4.0438218265063366e-05 0.019311201534517382 7.883781404485558e-05
59866.43099296487 0.034426916892612 6.77718210183725e-05 0.01508296722393226 4.052233047180604e-05 0.0005334508422626359 1.4331842667091703e-06 0.01508296722393226 4.052233047180604e-05 0.01934394966867974 7.896251636702427e-05
59866.43102450284 0.03431981472603241 6.76811031499455e-05 0.015133406540389477 4.052119278798465e-05 0.0005352347681604897 1.4331440293749817e-06 0.015133406540389477 4.052119278798465e-05 0.019186408185642934 7.888408450729832e-05
59866.4310560408 0.03423039299604221 6.766004356973538e-05 0.015085827080784226 4.0518078348410896e-05 0.000533551989008086 1.4330338786076207e-06 0.015085827080784224 4.0518078348410896e-05 0.01914456591525799 7.886441636699314e-05
59866.43108757876 0.03433169073459454 6.772506951776576e-05 0.015044182259041996 4.048081851345858e-05 0.0005320791047337623 1.4317160815161876e-06 0.015044182259041996 4.048081851345858e-05 0.019287508475552547 7.890108813385134e-05
59866.43111911672 0.034270981969625386 6.767511920942222e-05 0.014963272032309268 4.044613464136915e-05 0.0005292174908379402 1.4304893904742766e-06 0.01496327203230927 4.044613464136915e-05 0.019307709937316116 7.88404183616327e-05
59866.43115065469 0.03425370218736609 6.76653271752341e-05 0.014997932880522879 4.046818877412405e-05 0.0005304433675768188 1.4312693958617313e-06 0.014997932880522879 4.046818877412405e-05 0.019255769306843213 7.884333075403153e-05
59866.43118219265 0.03415383746332699 6.759452781242594e-05 0.014977134736476607 4.045139362935869e-05 0.0005297077837030185 1.43067538912632e-06 0.014977134736476607 4.045139362935869e-05 0.019176702726850382 7.877395151153803e-05
59866.43121373061 0.03427602055980461 6.769456750835238e-05 0.014965513144754718 4.0436318988515815e-05 0.0005292967539765442 1.430142232769547e-06 0.01496551314475472 4.0436318988515815e-05 0.019310507415049888 7.885207900546365e-05
59866.43124526858 0.0344428109972967 6.782609360824186e-05 0.015021682068922734 4.047804692322423e-05 0.0005312833232942095 1.4316180565637382e-06 0.015021682068922735 4.047804692322423e-05 0.019421128928373964 7.898639918918149e-05
59866.43127680654 0.03428223482230543 6.769114916747695e-05 0.014982144857150043 4.0451024651536735e-05 0.0005298849804742773 1.4306623392053743e-06 0.014982144857150045 4.0451024651536735e-05 0.019300089965155382 7.88566869134942e-05
59866.4313083445 0.034254342873468374 6.769388698882766e-05 0.01500260331480268 4.046673691749668e-05 0.0005306085503994891 1.4312180469375297e-06 0.01500260331480268 4.046673691749668e-05 0.019251739558665694 7.886709790784786e-05
59866.43133988247 0.0342208606430307 6.761292349799184e-05 0.01503761932038248 4.049611827684651e-05 0.0005318469882606799 1.4322571999542598e-06 0.01503761932038248 4.049611827684651e-05 0.019183241322648217 7.881270848941583e-05
59866.431371420425 0.034238381981786456 6.765268908377152e-05 0.01499911743836743 4.0488125961022065e-05 0.0005304852627404497 1.4319745296053239e-06 0.01499911743836743 4.0488125961022065e-05 0.019239264543419024 7.884272118655626e-05
59866.43140295839 0.034336728730577463 6.772875199861438e-05 0.015039548380979328 4.0470526594439e-05 0.0005319152148227937 1.43135207934155e-06 0.015039548380979326 4.0470526594439e-05 0.01929718034959814 7.889896938567072e-05
59866.43143449636 0.0343084307606274 6.770152782583448e-05 0.0150928180118352 4.05096057071597e-05 0.0005337992426155476 1.4327342202218048e-06 0.0150928180118352 4.05096057071597e-05 0.019215612748792202 7.88956590979617e-05
59866.431466034315 0.03435151726522276 6.772303263721326e-05 0.015057752858634789 4.0506809669222464e-05 0.0005325590665128543 1.4326353306087415e-06 0.015057752858634789 4.0506809669222464e-05 0.01929376440658797 7.891267819026083e-05
59866.43149757228 0.03420124966222095 6.763127352003054e-05 0.014933998233568987 4.0441158176493294e-05 0.0005281821419995862 1.4303133840333618e-06 0.01493399823356899 4.0441158176493294e-05 0.01926725142865196 7.880023117096379e-05
59866.43152911025 0.03431657488762023 6.769285394398195e-05 0.015102000367444296 4.052042081653185e-05 0.0005341240020120844 1.4331167264699506e-06 0.015102000367444298 4.052042081653185e-05 0.01921457452017593 7.889377021178605e-05
59866.431560648205 0.034286625643112204 6.768618879285802e-05 0.014984089970842317 4.0469933717026076e-05 0.0005299537747984997 1.4313311105924582e-06 0.014984089970842315 4.0469933717026076e-05 0.019302535672269888 7.886213088905791e-05
59866.43159218617 0.0342995866354422 6.770476233196413e-05 0.015002700856369691 4.045838156019322e-05 0.0005306120002267217 1.430922536622831e-06 0.015002700856369691 4.045838156019322e-05 0.019296885779072508 7.887214642000008e-05
59866.43162372413 0.034213084215884385 6.766681193638656e-05 0.01503776953102383 4.048226947603983e-05 0.0005318523008753634 1.4317673988199756e-06 0.01503776953102383 4.048226947603983e-05 0.019175314684860556 7.885183307675867e-05
59866.431655262095 0.034281521010141335 6.768409505533125e-05 0.01511349677062171 4.051005325828681e-05 0.0005345306040995205 1.4327500491049525e-06 0.01511349677062171 4.051005325828681e-05 0.019168024239519625 7.888093013173939e-05
59866.43168680006 0.0342398476854106 6.767043688824747e-05 0.015027350810413662 4.048831307113818e-05 0.000531483814011852 1.4319811472719644e-06 0.015027350810413663 4.048831307113818e-05 0.01921249687499694 7.885804666609985e-05
59866.43171833802 0.03411997468428052 6.755459228849235e-05 0.015003261390786015 4.0460432557919546e-05 0.0005306318250763064 1.430995075828701e-06 0.015003261390786015 4.0460432557919546e-05 0.019116713293494503 7.874433022153649e-05
59866.431749875985 0.03422751163630843 6.764613561168645e-05 0.014971038594275544 4.044401875283165e-05 0.000529492176777443 1.4304145562254378e-06 0.014971038594275546 4.044401875283165e-05 0.019256473042032887 7.881445499446198e-05
59866.43178141395 0.03428170123539708 6.766811768486201e-05 0.015053869460792959 4.0513552394268995e-05 0.0005324217194100721 1.4328738057245338e-06 0.015053869460792959 4.0513552394268995e-05 0.019227831774604125 7.886901849659036e-05
59866.43181295191 0.034237216883292995 6.764302164266545e-05 0.014999442690032448 4.046623660835143e-05 0.0005304967661649466 1.4312003521211875e-06 0.014999442690032446 4.046623660835143e-05 0.01923777419326055 7.882318619665908e-05
59866.431844489874 0.03423502893490375 6.76543725224095e-05 0.01500122576025072 4.046175695214425e-05 0.0005305598293736395 1.4310419166925822e-06 0.01500122576025072 4.046175695214425e-05 0.019233803174653032 7.883062791234986e-05
59866.43187602783 0.0341790928505363 6.764967016759876e-05 0.015007214531079107 4.0471543605642345e-05 0.0005307716388137244 1.4313880487549262e-06 0.015007214531079106 4.0471543605642345e-05 0.019171878319457197 7.883161621842033e-05
59866.4319075658 0.03416509667338648 6.760760687781301e-05 0.014996216481131227 4.046226485900306e-05 0.000530382662366263 1.4310598802230732e-06 0.014996216481131227 4.046226485900306e-05 0.019168880192255253 7.879075697862676e-05
59866.431939103764 0.03435608006508777 6.772846305472773e-05 0.015070014850914783 4.051452878005889e-05 0.0005329927457758578 1.4329083383078285e-06 0.015070014850914783 4.051452878005889e-05 0.01928606521417299 7.892130099045402e-05
59866.43197064172 0.03436320562893116 6.77508176840417e-05 0.015043858758106602 4.048648709502254e-05 0.0005320676632286595 1.4319165665775705e-06 0.015043858758106602 4.048648709502254e-05 0.019319346870824556 7.892609792807247e-05
59866.43200217969 0.034261033773205794 6.766512660750188e-05 0.015051738586495686 4.0486990346080044e-05 0.0005323463551484013 1.4319343654427744e-06 0.015051738586495684 4.0486990346080044e-05 0.01920929518671011 7.885281064168123e-05
59866.43203371765 0.03420853703108993 6.764503224702853e-05 0.014957753196411088 4.044739044774993e-05 0.0005290223019460939 1.4305338055394027e-06 0.014957753196411088 4.044739044774993e-05 0.019250783834678847 7.881523825843744e-05
59866.43206525561 0.03431027622416108 6.776258055467769e-05 0.015015021991601847 4.04740421555373e-05 0.0005310477712437664 1.4314764168807804e-06 0.015015021991601846 4.04740421555373e-05 0.019295254232559234 7.89298132003199e-05
59866.43209679358 0.03433122891361296 6.771375241426997e-05 0.015101072597253828 4.051902628034342e-05 0.0005340911888538918 1.4330674048415707e-06 0.015101072597253828 4.051902628034342e-05 0.01923015631635913 7.891098628662687e-05
59866.43212833154 0.03428191308394855 6.768898654609663e-05 0.015077888410490927 4.0502089082533755e-05 0.0005332712159816959 1.4324683740074523e-06 0.015077888410490927 4.0502089082533755e-05 0.01920402467345762 7.888103777009497e-05
59866.4321598695 0.03430660778959675 6.767884148830476e-05 0.01508568432135185 4.0506079208939756e-05 0.0005335469399260115 1.432609495861025e-06 0.01508568432135185 4.0506079208939756e-05 0.019220923468244902 7.887438138001454e-05
59866.43219140747 0.03429949504012391 6.770959221841986e-05 0.015088664754188142 4.0512766651050784e-05 0.0005336523511745557 1.4328460157429383e-06 0.015088664754188142 4.0512766651050784e-05 0.019210830285935766 7.890420229688148e-05
59866.43222294543 0.03426228548471411 6.792958296675798e-05 0.015048566271607689 4.0659690037159104e-05 0.0005322341574605194 1.438042367555147e-06 0.015048566271607687 4.0659690037159104e-05 0.019213719213106425 7.916841943575425e-05
59866.43225448339 0.034222884493708784 6.788987265894427e-05 0.01504217727296222 4.068018244567709e-05 0.0005320081928570008 1.4387671382465907e-06 0.01504217727296222 4.068018244567709e-05 0.019180707220746565 7.914488014686258e-05
59866.43228602135 0.034154145581442925 6.782461365069117e-05 0.015030283006528821 4.065139752528226e-05 0.0005315875192353725 1.4377490799427363e-06 0.015030283006528821 4.065139752528226e-05 0.019123862574914104 7.907410661919645e-05
59866.432317559316 0.03429717958963774 6.79615676802975e-05 0.01498736137594184 4.064082501319463e-05 0.0005300694770857097 1.4373751538183708e-06 0.014987361375941838 4.064082501319463e-05 0.0193098182136959 7.918618149220711e-05
59866.43234909728 0.034431188821701555 6.805686233103354e-05 0.01508999623446466 4.069509083565586e-05 0.0005336994426562529 1.4392944146818488e-06 0.01508999623446466 4.069509083565586e-05 0.019341192587236895 7.929581911089344e-05
59866.43238063524 0.03422672710665472 6.787904282192264e-05 0.014968099283868436 4.0633148708342104e-05 0.0005293882199373156 1.4371036600712684e-06 0.014968099283868436 4.0633148708342104e-05 0.019258627822786284 7.91114228691069e-05
59866.432412173206 0.03424634485794145 6.788276282859976e-05 0.015091877796541265 4.068070439115408e-05 0.0005337659893018587 1.4387855982916321e-06 0.015091877796541267 4.068070439115408e-05 0.019154467061400185 7.913904977319597e-05
59866.43244371117 0.03431038250357487 6.796703986944365e-05 0.01501177603483371 4.065295028059506e-05 0.0005309329690071639 1.4378039974279463e-06 0.015011776034833712 4.065295028059506e-05 0.01929860646874116 7.919710143137233e-05
59866.43247524913 0.034230597605403146 6.790558070220447e-05 0.015076170196070918 4.069140262498943e-05 0.0005332104465776435 1.4391639709132428e-06 0.015076170196070918 4.069140262498943e-05 0.01915442740933223 7.916412153300636e-05
59866.432506787096 0.03424993413545525 6.792037591795775e-05 0.015128342998305545 4.0720985576361825e-05 0.0005350556819933317 1.4402102537892793e-06 0.015128342998305547 4.0720985576361825e-05 0.0191215911371497 7.919202062800875e-05
59866.432538325054 0.03427812149245792 6.793717220856996e-05 0.015024795509228958 4.064364520736475e-05 0.000531393438719711 1.437474897783405e-06 0.015024795509228956 4.064364520736475e-05 0.019253325983228965 7.916669289189132e-05
59866.43256986302 0.03430415640851211 6.797883619736849e-05 0.0150807482789097 4.0687863830720955e-05 0.0005333723631362383 1.4390388116687069e-06 0.0150807482789097 4.0687863830720955e-05 0.01922340812960241 7.922515026086064e-05
59866.432601400986 0.03422369686126254 6.78949118752985e-05 0.015028486648623666 4.066703572305881e-05 0.0005315239860708907 1.4383021680487778e-06 0.015028486648623664 4.066703572305881e-05 0.019195210212638876 7.914244659507999e-05
59866.432632938944 0.03424615244852213 6.790387789619335e-05 0.015030248233512612 4.066428630414371e-05 0.0005315862893915023 1.4382049272463403e-06 0.015030248233512613 4.066428630414371e-05 0.019215904215009516 7.914872591499188e-05
59866.43266447691 0.03423882023153618 6.793636919262845e-05 0.014971479500753185 4.062554941811561e-05 0.000529507770654189 1.4368348901593715e-06 0.014971479500753183 4.062554941811561e-05 0.019267340730782997 7.9156714968478e-05
59866.432696014876 0.0343810027403671 6.802076685464851e-05 0.015126499940939831 4.0697211961905676e-05 0.0005349904971732972 1.4393694341768666e-06 0.015126499940939833 4.0697211961905676e-05 0.019254502799427267 7.926593079606602e-05
59866.432727552834 0.034382524888296025 6.803998068674255e-05 0.01507428120912836 4.067833435126571e-05 0.0005331436373311226 1.4387017752775078e-06 0.01507428120912836 4.067833435126571e-05 0.019308243679167662 7.927273085649102e-05
59866.4327590908 0.03438133150717938 6.799024839165363e-05 0.015046272175609793 4.0670854408923646e-05 0.0005321530204120767 1.4384372264335564e-06 0.015046272175609795 4.0670854408923646e-05 0.019335059331569586 7.922620951876104e-05
59866.43279062876 0.03412306374171819 6.781700240808589e-05 0.015055389583137992 4.068152055906223e-05 0.0005324754827401425 1.4388144643265156e-06 0.015055389583137993 4.068152055906223e-05 0.019067674158580197 7.908306981026804e-05
59866.432822166724 0.034346056182708466 6.798049380199795e-05 0.015014652969375422 4.065414688846842e-05 0.0005310347197523339 1.4378463187741656e-06 0.015014652969375422 4.065414688846842e-05 0.019331403213333043 7.920926206443693e-05
59866.43285370469 0.0341576832265119 6.783903791933717e-05 0.015016385777921951 4.0641217962157796e-05 0.0005310960053180255 1.4373890515450087e-06 0.015016385777921953 4.0641217962157796e-05 0.019141297448589948 7.90812472288398e-05
59866.43288524265 0.03413544593881818 6.783795770572391e-05 0.015011987101478422 4.064912894160888e-05 0.0005309404339626811 1.437668845208195e-06 0.015011987101478422 4.064912894160888e-05 0.019123458837339763 7.9084386508306e-05
