HD189733b/Results/345_radii/HD189733b_nrca1_level3_asn_phot.ecsv
# %ECSV 0.9
# ---
# datatype:
# - {name: MJD, datatype: float64}
# - {name: aperture_sum, unit: Jy, datatype: float64}
# - {name: aperture_sum_err, unit: Jy, datatype: float64}
# - {name: annulus_sum, unit: Jy, datatype: float64}
# - {name: annulus_sum_err, unit: Jy, datatype: float64}
# - {name: annulus_mean, unit: Jy, datatype: float64}
# - {name: annulus_mean_err, unit: Jy, datatype: float64}
# - {name: aperture_bkg, unit: Jy, datatype: float64}
# - {name: aperture_bkg_err, unit: Jy, datatype: float64}
# - {name: net_aperture_sum, unit: Jy, datatype: float64}
# - {name: net_aperture_sum_err, unit: Jy, datatype: float64}
# meta: !!omap
# - {instrument: NIRCAM}
# - {detector: NRCA1}
# - {channel: SHORT}
# - {subarray: SUBGRISM64}
# - {filter: WLP4}
# - {pupil: CLEAR}
# - {target_name: UNKNOWN}
# - {xcenter: 1981.2}
# - {ycenter: 29.2}
# - ra_icrs: !numpy.ndarray
#     buffer: !!binary |
#       TW93WjUrbkNja0E9
#     dtype: float64
#     order: C
#     shape: !!python/tuple []
# - dec_icrs: !numpy.ndarray
#     buffer: !!binary |
#       U1ZQa09iSzFOa0E9
#     dtype: float64
#     order: C
#     shape: !!python/tuple []
# - {apertures: Photometry measured in a circular aperture of r=3.0 pixels.  Background calculated as the mean in a circular annulus with
#     r_inner=4.0 pixels and r_outer=5.0 pixels.}
# - {number_of_integrations: 7350}
# - __serialized_columns__:
#     annulus_mean:
#       __class__: astropy.units.quantity.Quantity
#       unit: &id001 !astropy.units.Unit {unit: Jy}
#       value: !astropy.table.SerializedColumn {name: annulus_mean}
#     annulus_mean_err:
#       __class__: astropy.units.quantity.Quantity
#       unit: *id001
#       value: !astropy.table.SerializedColumn {name: annulus_mean_err}
#     annulus_sum:
#       __class__: astropy.units.quantity.Quantity
#       unit: *id001
#       value: !astropy.table.SerializedColumn {name: annulus_sum}
#     annulus_sum_err:
#       __class__: astropy.units.quantity.Quantity
#       unit: *id001
#       value: !astropy.table.SerializedColumn {name: annulus_sum_err}
#     aperture_bkg:
#       __class__: astropy.units.quantity.Quantity
#       unit: *id001
#       value: !astropy.table.SerializedColumn {name: aperture_bkg}
#     aperture_bkg_err:
#       __class__: astropy.units.quantity.Quantity
#       unit: *id001
#       value: !astropy.table.SerializedColumn {name: aperture_bkg_err}
#     aperture_sum:
#       __class__: astropy.units.quantity.Quantity
#       unit: *id001
#       value: !astropy.table.SerializedColumn {name: aperture_sum}
#     aperture_sum_err:
#       __class__: astropy.units.quantity.Quantity
#       unit: *id001
#       value: !astropy.table.SerializedColumn {name: aperture_sum_err}
#     net_aperture_sum:
#       __class__: astropy.units.quantity.Quantity
#       unit: *id001
#       value: !astropy.table.SerializedColumn {name: net_aperture_sum}
#     net_aperture_sum_err:
#       __class__: astropy.units.quantity.Quantity
#       unit: *id001
#       value: !astropy.table.SerializedColumn {name: net_aperture_sum_err}
# schema: astropy-2.0
MJD aperture_sum aperture_sum_err annulus_sum annulus_sum_err annulus_mean annulus_mean_err aperture_bkg aperture_bkg_err net_aperture_sum net_aperture_sum_err
[from data line 4386]
59866.4091686945 0.03357932633007215 6.719174988222713e-05 0.014799296907117804 4.03518786553476e-05 0.0005234180571227549 1.427155766898425e-06 0.014799296907117804 4.03518786553476e-05 0.018780029422954345 7.837732684425813e-05
59866.40920023247 0.033554044364758805 6.71598218653484e-05 0.01463305565461455 4.0248894473162136e-05 0.0005175384755490481 1.4235134465306268e-06 0.01463305565461455 4.0248894473162136e-05 0.018920988710144256 7.82969678806087e-05
59866.40923177043 0.033543677286209155 6.717581300154825e-05 0.014733815819237528 4.030091717486398e-05 0.000521102137386048 1.4253533732259254e-06 0.014733815819237528 4.030091717486398e-05 0.018809861466971625 7.833743535216242e-05
59866.40926330839 0.03348740813294522 6.710108108081769e-05 0.014719490343946224 4.0294952180933856e-05 0.0005205954773405476 1.4251424047215937e-06 0.014719490343946224 4.0294952180933856e-05 0.018767917788998997 7.827028972399563e-05
59866.40929484635 0.03351600166463609 6.711779760689503e-05 0.014729704202039392 4.0304309168298444e-05 0.0005209567186746735 1.4254733404530432e-06 0.01472970420203939 4.0304309168298444e-05 0.018786297462596704 7.828943794110358e-05
59866.40932638432 0.03342898855463976 6.707922386079523e-05 0.014678732246371172 4.0279855684680005e-05 0.0005191539545183051 1.4246084753877785e-06 0.014678732246371172 4.0279855684680005e-05 0.018750256308268584 7.824377961055644e-05
59866.40935792228 0.03350316741439546 6.710013516442257e-05 0.014638161407895454 4.0240223828622806e-05 0.0005177190546319066 1.4232067852110208e-06 0.014638161407895454 4.0240223828622806e-05 0.01886500600650001 7.824131742795134e-05
59866.40938946024 0.033450328251530256 6.707794701654039e-05 0.014683251612793791 4.028145237315864e-05 0.0005193137944084836 1.4246649466908792e-06 0.014683251612793791 4.028145237315864e-05 0.018767076638736467 7.824350695901129e-05
59866.40942099821 0.03353338156864178 6.714010476423094e-05 0.014679054939505628 4.0272416502464445e-05 0.0005191653674532941 1.4243453681384078e-06 0.014679054939505626 4.0272416502464445e-05 0.018854326629136154 7.829215285518642e-05
59866.40945253617 0.03344549808812599 6.705633437686413e-05 0.014741565740961025 4.029720243659808e-05 0.0005213762347973524 1.425221991235412e-06 0.014741565740961023 4.029720243659808e-05 0.018703932347164966 7.823309085213224e-05
59866.40948407413 0.033526615169643365 6.710715397967786e-05 0.014698499434998935 4.027289256214246e-05 0.0005198530758030025 1.4243622053052885e-06 0.014698499434998933 4.027289256214246e-05 0.01882811573464443 7.826414243172964e-05
59866.4095156121 0.033442603668142244 6.705459429923409e-05 0.014713743395060097 4.0301847049185146e-05 0.0005203922206021202 1.4253862608025183e-06 0.014713743395060097 4.0301847049185146e-05 0.018728860273082147 7.823399192301765e-05
59866.409547150055 0.033538208697006563 6.714778288322624e-05 0.014746781619568066 4.031738972493576e-05 0.0005215607087668808 1.4259359705079816e-06 0.014746781619568066 4.031738972493576e-05 0.0187914270774385 7.83218785548792e-05
59866.40957868802 0.03359339447174401 6.720490752864731e-05 0.014667604060597823 4.027583525001774e-05 0.0005187603754575332 1.424466281598917e-06 0.014667604060597821 4.027583525001774e-05 0.01892579041114619 7.834948947517532e-05
59866.40961022599 0.0334637066543092 6.708632668472898e-05 0.01474162464660412 4.0316128344583975e-05 0.0005213783181583023 1.4258913583039582e-06 0.01474162464660412 4.0316128344583975e-05 0.01872208200770508 7.826854689303454e-05
59866.409641763945 0.03351575383902825 6.713897112619947e-05 0.014755709608466042 4.0309315231067815e-05 0.0005218764717813214 1.4256503937053041e-06 0.014755709608466042 4.0309315231067815e-05 0.01876004423056221 7.831016752812013e-05
59866.40967330191 0.03349996318369053 6.7121601832482e-05 0.014743014083728424 4.0292391483633644e-05 0.0005214274594441797 1.425051838580907e-06 0.014743014083728424 4.0292391483633644e-05 0.018756949099962103 7.828656490119261e-05
59866.409704839876 0.03346825806178238 6.707879318820138e-05 0.014648961459536418 4.026931228553237e-05 0.0005181010283217526 1.424235578923037e-06 0.014648961459536418 4.026931228553237e-05 0.01881929660224596 7.8237983150994e-05
59866.409736377835 0.03348950943515632 6.710664072714707e-05 0.014650766354206946 4.0254677935978843e-05 0.000518164863412547 1.423717994685175e-06 0.014650766354206946 4.0254677935978843e-05 0.018838743080949377 7.825433103293246e-05
59866.4097679158 0.03348777873457797 6.711745154715754e-05 0.014681235941803122 4.029194311971947e-05 0.0005192425046303032 1.425035980951297e-06 0.014681235941803122 4.029194311971947e-05 0.018806542792774848 7.82827757718628e-05
59866.40979945376 0.03350202673746618 6.708004479696634e-05 0.014778754449239302 4.032716055029874e-05 0.0005226915162972836 1.4262815427645605e-06 0.014778754449239302 4.032716055029874e-05 0.01872327228822688 7.82688462161835e-05
59866.409830991724 0.03354238570309991 6.717207791034473e-05 0.014707128571767689 4.028989456739275e-05 0.0005201582690855277 1.424963528233746e-06 0.014707128571767689 4.028989456739275e-05 0.018835257131332224 7.832856219186617e-05
59866.40986252969 0.033516106833665515 6.71432406167601e-05 0.014789893687009266 4.032799271677859e-05 0.0005230854862424759 1.4263109746331703e-06 0.014789893687009264 4.032799271677859e-05 0.01872621314665625 7.832344321520019e-05
59866.40989406765 0.03361643978696001 6.719409139275812e-05 0.014711200442793261 4.0290226279087416e-05 0.000520302282063606 1.4249752601350543e-06 0.014711200442793261 4.0290226279087416e-05 0.018905239344166748 7.834761165293041e-05
59866.409925605614 0.033531893322542305 6.713161597316622e-05 0.014703809630989623 4.02782986671638e-05 0.0005200408855676036 1.4245534071579595e-06 0.014703809630989622 4.02782986671638e-05 0.018828083691552686 7.828789949085309e-05
59866.40995714358 0.0334874716662112 6.70996172795096e-05 0.014658141250760854 4.026406564785113e-05 0.000518425697021735 1.4240500170737966e-06 0.014658141250760856 4.026406564785113e-05 0.018829330415450346 7.825313809395204e-05
59866.40998868154 0.03358128712208081 6.718426171623557e-05 0.0147282447250823 4.031284949942624e-05 0.0005209051002364402 1.4257753928785166e-06 0.0147282447250823 4.031284949942624e-05 0.01885304239699851 7.83508191221957e-05
59866.410020219504 0.033461641541638616 6.708111741397117e-05 0.014720146738071907 4.0315512684805026e-05 0.0005206186925338185 1.4258695837934952e-06 0.014720146738071907 4.0315512684805026e-05 0.01874149480356671 7.826376477365283e-05
59866.41005175746 0.03347306344832688 6.71178023150071e-05 0.014762344398944758 4.0322089708460256e-05 0.0005221111294926695 1.426102198421398e-06 0.014762344398944758 4.0322089708460256e-05 0.018710719049382124 7.829859708866749e-05
59866.41008329543 0.03357206179378108 6.71350257014641e-05 0.014776777142398556 4.033466313469619e-05 0.0005226215833733472 1.4265468924074092e-06 0.014776777142398556 4.033466313469619e-05 0.018795284651382527 7.831983609613637e-05
59866.410114833394 0.03343764178458468 6.705671685128804e-05 0.014722469995027875 4.030964246532499e-05 0.0005207008609401774 1.4256619672496549e-06 0.014722469995027875 4.030964246532499e-05 0.018715171789556805 7.823982713782124e-05
59866.41014637135 0.033398890310859165 6.705261313981954e-05 0.014638233344673323 4.0273369728275765e-05 0.0005177215988749706 1.42437908160502e-06 0.014638233344673325 4.0273369728275765e-05 0.01876065696618584 7.821762741319055e-05
59866.41017790932 0.03341943028596209 6.707362189549746e-05 0.014716863510820783 4.029777913752941e-05 0.0005205025721235273 1.4252423878585022e-06 0.014716863510820783 4.029777913752941e-05 0.018702566775141302 7.824820609826947e-05
59866.410209447284 0.033462217396322866 6.70963300020533e-05 0.014722037862751332 4.030266869748238e-05 0.0005206855773873148 1.4254153206665154e-06 0.014722037862751332 4.030266869748238e-05 0.018740179533571533 7.827018975244319e-05
59866.41024098524 0.033490598150300255 6.709789363326249e-05 0.014648459325334316 4.0252765112067846e-05 0.0005180832689572281 1.423650342378353e-06 0.014648459325334316 4.0252765112067846e-05 0.018842138824965937 7.824584608263824e-05
59866.41027252321 0.03349955296456816 6.713571258076233e-05 0.014710115951192704 4.0293137387907415e-05 0.0005202639260193904 1.4250782195480722e-06 0.014710115951192704 4.0293137387907415e-05 0.01878943701337546 7.829904740344874e-05
59866.410304061166 0.03346020723295623 6.707986678966218e-05 0.014691250635001638 4.0291634560413354e-05 0.0005195967019472127 1.4250250678982292e-06 0.01469125063500164 4.0291634560413354e-05 0.018768956597954592 7.825039516877035e-05
59866.41033559913 0.033608728856097135 6.719807553550388e-05 0.014723021162436192 4.0289004582265726e-05 0.0005207203544996229 1.4249320514488028e-06 0.014723021162436194 4.0289004582265726e-05 0.018885707693660943 7.835040041955825e-05
59866.4103671371 0.03346600389089734 6.710573178510013e-05 0.014617985995772735 4.025015479910325e-05 0.0005170054953945183 1.4235580214425013e-06 0.014617985995772733 4.025015479910325e-05 0.018848017895124608 7.825122490904262e-05
59866.410398675056 0.03337753131846804 6.702833606859057e-05 0.014677901296457636 4.028115210293583e-05 0.0005191245656769271 1.424654326804163e-06 0.014677901296457636 4.028115210293583e-05 0.018699630022010402 7.820082512904689e-05
59866.41043021302 0.033546791194744005 6.715989251580073e-05 0.014688962541888655 4.028436920702324e-05 0.0005195157772073936 1.42476810858593e-06 0.014688962541888655 4.028436920702324e-05 0.01885782865285535 7.831527031902316e-05
59866.41046175098 0.03350128575022163 6.713134636612809e-05 0.01465641568061273 4.027199148796916e-05 0.0005183646674620182 1.4243303363255611e-06 0.01465641568061273 4.027199148796916e-05 0.018844870069608895 7.828442350388817e-05
59866.410493288946 0.033502689022147356 6.713271876101675e-05 0.014702168789478422 4.029565522345934e-05 0.0005199828526704173 1.4251672697645126e-06 0.014702168789478422 4.029565522345934e-05 0.018800520232668934 7.82977762017139e-05
59866.41052482691 0.0335449365619828 6.713745633017596e-05 0.014732949375884387 4.0309148682568126e-05 0.0005210714932210343 1.425644503257084e-06 0.014732949375884387 4.0309148682568126e-05 0.01881198718609841 7.830878309614871e-05
59866.41055636487 0.033516348157329415 6.713250211343908e-05 0.014646515121685216 4.025289413705607e-05 0.0005180145068191989 1.4236549057038325e-06 0.014646515121685216 4.025289413705607e-05 0.0188698330356442 7.827559214991571e-05
59866.410587902836 0.03343786822942266 6.706934932592367e-05 0.014746219105552598 4.030557036302475e-05 0.0005215408139032985 1.4255179460919084e-06 0.014746219105552596 4.030557036302475e-05 0.01869164912387006 7.824855667225765e-05
59866.4106194408 0.033463779627516475 6.709800311878365e-05 0.01466499290937483 4.0263718828082355e-05 0.0005186680248743555 1.4240377508336716e-06 0.01466499290937483 4.0263718828082355e-05 0.018798786718141645 7.825157555215852e-05
59866.41065097876 0.033508524633149246 6.710352608453586e-05 0.014738141987096788 4.030735231369503e-05 0.0005212551442748139 1.4255809697046908e-06 0.014738141987096786 4.030735231369503e-05 0.01877038264605246 7.82787701967674e-05
59866.410682516726 0.033411911590642156 6.704591010669901e-05 0.01466997176791174 4.028109761230023e-05 0.000518844115973712 1.424652399592161e-06 0.01466997176791174 4.028109761230023e-05 0.018741939822730418 7.821586083964827e-05
59866.410714054684 0.033527165901670826 6.712209096330027e-05 0.014722964939441835 4.029351882661113e-05 0.0005207183660179634 1.4250917101825573e-06 0.014722964939441833 4.029351882661113e-05 0.01880420096222899 7.828756449600423e-05
59866.41074559265 0.03347424336138777 6.709295197387056e-05 0.014776684259214114 4.031447836217592e-05 0.0005226182983026951 1.4258330021136788e-06 0.014776684259214114 4.031447836217592e-05 0.018697559102173654 7.827337587061422e-05
59866.410777130615 0.03359964349443913 6.720366175693515e-05 0.014764529055296991 4.032878348163981e-05 0.0005221883959054284 1.4263389422190563e-06 0.01476452905529699 4.032878348163981e-05 0.01883511443914214 7.83756526649031e-05
59866.410808668574 0.03356814840342975 6.717171416559725e-05 0.014703725678439973 4.028380836889741e-05 0.0005200379163535453 1.4247482729948187e-06 0.014703725678439972 4.028380836889741e-05 0.018864422724989775 7.832511985721277e-05
59866.41084020654 0.03356661663344056 6.71648616263474e-05 0.01474208157399917 4.0303749931912444e-05 0.0005213944786590926 1.4254535615118901e-06 0.01474208157399917 4.0303749931912444e-05 0.018824535059441386 7.832950207846675e-05
59866.410871744505 0.03348360310634683 6.712509446922672e-05 0.014628560122758325 4.025885396698093e-05 0.0005173794786342157 1.423865691568839e-06 0.014628560122758325 4.025885396698093e-05 0.018855042983588505 7.827230436263716e-05
59866.41090328246 0.033406391046119255 6.707363467465386e-05 0.01473111074460501 4.0310946238453523e-05 0.0005210064649417819 1.4257080787914496e-06 0.01473111074460501 4.0310946238453523e-05 0.018675280301514247 7.825499891450015e-05
59866.41093482043 0.033456068632528604 6.708388077672867e-05 0.014709273055487368 4.0305919490266405e-05 0.0005202341146820537 1.4255302939421923e-06 0.01470927305548737 4.0305919490266405e-05 0.018746795577041234 7.826119220930758e-05
59866.41096635839 0.033526287370249756 6.716003584711495e-05 0.014686045737161426 4.0289195677809934e-05 0.0005194126163428664 1.424938810071128e-06 0.014686045737161426 4.0289195677809934e-05 0.018840241633088332 7.831787601404053e-05
59866.41099789635 0.03350016640238698 6.710274448436768e-05 0.014672441087802341 4.027237980806847e-05 0.0005189314502996375 1.4243440703396293e-06 0.014672441087802341 4.027237980806847e-05 0.01882772531458464 7.82600977046391e-05
59866.41102943432 0.0335105901195835 6.71113826535365e-05 0.014764453971237507 4.032445379417722e-05 0.0005221857403500475 1.4261858108497864e-06 0.014764453971237509 4.032445379417722e-05 0.018746136148345992 7.829431176955408e-05
59866.41106097228 0.03350222984845905 6.712884389867997e-05 0.014652781509430493 4.02606141950554e-05 0.0005182361349491969 1.4239279469019548e-06 0.014652781509430491 4.02606141950554e-05 0.018849448339028557 7.827642517729358e-05
59866.41109251024 0.033523158876102147 6.714944918963326e-05 0.014725599557040569 4.0295444232345414e-05 0.0005208115465544069 1.4251598074803504e-06 0.014725599557040569 4.0295444232345414e-05 0.018797559319061578 7.831201282276685e-05
59866.41112404821 0.03349001778957632 6.709427246228471e-05 0.014680958135536605 4.028034376241659e-05 0.000519232679243517 1.424625737606532e-06 0.014680958135536607 4.028034376241659e-05 0.01880905965403971 7.825693254186334e-05
59866.41115558617 0.03347651704106623 6.711055229753016e-05 0.014683468596075474 4.026772375179745e-05 0.0005193214686222276 1.424179396034997e-06 0.014683468596075472 4.026772375179745e-05 0.01879304844499076 7.826439679592889e-05
59866.41118712413 0.033529285074169725 6.71430504923923e-05 0.014700227402772208 4.028389608103119e-05 0.0005199141901613625 1.4247513751769655e-06 0.014700227402772208 4.028389608103119e-05 0.018829057671397517 7.830058437132677e-05
59866.41121866209 0.03347293813452388 6.710718543878239e-05 0.014668698517762204 4.0275362206191814e-05 0.0005187990839614695 1.4244495510959846e-06 0.014668698517762202 4.0275362206191814e-05 0.018804239616761677 7.826544025529448e-05
59866.41125020006 0.03348212267894749 6.711422952225772e-05 0.014674275380630954 4.0270623214315826e-05 0.0005189963251375823 1.4242819435443543e-06 0.014674275380630954 4.0270623214315826e-05 0.018807847298316537 7.826904176260038e-05
