HD189733b/Results/345_radii/HD189733b_nrca1_level3_asn_phot.ecsv
# %ECSV 0.9
# ---
# datatype:
# - {name: MJD, datatype: float64}
# - {name: aperture_sum, unit: Jy, datatype: float64}
# - {name: aperture_sum_err, unit: Jy, datatype: float64}
# - {name: annulus_sum, unit: Jy, datatype: float64}
# - {name: annulus_sum_err, unit: Jy, datatype: float64}
# - {name: annulus_mean, unit: Jy, datatype: float64}
# - {name: annulus_mean_err, unit: Jy, datatype: float64}
# - {name: aperture_bkg, unit: Jy, datatype: float64}
# - {name: aperture_bkg_err, unit: Jy, datatype: float64}
# - {name: net_aperture_sum, unit: Jy, datatype: float64}
# - {name: net_aperture_sum_err, unit: Jy, datatype: float64}
# meta: !!omap
# - {instrument: NIRCAM}
# - {detector: NRCA1}
# - {channel: SHORT}
# - {subarray: SUBGRISM64}
# - {filter: WLP4}
# - {pupil: CLEAR}
# - {target_name: UNKNOWN}
# - {xcenter: 1981.2}
# - {ycenter: 29.2}
# - ra_icrs: !numpy.ndarray
#     buffer: !!binary |
#       TW93WjUrbkNja0E9
#     dtype: float64
#     order: C
#     shape: !!python/tuple []
# - dec_icrs: !numpy.ndarray
#     buffer: !!binary |
#       U1ZQa09iSzFOa0E9
#     dtype: float64
#     order: C
#     shape: !!python/tuple []
# - {apertures: Photometry measured in a circular aperture of r=3.0 pixels.  Background calculated as the mean in a circular annulus with
#     r_inner=4.0 pixels and r_outer=5.0 pixels.}
# - {number_of_integrations: 7350}
# - __serialized_columns__:
#     annulus_mean:
#       __class__: astropy.units.quantity.Quantity
#       unit: &id001 !astropy.units.Unit {unit: Jy}
#       value: !astropy.table.SerializedColumn {name: annulus_mean}
#     annulus_mean_err:
#       __class__: astropy.units.quantity.Quantity
#       unit: *id001
#       value: !astropy.table.SerializedColumn {name: annulus_mean_err}
#     annulus_sum:
#       __class__: astropy.units.quantity.Quantity
#       unit: *id001
#       value: !astropy.table.SerializedColumn {name: annulus_sum}
#     annulus_sum_err:
#       __class__: astropy.units.quantity.Quantity
#       unit: *id001
#       value: !astropy.table.SerializedColumn {name: annulus_sum_err}
#     aperture_bkg:
#       __class__: astropy.units.quantity.Quantity
#       unit: *id001
#       value: !astropy.table.SerializedColumn {name: aperture_bkg}
#     aperture_bkg_err:
#       __class__: astropy.units.quantity.Quantity
#       unit: *id001
#       value: !astropy.table.SerializedColumn {name: aperture_bkg_err}
#     aperture_sum:
#       __class__: astropy.units.quantity.Quantity
#       unit: *id001
#       value: !astropy.table.SerializedColumn {name: aperture_sum}
#     aperture_sum_err:
#       __class__: astropy.units.quantity.Quantity
#       unit: *id001
#       value: !astropy.table.SerializedColumn {name: aperture_sum_err}
#     net_aperture_sum:
#       __class__: astropy.units.quantity.Quantity
#       unit: *id001
#       value: !astropy.table.SerializedColumn {name: net_aperture_sum}
#     net_aperture_sum_err:
#       __class__: astropy.units.quantity.Quantity
#       unit: *id001
#       value: !astropy.table.SerializedColumn {name: net_aperture_sum_err}
# schema: astropy-2.0
MJD aperture_sum aperture_sum_err annulus_sum annulus_sum_err annulus_mean annulus_mean_err aperture_bkg aperture_bkg_err net_aperture_sum net_aperture_sum_err
[from data line 4660]
59866.417810096355 0.03360122666976882 6.721593075518289e-05 0.01485278645316438 4.037263319273549e-05 0.0005253098628243225 1.4278898085021736e-06 0.01485278645316438 4.037263319273549e-05 0.01874844021660444 7.840874223070223e-05
59866.41784163432 0.03363203972545971 6.72098267883496e-05 0.014735832726970485 4.032503429040678e-05 0.0005211734709050392 1.4262063417040932e-06 0.014735832726970486 4.032503429040678e-05 0.01889620699848922 7.837900999274257e-05
59866.41787317228 0.033827156463737 6.73688301410394e-05 0.014775050012911059 4.032624007600319e-05 0.0005225604986632816 1.4262489876458662e-06 0.014775050012911059 4.032624007600319e-05 0.01905210645082594 7.851601692164259e-05
59866.417904710244 0.03367975538467567 6.725181574797516e-05 0.014746655699517263 4.031938463604896e-05 0.0005215562552560987 1.4260065260556915e-06 0.014746655699517263 4.031938463604896e-05 0.01893309968515841 7.84121132149189e-05
59866.4179362482 0.033576727675377796 6.716250334683099e-05 0.014695259242604921 4.028545712505909e-05 0.0005197384774394301 1.4248065858155042e-06 0.014695259242604921 4.028545712505909e-05 0.018881468432772875 7.831806887039579e-05
59866.41796778617 0.03374885930234199 6.727457880561401e-05 0.014775440948946911 4.034279366967088e-05 0.000522574325197179 1.4268344512587876e-06 0.01477544094894691 4.034279366967088e-05 0.018973418353395083 7.844367377007789e-05
59866.417999324134 0.03360361819992386 6.71845885706394e-05 0.014760067697338725 4.032918297424526e-05 0.0005220306076449927 1.4263530713796975e-06 0.014760067697338723 4.032918297424526e-05 0.018843550502585134 7.835950446995082e-05
59866.41803086209 0.03373683794743972 6.730517624245475e-05 0.014846750363592431 4.036071533750541e-05 0.0005250963798260289 1.4274683005975247e-06 0.014846750363592431 4.036071533750541e-05 0.01889008758384729 7.847913156746218e-05
59866.41806240006 0.03381568956939062 6.735697873185534e-05 0.014775623819270731 4.033576687961333e-05 0.0005225807929118415 1.4265859293984038e-06 0.014775623819270731 4.033576687961333e-05 0.01904006575011989 7.851074240924056e-05
59866.418093938024 0.03373082815176748 6.7304273744314e-05 0.014741109087208378 4.031659793956643e-05 0.0005213600839746824 1.4259079668290046e-06 0.014741109087208378 4.031659793956643e-05 0.0189897190645591 7.84556775107462e-05
59866.41812547598 0.03375382065551553 6.732405747726654e-05 0.014843579337136602 4.0366524050633854e-05 0.0005249842277071132 1.427673741799168e-06 0.0148435793371366 4.0366524050633854e-05 0.01891024131837893 7.849831195084828e-05
59866.41815701395 0.03374618891348455 6.729139666477982e-05 0.014815583572225944 4.035808551837674e-05 0.0005239940800690755 1.4273752897722435e-06 0.014815583572225944 4.035808551837674e-05 0.018930605341258604 7.846596161269772e-05
59866.41818855191 0.033797207482284757 6.732186117394989e-05 0.014882446782403486 4.0393704410085143e-05 0.0005263588823825751 1.4286350503684319e-06 0.014882446782403486 4.0393704410085143e-05 0.01891476069988127 7.851040916906441e-05
59866.41822008987 0.03366413631030912 6.727253459139845e-05 0.01477605322489451 4.032500383444914e-05 0.0005225959800290894 1.4262052645449366e-06 0.01477605322489451 4.032500383444914e-05 0.018888083085414613 7.843277277133099e-05
59866.41825162784 0.03363919276927498 6.720933010316975e-05 0.014825790350502348 4.0361764257094786e-05 0.0005243550710059049 1.4275053985392036e-06 0.014825790350502348 4.0361764257094786e-05 0.018813402418772635 7.839748763105954e-05
59866.418283165796 0.03362993825532329 6.721722757587411e-05 0.014664561595340832 4.026567955791585e-05 0.0005186527702609031 1.424107097465909e-06 0.014664561595340832 4.026567955791585e-05 0.018965376659982457 7.83548379696341e-05
59866.41831470376 0.03369463929327869 6.726861827162943e-05 0.014747658504632336 4.0314618504223715e-05 0.0005215917222318812 1.4258379586247103e-06 0.014747658504632334 4.0314618504223715e-05 0.01894698078864636 7.842407455185744e-05
59866.41834624173 0.03363396426123132 6.723522802393985e-05 0.014874836864776317 4.03913048838519e-05 0.0005260897366032671 1.4285501844881875e-06 0.014874836864776319 4.03913048838519e-05 0.018759127396454998 7.843489910525456e-05
59866.418377779686 0.03360845279218066 6.720755873779539e-05 0.014745756367808538 4.031904017711361e-05 0.0005215244479034491 1.4259943433129684e-06 0.014745756367808538 4.031904017711361e-05 0.01886269642437212 7.83739813477529e-05
59866.41840931765 0.03376626940564564 6.729756334336722e-05 0.01473441303813785 4.0307063267902363e-05 0.0005211232596838468 1.4255707468009835e-06 0.01473441303813785 4.0307063267902363e-05 0.019031856367507788 7.844502139229237e-05
59866.41844085561 0.03378875294475256 6.73408452383793e-05 0.014836364678116236 4.03717060547705e-05 0.0005247290613413768 1.4278570177043834e-06 0.014836364678116234 4.03717060547705e-05 0.018952388266636325 7.851537484589974e-05
59866.418472393576 0.033713319464786055 6.727925959869579e-05 0.01475030766297537 4.0325332107015226e-05 0.000521685417041954 1.4262168748119529e-06 0.01475030766297537 4.0325332107015226e-05 0.018963011801810686 7.843870971459036e-05
59866.41850393154 0.03370537434134012 6.726526456854973e-05 0.014810304409642604 4.034511453951202e-05 0.0005238073678867367 1.42691653523823e-06 0.014810304409642604 4.034511453951202e-05 0.018895069931697515 7.843687962102608e-05
59866.4185354695 0.03371986473736013 6.728484295733337e-05 0.014764490105831102 4.032221170431706e-05 0.0005221870183498669 1.4261065131422084e-06 0.014764490105831102 4.032221170431706e-05 0.01895537463152903 7.844189472801366e-05
59866.418567007466 0.033756422642527845 6.7310165857981e-05 0.014760517149012801 4.0341236920274766e-05 0.0005220465037462395 1.4267793925117773e-06 0.014760517149012801 4.0341236920274766e-05 0.018995905493515042 7.847339564519081e-05
59866.41859854543 0.033745177199429544 6.732991364079464e-05 0.01482318002765654 4.0350002097855084e-05 0.0005242627497205769 1.427089397253774e-06 0.014823180027656539 4.0350002097855084e-05 0.018921997171773005 7.849484021369668e-05
59866.41863008339 0.033772906392837684 6.734863429273207e-05 0.014887095091551868 4.038149260662559e-05 0.0005265232826887938 1.4282031461718417e-06 0.014887095091551868 4.038149260662559e-05 0.018885811301285818 7.852708759552415e-05
59866.418661621356 0.033838134876407445 6.739310645090017e-05 0.014789983766693203 4.035768651793162e-05 0.0005230886721595806 1.4273611780182132e-06 0.014789983766693203 4.035768651793162e-05 0.019048151109714244 7.855299904002394e-05
59866.418693159314 0.033869665957805425 6.741316643708026e-05 0.014774937450171909 4.032849561130185e-05 0.0005225565175707607 1.426328760888555e-06 0.014774937450171909 4.032849561130185e-05 0.019094728507633517 7.855521986058137e-05
59866.41872469728 0.03372134663567413 6.727783275884597e-05 0.014822987727112217 4.033698081947494e-05 0.0005242559484800906 1.426628863738313e-06 0.014822987727112217 4.033698081947494e-05 0.018898358908561914 7.844347520576799e-05
59866.418756235245 0.03379019917019367 6.730314621306272e-05 0.014822143193297003 4.03544873585073e-05 0.0005242260792064686 1.4272480308990753e-06 0.014822143193297005 4.03544873585073e-05 0.018968055976896665 7.847418773166642e-05
59866.418787773204 0.0337526026416726 6.729600968559772e-05 0.01479098151122819 4.034667020596507e-05 0.0005231239601539553 1.4269715556839644e-06 0.01479098151122819 4.034667020596507e-05 0.018961621130444407 7.846404728481045e-05
59866.41881931117 0.03367305166159901 6.724397098079232e-05 0.014719314748808224 4.029490676930667e-05 0.0005205892669329486 1.4251407986138292e-06 0.014719314748808224 4.029490676930667e-05 0.018953736912790783 7.839280033786748e-05
59866.418850849135 0.03382742034556965 6.734824653686393e-05 0.01484671182376532 4.036184612378772e-05 0.0005250950167584754 1.4275082939811714e-06 0.01484671182376532 4.036184612378772e-05 0.018980708521804335 7.851665386470899e-05
59866.41888238709 0.03370703970589151 6.72487212835793e-05 0.014979959939131357 4.046134529591525e-05 0.0005298077048069607 1.4310273573317597e-06 0.014979959939131357 4.046134529591525e-05 0.018727079766760156 7.848255205733191e-05
59866.41891392506 0.0336978003037558 6.724199144321586e-05 0.014793297331026344 4.033566111235453e-05 0.0005232058655246633 1.4265821886468359e-06 0.014793297331026344 4.033566111235453e-05 0.018904502972729456 7.841205883421392e-05
59866.41894546302 0.033735300285031536 6.728273873775937e-05 0.014826812646031653 4.03562309598664e-05 0.0005243912273140805 1.427309698182427e-06 0.014826812646031653 4.03562309598664e-05 0.018908487638999882 7.845758286704776e-05
59866.41897700098 0.033709652269577776 6.727104243978911e-05 0.01472657176245518 4.0306704463258896e-05 0.0005208459312871705 1.4255580566826252e-06 0.01472657176245518 4.0306704463258896e-05 0.018983080507122597 7.84220860193377e-05
59866.41900853895 0.03388757639097554 6.738012089401107e-05 0.01483029335400233 4.035409126457009e-05 0.0005245143321760788 1.4272340219417343e-06 0.014830293354002329 4.035409126457009e-05 0.01905728303697321 7.85400112903022e-05
59866.41904007691 0.03376857894016851 6.732865618703824e-05 0.014851523550753642 4.0369639816566806e-05 0.0005252651967884754 1.4277839394768895e-06 0.014851523550753642 4.0369639816566806e-05 0.01891705538941487 7.850385826742363e-05
59866.41907161487 0.033792955480091605 6.73178480852018e-05 0.014873266931727264 4.0382186732003064e-05 0.0005260342115799159 1.4282276958351642e-06 0.014873266931727264 4.0382186732003064e-05 0.01891968854836434 7.850104251588429e-05
59866.41910315284 0.03382606550978634 6.734539241943083e-05 0.014899983187778998 4.0396349894562946e-05 0.0005269791058491475 1.4287286152421018e-06 0.014899983187778998 4.0396349894562946e-05 0.01892608232200734 7.853194868925058e-05
59866.4191346908 0.033824319894996034 6.736470971316974e-05 0.014863653662983397 4.037992564708746e-05 0.0005256942117488365 1.4281477263149265e-06 0.014863653662983397 4.037992564708746e-05 0.01896066623201264 7.854006945504911e-05
59866.41916622876 0.03375577673714971 6.731127442137884e-05 0.014745146417196608 4.031873194627888e-05 0.0005215028753134646 1.4259834418771996e-06 0.014745146417196608 4.031873194627888e-05 0.019010630319953103 7.846277977478276e-05
59866.41919776672 0.03377796102502241 6.732087453399963e-05 0.014828815287948861 4.0361323226732545e-05 0.0005244620562830508 1.427489800280936e-06 0.01482881528794886 4.0361323226732545e-05 0.01894914573707355 7.849290770913829e-05
59866.41922930469 0.033764455325785786 6.730490419892562e-05 0.014820185254419778 4.036396550496442e-05 0.000524156831284117 1.427583251756853e-06 0.014820185254419778 4.036396550496442e-05 0.01894427007136601 7.848056982790399e-05
59866.41926084265 0.033754464014498796 6.729914760626163e-05 0.014746841969661344 4.0326139127680405e-05 0.0005215628432148055 1.4262454173292954e-06 0.014746841969661343 4.0326139127680405e-05 0.019007622044837455 7.845618372999305e-05
59866.41929238061 0.033715836008218224 6.725225337709333e-05 0.014799136336065456 4.034556740258975e-05 0.0005234123780834885 1.4269325519932e-06 0.014799136336065456 4.034556740258975e-05 0.018916699672152766 7.842595484489604e-05
59866.41932391858 0.0338091973853946 6.733928740705498e-05 0.014848040845005085 4.035923901245501e-05 0.0005251420212695382 1.4274160862798842e-06 0.014848040845005087 4.035923901245501e-05 0.01896115654038951 7.850762894238001e-05
59866.41935545654 0.03365344872690337 6.724484387540175e-05 0.014793590706585352 4.0353226123809386e-05 0.0005232162415625297 1.4272034238465039e-06 0.014793590706585353 4.0353226123809386e-05 0.01885985802031802 7.842354165954537e-05
59866.4193869945 0.03380803244457037 6.735343167613527e-05 0.014761320616968918 4.033312968247779e-05 0.0005220749206122021 1.4264926576295083e-06 0.014761320616968918 4.033312968247779e-05 0.01904671182760145 7.85063443839757e-05
59866.41941853247 0.03380172472964769 6.733567728928498e-05 0.014820180007021974 4.0377097280459326e-05 0.0005241566456953839 1.4280476933083168e-06 0.014820180007021976 4.0377097280459326e-05 0.018981544722625712 7.851371485799411e-05
59866.419450070425 0.033748481639842044 6.727745871436006e-05 0.014786723348577105 4.034873218523414e-05 0.0005229733584574198 1.427044483282459e-06 0.014786723348577105 4.034873218523414e-05 0.018961758291264938 7.844919782902927e-05
59866.41948160839 0.033752138627382695 6.729321380316508e-05 0.014790011288122344 4.03445056152775e-05 0.0005230896455310225 1.4268949989489208e-06 0.014790011288122344 4.03445056152775e-05 0.01896212733926035 7.846053630520025e-05
59866.41951314636 0.033777768929290554 6.731003211263944e-05 0.014855143616716804 4.037006689186861e-05 0.0005253932304312212 1.4277990441758572e-06 0.014855143616716804 4.037006689186861e-05 0.01892262531257375 7.848810562026899e-05
59866.419544684315 0.033858247389843915 6.737911213981655e-05 0.014748387156837954 4.032887750250424e-05 0.0005216174930319521 1.4263422675269067e-06 0.014748387156837952 4.032887750250424e-05 0.01910986023300596 7.852619380411842e-05
59866.41957622228 0.033772460488626754 6.732652071543198e-05 0.0148321316174908 4.0391425210447615e-05 0.0005245793474473888 1.4285544401709637e-06 0.0148321316174908 4.0391425210447615e-05 0.018940328871135954 7.85132321470507e-05
59866.41960776025 0.03370746172560498 6.727139440951683e-05 0.0147981483382065 4.035101071060933e-05 0.0005233774348072625 1.427125069632775e-06 0.0147981483382065 4.035101071060933e-05 0.01890931338739848 7.844516920224267e-05
59866.419639298205 0.03375091000122336 6.727727273990327e-05 0.01482763727645875 4.035584098537362e-05 0.0005244203926493462 1.427295905656159e-06 0.014827637276458748 4.035584098537362e-05 0.018923272724764607 7.845269484827206e-05
59866.41967083617 0.03374730504877974 6.7326020781854e-05 0.01482445743978129 4.038105900256331e-05 0.0005243079289325813 1.428187810565207e-06 0.014824457439781289 4.038105900256331e-05 0.018922847608998455 7.85074709851689e-05
59866.41970237413 0.03379525888165239 6.735763504900829e-05 0.014796528599780848 4.035627274298554e-05 0.0005233201482790495 1.4273111759579715e-06 0.014796528599780848 4.035627274298554e-05 0.018998730281871545 7.852184249685962e-05
59866.419733912095 0.03377064367019598 6.731639812506334e-05 0.0148295013160819 4.0362426538778945e-05 0.0005244863195649338 1.4275288219622599e-06 0.0148295013160819 4.0362426538778945e-05 0.01894114235411408 7.848963582939062e-05
59866.41976545006 0.03380724370737351 6.736199521631818e-05 0.01483312020947549 4.037362931202183e-05 0.0005246143117365143 1.4279250390151358e-06 0.014833120209475489 4.037362931202183e-05 0.018974123497898017 7.85345041580312e-05
59866.41979698802 0.033778715524145166 6.731753367867296e-05 0.014859915364783958 4.0377168219117574e-05 0.0005255619964961272 1.4280502022501205e-06 0.01485991536478396 4.0377168219117574e-05 0.018918800159361204 7.849819140575269e-05
59866.419828525984 0.03382006313267917 6.734711823386255e-05 0.014871953827861602 4.03876752620691e-05 0.0005259877700308018 1.428421812877457e-06 0.0148719538278616 4.03876752620691e-05 0.01894810930481757 7.852896693246519e-05
59866.41986006395 0.033807643777316536 6.733802117492806e-05 0.014847948310282369 4.037787719480343e-05 0.0005251387485231987 1.428075277135662e-06 0.014847948310282369 4.037787719480343e-05 0.018959695467034167 7.851612613032871e-05
59866.41989160191 0.03367953776223448 6.72231779545764e-05 0.014811172215729352 4.034638431938288e-05 0.0005238380602485926 1.4269614445144713e-06 0.014811172215729352 4.034638431938288e-05 0.018868365546505127 7.84014437492065e-05
59866.419923139874 0.03377289717074081 6.732465824301154e-05 0.014857272524667928 4.036571007143796e-05 0.0005254685251476232 1.4276449531741455e-06 0.014857272524667927 4.036571007143796e-05 0.01891562464607288 7.849840862788041e-05
