WASP80b/WASP80b_WLP8/Results/ROEBA_Results/506090_radii/WASP80b_WLP8_nrca3_level3_asn_phot.ecsv
# %ECSV 0.9
# ---
# datatype:
# - {name: MJD, datatype: float64}
# - {name: aperture_sum, unit: Jy, datatype: float64}
# - {name: aperture_sum_err, unit: Jy, datatype: float64}
# - {name: annulus_sum, unit: Jy, datatype: float64}
# - {name: annulus_sum_err, unit: Jy, datatype: float64}
# - {name: annulus_mean, unit: Jy, datatype: float64}
# - {name: annulus_mean_err, unit: Jy, datatype: float64}
# - {name: aperture_bkg, unit: Jy, datatype: float64}
# - {name: aperture_bkg_err, unit: Jy, datatype: float64}
# - {name: net_aperture_sum, unit: Jy, datatype: float64}
# - {name: net_aperture_sum_err, unit: Jy, datatype: float64}
# meta: !!omap
# - {instrument: NIRCAM}
# - {detector: NRCA3}
# - {channel: SHORT}
# - {subarray: SUBGRISM256}
# - {filter: F210M}
# - {pupil: WLP8}
# - {target_name: UNKNOWN}
# - {xcenter: 1055.0}
# - {ycenter: 166.0}
# - ra_icrs: !numpy.ndarray
#     buffer: !!binary |
#       aE5BSnpLcnlja0E9
#     dtype: float64
#     order: C
#     shape: !!python/tuple []
# - dec_icrs: !numpy.ndarray
#     buffer: !!binary |
#       aHllR0pMQW5BY0E9
#     dtype: float64
#     order: C
#     shape: !!python/tuple []
# - {apertures: Photometry measured in a circular aperture of r=50.0 pixels.  Background calculated as the mean in a circular annulus
#     with r_inner=60.0 pixels and r_outer=90.0 pixels.}
# - {number_of_integrations: 1227}
# - __serialized_columns__:
#     annulus_mean:
#       __class__: astropy.units.quantity.Quantity
#       unit: &id001 !astropy.units.Unit {unit: Jy}
#       value: !astropy.table.SerializedColumn {name: annulus_mean}
#     annulus_mean_err:
#       __class__: astropy.units.quantity.Quantity
#       unit: *id001
#       value: !astropy.table.SerializedColumn {name: annulus_mean_err}
#     annulus_sum:
#       __class__: astropy.units.quantity.Quantity
#       unit: *id001
#       value: !astropy.table.SerializedColumn {name: annulus_sum}
#     annulus_sum_err:
#       __class__: astropy.units.quantity.Quantity
#       unit: *id001
#       value: !astropy.table.SerializedColumn {name: annulus_sum_err}
#     aperture_bkg:
#       __class__: astropy.units.quantity.Quantity
#       unit: *id001
#       value: !astropy.table.SerializedColumn {name: aperture_bkg}
#     aperture_bkg_err:
#       __class__: astropy.units.quantity.Quantity
#       unit: *id001
#       value: !astropy.table.SerializedColumn {name: aperture_bkg_err}
#     aperture_sum:
#       __class__: astropy.units.quantity.Quantity
#       unit: *id001
#       value: !astropy.table.SerializedColumn {name: aperture_sum}
#     aperture_sum_err:
#       __class__: astropy.units.quantity.Quantity
#       unit: *id001
#       value: !astropy.table.SerializedColumn {name: aperture_sum_err}
#     net_aperture_sum:
#       __class__: astropy.units.quantity.Quantity
#       unit: *id001
#       value: !astropy.table.SerializedColumn {name: net_aperture_sum}
#     net_aperture_sum_err:
#       __class__: astropy.units.quantity.Quantity
#       unit: *id001
#       value: !astropy.table.SerializedColumn {name: net_aperture_sum_err}
# schema: astropy-2.0
MJD aperture_sum aperture_sum_err annulus_sum annulus_sum_err annulus_mean annulus_mean_err aperture_bkg aperture_bkg_err net_aperture_sum net_aperture_sum_err
[from data line 687]
59852.33719932685 0.21310120893249107 3.485779607784275e-05 0.025343350691901655 1.0636102785214951e-05 1.7926753498344685e-06 7.523503704446378e-10 0.014079639273278696 5.908945991786084e-06 0.19902156965921236 3.535507870360797e-05
59852.33740195382 0.21308835755171793 3.484954907773148e-05 0.025375856514360487 1.0635286403993299e-05 1.794974666422731e-06 7.522926232860274e-10 0.014097698063533604 5.908492446662943e-06 0.1989906594881843 3.53468719112949e-05
59852.33760458079 0.21306286512145142 3.484654452303757e-05 0.02532631837552799 1.0634753340037092e-05 1.791470559904169e-06 7.52254916724421e-10 0.014070176875293328 5.908196300020607e-06 0.1989926882461581 3.5343860127547146e-05
59852.337807207754 0.2130789522621893 3.485129994838787e-05 0.02540150096684212 1.0636624901357573e-05 1.7967886403673253e-06 7.52387302606845e-10 0.014111944981578955 5.909236056309762e-06 0.19896700728061034 3.534872245020592e-05
59852.33800983472 0.2130237143610082 3.484720685566908e-05 0.025326523271150165 1.0639515709710668e-05 1.7914850533046521e-06 7.525917854685901e-10 0.014070290706194536 5.910842060950371e-06 0.19895342365481367 3.534495550303169e-05
59852.33821246169 0.2130485621904305 3.4846992778843974e-05 0.025347438995447877 1.0634493589279677e-05 1.7929645381536869e-06 7.52236543116859e-10 0.014081910553026598 5.908051994044265e-06 0.1989666516374039 3.534427795404985e-05
59852.338415088656 0.21306265332592875 3.484933789699964e-05 0.025348454317562254 1.0634847816222566e-05 1.7930363575018351e-06 7.522615995474977e-10 0.014082474620867919 5.908248786790314e-06 0.19898017870506082 3.534662297286495e-05
59852.33861771563 0.21301207155156168 3.4845842564248734e-05 0.025300378262482263 1.0633584931539284e-05 1.7896356722527957e-06 7.521722687297647e-10 0.014055765701379034 5.907547184188491e-06 0.19895630585018265 3.534305954138411e-05
59852.33882034259 0.2130836176508391 3.485357853939096e-05 0.025379227734842996 1.0636797199595826e-05 1.7952131314911951e-06 7.523994902140912e-10 0.014099570963801666 5.909331777553236e-06 0.19898404668703745 3.535098498003549e-05
59852.33902296956 0.21301929006080778 3.4854241730539864e-05 0.025350650733968805 1.0634220208934514e-05 1.793191722181031e-06 7.522172054131804e-10 0.01408369485220489 5.90790011607473e-06 0.19893559520860288 3.535139955351729e-05
59852.33922559653 0.2130633941543994 3.4851674726230456e-05 0.025340804639491246 1.0635641854404554e-05 1.7924952534671406e-06 7.523177662593497e-10 0.014078224799717359 5.908689919113641e-06 0.19898516935468205 3.534900066173308e-05
59852.339428223495 0.21305188881183956 3.4847211983272726e-05 0.025381320492125034 1.0636503683290324e-05 1.795361163787252e-06 7.523787281825807e-10 0.01410073360673613 5.909168712939068e-06 0.19895115520510342 3.534468075800267e-05
59852.33963085046 0.2129369519089513 3.484059336266072e-05 0.025340239568573078 1.0633671686555832e-05 1.7924552828761078e-06 7.521784053918632e-10 0.014077910871429487 5.9075953814199065e-06 0.1988590410375218 3.5337892255380085e-05
59852.33983347743 0.2130628473887376 3.484740531109917e-05 0.02537687007844699 1.063555322376468e-05 1.7950463614158454e-06 7.523114969240407e-10 0.014098261154692772 5.908640679869266e-06 0.19896458623404484 3.5344783088877894e-05
59852.3400361044 0.21304793984180914 3.485103905079901e-05 0.025341675497861794 1.0636551657894654e-05 1.7925568540957655e-06 7.523821216916572e-10 0.01407870860992322 5.909195365497031e-06 0.19896923123188592 3.534845842166146e-05
59852.34023873137 0.2130306777301823 3.484813539429712e-05 0.025381208024325874 1.0635028084308256e-05 1.7953532083178407e-06 7.522743509061286e-10 0.014100671124625486 5.908348935726809e-06 0.19893000660555682 3.534545412928752e-05
59852.340441358334 0.21305243472600358 3.484892688776037e-05 0.02535137165753374 1.0635681194980235e-05 1.793242717091676e-06 7.523205490358315e-10 0.014084095365296522 5.90871177498902e-06 0.19896833936070704 3.534629513921312e-05
59852.3406439853 0.21306627116756277 3.484808115985691e-05 0.02536884500457457 1.0636654204499849e-05 1.7944787035600796e-06 7.523893753801523e-10 0.014093802780319206 5.909252335833249e-06 0.19897246838724356 3.5345551681824465e-05
59852.34084661227 0.21308154392649337 3.485639534271644e-05 0.025348825023369874 1.0637001830135437e-05 1.7930625795737087e-06 7.524139648638186e-10 0.014082680568538819 5.909445461186353e-06 0.19899886335795455 3.535378115487056e-05
59852.341049239236 0.2130964867947866 3.48534390660901e-05 0.025425439308354107 1.0636737319456786e-05 1.798481931647794e-06 7.523952545607041e-10 0.014125244060196726 5.909298510809326e-06 0.19897124273458988 3.535084190827014e-05
59852.3412518662 0.2130120856799152 3.484397030418959e-05 0.02530843948871301 1.0635337577018252e-05 1.7902058873647981e-06 7.522962430370826e-10 0.014060244160396116 5.908520876121251e-06 0.19895184151951908 3.534137639513784e-05
59852.34145449317 0.21305138694571657 3.484767201601838e-05 0.02539607610885529 1.0638413632976744e-05 1.796404910161025e-06 7.525138294864254e-10 0.014108931171586273 5.9102297960981904e-06 0.1989424557741303 3.5345311728412826e-05
59852.34165712014 0.2131001795063608 3.4853771855544045e-05 0.025366216853331028 1.0634646173788847e-05 1.794292799888256e-06 7.522473362630251e-10 0.014092342696295015 5.9081367632160255e-06 0.19900783681006579 3.5350975836194096e-05
59852.34185974711 0.21303709047095315 3.4848342024776166e-05 0.025349796766924237 1.0634050521732773e-05 1.7931313163693063e-06 7.522052024989864e-10 0.014083220426069019 5.907805845407096e-06 0.19895387004488413 3.534556707400246e-05
59852.342062374075 0.21307418866413844 3.484995411329544e-05 0.025389282666253295 1.0643820366762575e-05 1.7959243723962612e-06 7.528962776677575e-10 0.014105157036807385 5.9132335370903195e-06 0.19896903162733104 3.5348064056790546e-05
59852.34226500104 0.2130493485886653 3.484944829417767e-05 0.025363640055441797 1.0635712555281881e-05 1.7941105287231806e-06 7.523227673233976e-10 0.01409091114191211 5.9087291973788226e-06 0.1989584374467532 3.5346812121272266e-05
59852.34246762801 0.21305061743098236 3.4848981438501136e-05 0.02534126486807 1.0635050610426754e-05 1.7925278079797011e-06 7.522759443030652e-10 0.014078480482261112 5.908361450237085e-06 0.19897213694872123 3.534629036161566e-05
59852.34267025498 0.21311378638684683 3.485023304553236e-05 0.025384944189834273 1.0635424951481758e-05 1.7956174879662279e-06 7.523024235160901e-10 0.01410274677213015 5.908569417489865e-06 0.19901103961471667 3.5347559122083836e-05
59852.34287288194 0.21309132016255958 3.484954608657794e-05 0.025343992341765008 1.0635415105556678e-05 1.792720737277796e-06 7.523017270593587e-10 0.014079995745425004 5.908563947531487e-06 0.19901132441713457 3.534688091419933e-05
59852.343075508914 0.21304964995565545 3.4846531941870216e-05 0.025378775084378635 1.0635633234544425e-05 1.7951811130205746e-06 7.523171565289727e-10 0.014099319491321463 5.9086851303024584e-06 0.198950330464334 3.534392944120445e-05
59852.34327813588 0.2130803789720649 3.484959383491731e-05 0.02533139627402723 1.0636408430535118e-05 1.791829747747135e-06 7.523719904284322e-10 0.014072997930015128 5.9091157947417326e-06 0.19900738104204976 3.534702024123636e-05
59852.343480762844 0.21303563842209455 3.484648531409154e-05 0.025370064908502785 1.0635999497411908e-05 1.7945649941113118e-06 7.523430643271198e-10 0.01409448050472377 5.908888609673282e-06 0.19894115791737077 3.53439174872668e-05
59852.343683389816 0.21309338506293993 3.485012564358825e-05 0.025378849648440303 1.064219526173758e-05 1.7951863873490153e-06 7.527813250020812e-10 0.014099360915800168 5.912330700965322e-06 0.19899402414713976 3.534808215011763e-05
59852.34388601678 0.2131509078917318 3.4853137901223874e-05 0.025371311680755116 1.0634578173342934e-05 1.7946531852076976e-06 7.522425262154253e-10 0.014095173155975063 5.908098985190519e-06 0.19905573473575675 3.5350344484609165e-05
59852.34408864375 0.21307309220129667 3.485577509214027e-05 0.025367769502224538 0.0005053637574997077 1.7944026273310508e-06 3.574717336247661e-08 0.014093205279013631 0.00028075764305539314 0.19897988692228302 0.0002829130240750563
59852.34429127072 0.21309799992421502 3.4858801049376595e-05 0.025380516946917345 1.0637405580176855e-05 1.7953043245908957e-06 7.524425243370921e-10 0.014100287192731858 5.909669766764919e-06 0.19899771273148317 3.535619050961563e-05
59852.34449389768 0.2130306743401936 3.4848344971275174e-05 0.025363019494077578 1.0635991463657595e-05 1.7940666329860217e-06 7.523424960552485e-10 0.014090566385598654 5.908884146476442e-06 0.19894010795459494 3.5345750226773806e-05
59852.344696524655 0.21301676453821566 3.484843404369327e-05 0.02535850035079225 1.0635363834296679e-05 1.7937469689893993e-06 7.522981003595955e-10 0.014088055750440137 5.908535463498155e-06 0.19892870878777552 3.5345779756868505e-05
59852.34489915162 0.21308649466487192 3.484912501234498e-05 0.025329081854136272 1.0639738234972762e-05 1.7916660360288965e-06 7.526075259110013e-10 0.014071712141186818 5.910965686095979e-06 0.1990147825236851 3.534686732184696e-05
59852.345101778585 0.21305397850069663 3.484979094067768e-05 0.02536944584442087 1.0635444465717282e-05 1.7945212042852108e-06 7.523038038658876e-10 0.014094136580233816 5.908580258731823e-06 0.19895984192046282 3.534712504975215e-05
59852.34530440556 0.21317144205836153 3.4855015250463955e-05 0.02536258722998088 1.0634014294322092e-05 1.794036056555928e-06 7.522026399338818e-10 0.014090326238878266 5.907785719067829e-06 0.19908111581948326 3.535214307807232e-05
59852.34550703252 0.21306017568589863 3.484698819778137e-05 0.025376245621660194 1.063811013103621e-05 1.795002190133905e-06 7.524923611157258e-10 0.014097914234255663 5.910061183909005e-06 0.19896226145164297 3.534460934363063e-05
59852.345709659494 0.21309417516990609 3.4851125171262504e-05 0.025409272223236037 1.0637416667233395e-05 1.7973383443091593e-06 7.524433085859155e-10 0.014116262346242242 5.909675926240775e-06 0.19897791282366384 3.5348623668485265e-05
59852.34591228646 0.21308443219886908 3.485409008631598e-05 0.025362936222016255 1.0636013251396899e-05 1.794060742692608e-06 7.523440372225413e-10 0.014090520123342365 5.908896250776054e-06 0.19899391207552672 3.535141652957439e-05
59852.346114913424 0.21315263659359202 3.4852382102248406e-05 0.02539060529009924 1.0635608116069696e-05 1.7960179288953427e-06 7.523153797603434e-10 0.01410589182783291 5.908671175594276e-06 0.1990467447657591 3.534969495289066e-05
59852.346317540396 0.2130469275683628 3.48471860984184e-05 0.02535331507015494 1.0637025530236398e-05 1.7933801854139563e-06 7.524156413030274e-10 0.014085175038974966 5.909458627909109e-06 0.19896175252938783 3.534470370865732e-05
59852.34652016736 0.21308647693424596 3.48501662670479e-05 0.02530719208413173 1.0633854426152146e-05 1.7901176515402886e-06 7.521913315741085e-10 0.01405955115785096 5.907696903417859e-06 0.199026925776395 3.5347347447065055e-05
59852.346722794326 0.21305250254485378 3.4860035140684736e-05 0.025336251706946634 1.0634360318652724e-05 1.7921731993693456e-06 7.52227116148393e-10 0.01407569539274813 5.9079779548070685e-06 0.19897680715210564 3.5357124508707734e-05
59852.3469254213 0.21306874604932424 3.4848060922221683e-05 0.025346406207030305 1.0636591596159057e-05 1.7928914833173203e-06 7.523849467459675e-10 0.014081336781683503 5.9092175534216985e-06 0.19898740926764075 3.534552591393345e-05
59852.34712804826 0.21309414459700332 3.4849505761128166e-05 0.025353697247289954 1.063353118093977e-05 1.793407218916256e-06 7.521684666526061e-10 0.01408538735960553 5.907517322744317e-06 0.1990087572373978 3.5346666217812244e-05
59852.347330675235 0.21312226896580766 3.4854507676295305e-05 0.025386078082975924 1.0636327210057461e-05 1.7956976944988642e-06 7.52366245254877e-10 0.014103376712764402 5.909070672254145e-06 0.19901889225304326 3.535185739910454e-05
59852.3475333022 0.21303871904308386 3.484774059905679e-05 0.025374703800174016 1.0637398694255883e-05 1.7948931285735093e-06 7.524420372578208e-10 0.014097057666763342 5.909665941253268e-06 0.19894166137632052 3.534528506599374e-05
59852.347735929165 0.2131020845890092 3.485085779235695e-05 0.025397458032771717 1.0637668927132652e-05 1.7965026612820367e-06 7.524611523236536e-10 0.014109698907095397 5.909816070629251e-06 0.1989923856819138 3.5348383482866014e-05
59852.34793855614 0.21310786998385078 3.485102304934556e-05 0.02538081764849317 1.0635212594943686e-05 1.7953255948763124e-06 7.522874023637649e-10 0.014100454249162871 5.908451441635381e-06 0.19900741573468791 3.534831829131591e-05
59852.3481411831 0.21316488186971203 3.4859505413097664e-05 0.025346083703842816 1.0634587223814923e-05 1.7928686708833417e-06 7.522431664053605e-10 0.014081157613246008 5.908104013230513e-06 0.199083724256466 3.535662329291269e-05
59852.34834381007 0.2131394612691142 3.489568515735569e-05 0.025365429668744856 1.0635325737117134e-05 1.7942371179691382e-06 7.522954055353987e-10 0.01409190537152492 5.908514298398407e-06 0.1990475558975893 3.539236335448189e-05
59852.34854643704 0.21315570768503123 3.485938972409218e-05 0.02541214119006134 1.0637231933275057e-05 1.7975412821988543e-06 7.524302413314149e-10 0.014117856216700746 5.909573296263921e-06 0.19903785146833047 3.5356754778684924e-05
59852.348749064004 0.21312971011822912 3.4856770239570455e-05 0.0253370050810963 1.0641658099205776e-05 1.7922264896893087e-06 7.527433285255566e-10 0.014076113933942388 5.912032277336543e-06 0.19905359618428672 3.5354583255675264e-05
59852.348951690976 0.21306645767667387 3.4851790696881365e-05 0.02534232921481313 1.0634912302771263e-05 1.7926030951109602e-06 7.522661610377146e-10 0.014079071786007294 5.908284612650701e-06 0.19898738589066658 3.534904725510026e-05
59852.34915431794 0.21318081880324827 3.48570516306426e-05 0.025396749143147358 1.0636006272905363e-05 1.7964525175985597e-06 7.523435435952422e-10 0.01410930507952631 5.9088923738363125e-06 0.19907151372372195 3.535433576616686e-05
59852.349356944906 0.2131350609649309 3.4853499071032615e-05 0.02532824001514826 1.0635084818069806e-05 1.7916064881016833e-06 7.522783639988356e-10 0.014071244452860144 5.908380454483225e-06 0.19906381651207075 3.535074761712107e-05
59852.34955957188 0.21308428601994306 3.484890458832134e-05 0.025318227160883427 1.0635046932229959e-05 1.7908982235458135e-06 7.522756841238645e-10 0.014065681756046347 5.908359406794422e-06 0.19901860426389673 3.534621425111578e-05
59852.34976219884 0.21306059285034787 3.489309645688186e-05 0.02535327574224954 1.0635317148348725e-05 1.793377403533714e-06 7.52294798004311e-10 0.014085153190138634 5.908509526860403e-06 0.19897543966020922 3.538981018850287e-05
59852.34996482581 0.21313593989793989 3.485392179183601e-05 0.02534187689342386 1.0635027283740335e-05 1.7925710999176406e-06 7.522742942775321e-10 0.014078820496346588 5.908348490966853e-06 0.1990571194015933 3.5351159049769944e-05
59852.35016745278 0.21311682893121497 3.4851410239093397e-05 0.025344187034600747 1.0634966581044433e-05 1.7927345089787703e-06 7.522700004401491e-10 0.014080103908111525 5.908314767246907e-06 0.19903672502310346 3.534867718942891e-05
59852.350370079745 0.21315858273859978 3.485851421778972e-05 0.025397700120028205 1.0638010569700626e-05 1.7965197854524943e-06 7.524853185918596e-10 0.014109833400015669 5.910005872055903e-06 0.1990487493385841 3.5355963894081335e-05
59852.35057270671 0.21311418406258076 3.48500380313983e-05 0.0253603022075556 1.0635414577994854e-05 1.7938744242830128e-06 7.523016897419933e-10 0.014089056781975333 5.9085636544415855e-06 0.19902512728060542 3.5347365888401024e-05
59852.35077533368 0.21313529691742572 3.4857072977970186e-05 0.025334363315481116 1.0636590630194812e-05 1.7920396229976878e-06 7.523848784179744e-10 0.014074646286378396 5.909217016774895e-06 0.19906065063104733 3.535441107334248e-05
