WASP80b/WASP80b_WLP8/Results/ROEBA_Results/506090_radii/WASP80b_WLP8_nrca3_level3_asn_phot.ecsv
# %ECSV 0.9
# ---
# datatype:
# - {name: MJD, datatype: float64}
# - {name: aperture_sum, unit: Jy, datatype: float64}
# - {name: aperture_sum_err, unit: Jy, datatype: float64}
# - {name: annulus_sum, unit: Jy, datatype: float64}
# - {name: annulus_sum_err, unit: Jy, datatype: float64}
# - {name: annulus_mean, unit: Jy, datatype: float64}
# - {name: annulus_mean_err, unit: Jy, datatype: float64}
# - {name: aperture_bkg, unit: Jy, datatype: float64}
# - {name: aperture_bkg_err, unit: Jy, datatype: float64}
# - {name: net_aperture_sum, unit: Jy, datatype: float64}
# - {name: net_aperture_sum_err, unit: Jy, datatype: float64}
# meta: !!omap
# - {instrument: NIRCAM}
# - {detector: NRCA3}
# - {channel: SHORT}
# - {subarray: SUBGRISM256}
# - {filter: F210M}
# - {pupil: WLP8}
# - {target_name: UNKNOWN}
# - {xcenter: 1055.0}
# - {ycenter: 166.0}
# - ra_icrs: !numpy.ndarray
#     buffer: !!binary |
#       aE5BSnpLcnlja0E9
#     dtype: float64
#     order: C
#     shape: !!python/tuple []
# - dec_icrs: !numpy.ndarray
#     buffer: !!binary |
#       aHllR0pMQW5BY0E9
#     dtype: float64
#     order: C
#     shape: !!python/tuple []
# - {apertures: Photometry measured in a circular aperture of r=50.0 pixels.  Background calculated as the mean in a circular annulus
#     with r_inner=60.0 pixels and r_outer=90.0 pixels.}
# - {number_of_integrations: 1227}
# - __serialized_columns__:
#     annulus_mean:
#       __class__: astropy.units.quantity.Quantity
#       unit: &id001 !astropy.units.Unit {unit: Jy}
#       value: !astropy.table.SerializedColumn {name: annulus_mean}
#     annulus_mean_err:
#       __class__: astropy.units.quantity.Quantity
#       unit: *id001
#       value: !astropy.table.SerializedColumn {name: annulus_mean_err}
#     annulus_sum:
#       __class__: astropy.units.quantity.Quantity
#       unit: *id001
#       value: !astropy.table.SerializedColumn {name: annulus_sum}
#     annulus_sum_err:
#       __class__: astropy.units.quantity.Quantity
#       unit: *id001
#       value: !astropy.table.SerializedColumn {name: annulus_sum_err}
#     aperture_bkg:
#       __class__: astropy.units.quantity.Quantity
#       unit: *id001
#       value: !astropy.table.SerializedColumn {name: aperture_bkg}
#     aperture_bkg_err:
#       __class__: astropy.units.quantity.Quantity
#       unit: *id001
#       value: !astropy.table.SerializedColumn {name: aperture_bkg_err}
#     aperture_sum:
#       __class__: astropy.units.quantity.Quantity
#       unit: *id001
#       value: !astropy.table.SerializedColumn {name: aperture_sum}
#     aperture_sum_err:
#       __class__: astropy.units.quantity.Quantity
#       unit: *id001
#       value: !astropy.table.SerializedColumn {name: aperture_sum_err}
#     net_aperture_sum:
#       __class__: astropy.units.quantity.Quantity
#       unit: *id001
#       value: !astropy.table.SerializedColumn {name: net_aperture_sum}
#     net_aperture_sum_err:
#       __class__: astropy.units.quantity.Quantity
#       unit: *id001
#       value: !astropy.table.SerializedColumn {name: net_aperture_sum_err}
# schema: astropy-2.0
MJD aperture_sum aperture_sum_err annulus_sum annulus_sum_err annulus_mean annulus_mean_err aperture_bkg aperture_bkg_err net_aperture_sum net_aperture_sum_err
[from data line 481]
59852.29545817153 0.21923340631022425 3.538441523795506e-05 0.026097868062748802 1.0719392742829688e-05 1.8460465361540349e-06 7.582419297621044e-10 0.014498815590416 5.955218190460938e-06 0.20473459071980826 3.5882049348219e-05
59852.295660798496 0.21916758492705862 3.538068382913723e-05 0.02608986653330024 1.0720537964267423e-05 1.8454805437255752e-06 7.583229376077712e-10 0.01449437029627791 5.955854424593013e-06 0.20467321463078073 3.587847530406381e-05
59852.29586342546 0.21910621790600782 3.5379609103845996e-05 0.02609767693924505 1.0716972685145545e-05 1.8460330169316512e-06 7.580707456985493e-10 0.014498709410691694 5.953873713969747e-06 0.20460750849531611 3.587708673433285e-05
59852.29606605243 0.21895871566247943 3.5366481440142005e-05 0.026052183852752674 1.0714568721359902e-05 1.8428150393353094e-06 7.579007000454386e-10 0.014473435473751484 5.952538178533279e-06 0.20448528018872794 3.586391947658266e-05
59852.2962686794 0.21893084649953293 3.536358680050424e-05 0.026064109558505133 1.0715637691207253e-05 1.843658610455471e-06 7.579763141944262e-10 0.014480060865836185 5.953132050670696e-06 0.20445078563369673 3.586116357021228e-05
59852.29647130636 0.21881357153619685 3.5354985075833845e-05 0.026050440926699094 1.071502352552392e-05 1.8426917525367e-06 7.579328708591463e-10 0.014472467181499495 5.952790847513289e-06 0.20434110435469735 3.585262457040868e-05
59852.296673933335 0.21872721094928876 3.5361024747109204e-05 0.02603303996082606 1.0715848582225873e-05 1.8414608859885816e-06 7.579912316824561e-10 0.0144627999782367 5.953249212347707e-06 0.20426441097105205 3.585865651903301e-05
59852.2968765603 0.21863445723427802 3.5345597246925934e-05 0.026083898157777893 1.0717550539113361e-05 1.845058367518193e-06 7.581116205053774e-10 0.014491054532098828 5.9541947439518674e-06 0.20414340270217918 3.584360026268012e-05
59852.297079187265 0.21850900821636995 3.5336812040706096e-05 0.026020492930847634 1.0715960540961511e-05 1.8405733651698312e-06 7.57999151142989e-10 0.014455829406026464 5.9533114116452835e-06 0.2040531788103435 3.583479038538131e-05
59852.29728181424 0.2184633212485372 3.533194705342759e-05 0.02604917412023769 1.071481360826601e-05 1.842602144309912e-06 7.579180222505966e-10 0.01447176340013205 5.952674226814449e-06 0.20399155784840517 3.582988714797733e-05
59852.2974844412 0.21832396239831559 3.532283726060551e-05 0.02597196416140929 1.0712601612929057e-05 1.8371406569305958e-06 7.577615555874979e-10 0.014428868978560716 5.951445340516143e-06 0.20389509341975487 3.582069979467699e-05
59852.297687068174 0.21816802303479713 3.5314958172241576e-05 0.025995802187016213 1.071344378960204e-05 1.8388268523123261e-06 7.578211274010366e-10 0.014442112326120119 5.9519132164455785e-06 0.20372591070867702 3.581300799490699e-05
59852.29788969514 0.2180438558461479 3.530547152045924e-05 0.025937061968493665 1.0710288949498703e-05 1.8346718318073653e-06 7.575979681134318e-10 0.014409478871385368 5.950160527499279e-06 0.20363437697476255 3.580336198717893e-05
59852.298092322104 0.2180704701743992 3.531091796431414e-05 0.025961319649683588 1.0709600517855812e-05 1.836387711749287e-06 7.57549271536122e-10 0.014422955360935326 5.94977806547545e-06 0.20364751481346388 3.580866915302684e-05
59852.298294949076 0.21789658207454332 3.5297936137013215e-05 0.02587721888193338 1.0710639455992286e-05 1.8304387993469452e-06 7.576227613761161e-10 0.014376232712185211 5.950355253329048e-06 0.2035203493623581 3.579596378327428e-05
59852.29849757604 0.21777831709053988 3.5287475448782364e-05 0.025905080175536263 1.0713238119087266e-05 1.83240958272376e-06 7.578065791881144e-10 0.014391711208631258 5.95179895504848e-06 0.20338660588190863 3.5785888760092774e-05
59852.298700203006 0.21764536868032142 3.5281904823291504e-05 0.025916606956114335 1.0708806776972289e-05 1.833224935660176e-06 7.574931258538345e-10 0.014398114975619075 5.9493370983179385e-06 0.20324725370470234 3.577998630336829e-05
59852.29890282998 0.21751811427294976 3.527141111006473e-05 0.02592201640001307 1.0709231374393688e-05 1.8336075755427812e-06 7.575231599775855e-10 0.014401120222229483 5.949572985774271e-06 0.20311699405072028 3.5769677946666676e-05
59852.29910545694 0.21740249619748014 3.5265866107855284e-05 0.025875429884827623 1.070780370517227e-05 1.8303122536880302e-06 7.574221730381683e-10 0.014375238824904234 5.9487798362068165e-06 0.2030272573725759 3.576407826125031e-05
59852.299308083915 0.21727897068632201 3.525629884975306e-05 0.025875721633286046 1.071018069759091e-05 1.8303328906699403e-06 7.575903108573321e-10 0.014375400907381137 5.950100387550505e-06 0.2029035697789409 3.5754864049595094e-05
59852.29951071088 0.2171491199617847 3.524598681003187e-05 0.025817334115367803 1.0704279866380157e-05 1.8262028186292492e-06 7.571729124326466e-10 0.014342963397426557 5.946822147988976e-06 0.20280615656435816 3.5744150288861985e-05
59852.299713337845 0.21704993793561153 3.5248136362695595e-05 0.02583054402293851 1.070913268517109e-05 1.827137228445989e-06 7.575161791430939e-10 0.014350302234965837 5.949518158428383e-06 0.2026996357006457 3.5746718497795744e-05
59852.29991596482 0.21696873056793461 3.523506080823615e-05 0.025833548440356267 1.0709909117066579e-05 1.8273497475051658e-06 7.575711004649344e-10 0.01435197135575348 5.949949509481433e-06 0.20261675921218114 3.5733897203152604e-05
59852.30011859178 0.21684941676957342 3.522594013205016e-05 0.025818322551772112 1.0705463377960768e-05 1.8262727362024394e-06 7.572566287518736e-10 0.014343512528762285 5.947479654422649e-06 0.20250590424081114 3.572449261258379e-05
59852.30032121875 0.2167675085717099 3.521832101997513e-05 0.02582926892550426 1.0706116231273213e-05 1.8270470337528404e-06 7.573028086771134e-10 0.014349593847502366 5.94784235070734e-06 0.20241791472420753 3.571704024824691e-05
59852.30052384572 0.21656708275989972 3.5207404879053404e-05 0.02576523295486207 1.0705699542355727e-05 1.8225174154135552e-06 7.572733339655803e-10 0.014314018308256706 5.947610856864293e-06 0.202253064451643 3.570623801553846e-05
59852.300726472684 0.21642232489783442 3.520053876363088e-05 0.025782750169700684 1.0704009586077915e-05 1.8237565048938965e-06 7.571537940121478e-10 0.014323750094278158 5.946671992265508e-06 0.20209857480355625 3.569931143640554e-05
59852.300929099656 0.21636411178186227 3.519380407516349e-05 0.025716452340844805 1.0707992011130987e-05 1.819066892814486e-06 7.574354929600098e-10 0.014286917967136003 5.948884450628326e-06 0.20207719381472627 3.569303953837388e-05
59852.30113172662 0.2162106061085749 3.519050344468696e-05 0.025704151776037052 1.0700511937454106e-05 1.8181968058402744e-06 7.569063859820689e-10 0.014280084320020585 5.94472885414117e-06 0.2019305217885543 3.5689092645229626e-05
59852.301334353586 0.21618101101827392 3.51870666372919e-05 0.025749653406180316 1.0701944848634445e-05 1.821415387776292e-06 7.5700774371423e-10 0.014305363003433508 5.945524915908024e-06 0.2018756480148404 3.5685836476996076e-05
59852.30153698056 0.2160126976915705 3.517045958241934e-05 0.02569757954808152 1.0699545131244766e-05 1.8177319158108301e-06 7.568379984321896e-10 0.01427643308226751 5.9441917395804255e-06 0.201736264609303 3.566923944627203e-05
59852.30173960752 0.21586491596448132 3.516077009668604e-05 0.02569474558913108 1.0699449400179237e-05 1.8175314542217269e-06 7.568312268445067e-10 0.014274858660628376 5.9441385556551315e-06 0.20159005730385293 3.565967662445689e-05
59852.30194223449 0.2157659112994194 3.518082517202456e-05 0.025710022236081362 1.0698916272111749e-05 1.8186120559443969e-06 7.567935157479549e-10 0.014283345686711867 5.943842373395416e-06 0.20148256561270755 3.567940192806387e-05
59852.30214486146 0.2156735263246242 3.51490862556032e-05 0.027248813892358625 1.6831624907738754e-05 1.9274592997155485e-06 1.1905939130379064e-09 0.015138229940199236 9.350902726521529e-06 0.20053529638442497 3.637165993468955e-05
59852.302347488425 0.21554427005654317 3.5139910399019704e-05 0.02563412088179294 1.0697573327132481e-05 1.8132431334011206e-06 7.566985218227322e-10 0.014241178267662745 5.943096292851378e-06 0.20130309178888042 3.563893511873267e-05
59852.3025501154 0.21536556698946185 3.513085712386918e-05 0.025592941218095112 1.069626724095452e-05 1.8103302680534e-06 7.566061351243648e-10 0.014218300676719507 5.942370689419177e-06 0.20114726631274235 3.562988761795605e-05
59852.30275274236 0.21533062667097097 3.513064783169927e-05 0.025664433902953226 1.0698703622827263e-05 1.815387341026769e-06 7.567784738880566e-10 0.014258018834974014 5.943724234904035e-06 0.20107260783599695 3.562990702844259e-05
59852.30295536933 0.21520117824288965 3.5116954645714334e-05 0.025636785208491383 1.0698601360166792e-05 1.8134315959629289e-06 7.567712402845422e-10 0.014242658449161878 5.943667422314885e-06 0.20095851979372778 3.561639630867004e-05
59852.3031579963 0.21512880535254764 3.511836139647087e-05 0.025580073385391373 1.069644261072355e-05 1.8094200550837646e-06 7.566185399979693e-10 0.014211151880772984 5.942468117068639e-06 0.20091765347177465 3.561758322086878e-05
59852.303360623264 0.21501345354796036 3.5105725124386084e-05 0.02556200946989622 1.0695580937702105e-05 1.8081422944425876e-06 7.56557589099884e-10 0.014201116372164565 5.941989409834503e-06 0.2008123371757958 3.5605044230495455e-05
59852.30356325023 0.21487209804623264 3.509817790959217e-05 0.025575393499042854 1.0695755345837136e-05 1.8090890208413313e-06 7.565699259517976e-10 0.014208551943912696 5.942086303242853e-06 0.20066354610231996 3.5597619052523305e-05
59852.3037658772 0.21479967926418544 3.509188261608892e-05 0.025592130606675305 1.0696026991062652e-05 1.8102729290247827e-06 7.565891409208679e-10 0.014217850337041836 5.942237217257028e-06 0.2005818289271436 3.559143729448866e-05
59852.303968504166 0.2146642931737175 3.508164679723606e-05 0.02558183507978687 1.0694496853751099e-05 1.8095446694709915e-06 7.564809058467599e-10 0.014212130599881594 5.9413871409728325e-06 0.20045216257383588 3.5581203228178505e-05
59852.30417113113 0.21462135864913767 3.5077781997235795e-05 0.025577234320865724 1.0698627888814367e-05 1.8092192323490918e-06 7.567731168024955e-10 0.01420957462270318 5.943682160452426e-06 0.2004117840264345 3.557777603322164e-05
59852.3043737581 0.2144862129282765 3.507166142420526e-05 0.02551971922503269 1.0692726468132307e-05 1.805150871547211e-06 7.563556766812446e-10 0.014177621791684827 5.940403593406837e-06 0.20030859113659166 3.557119382178012e-05
59852.30457638507 0.2142982940725664 3.505917943977027e-05 0.025516251057061862 1.0696266207417659e-05 1.8049055488467533e-06 7.56606062016587e-10 0.014175695031701034 5.942370115232033e-06 0.20012259904086535 3.555921576154926e-05
59852.30477901204 0.21425700697121638 3.505495311580049e-05 0.025505957314594707 1.0691928930210261e-05 1.8041774155149477e-06 7.562992624134238e-10 0.01416997628588595 5.939960516783479e-06 0.20008703068533043 3.5554646234942585e-05
59852.304981639005 0.21416967712266174 3.505586742837106e-05 0.02547877101320132 1.0690875646971239e-05 1.8022543780699948e-06 7.562247578649943e-10 0.014154872785111842 5.939375359428466e-06 0.2000148043375499 3.555544994534189e-05
59852.30518426597 0.2140738878002761 3.504754333055493e-05 0.025481546547146613 1.0692785044828332e-05 1.8024507069353783e-06 7.56359820134899e-10 0.014156414748414784 5.94043613601574e-06 0.19991747305186133 3.5547420089131745e-05
59852.30538689294 0.21412377193644672 3.504610681878752e-05 0.02552424981185316 1.0690992998566184e-05 1.8054713450083598e-06 7.5623305879229e-10 0.014180138784362865 5.939440554758991e-06 0.19994363315208386 3.5545837411114416e-05
59852.30558951991 0.21393447944739674 3.503757911507437e-05 0.025445725057748822 1.0693272632413059e-05 1.7999168548880129e-06 7.563943099012543e-10 0.014136513920971568 5.940707018007254e-06 0.19979796552642518 3.553764131338624e-05
59852.30579214687 0.21392055619585854 3.504038996905657e-05 0.02545163577524613 1.0692548339884607e-05 1.8003349526244203e-06 7.563430766851887e-10 0.014139797652914518 5.940304633269227e-06 0.19978075854294403 3.554034536016216e-05
59852.305994773844 0.21385965085619985 3.502971206733914e-05 0.025438439389437874 1.0690005404505415e-05 1.799401499276717e-06 7.561632008027168e-10 0.014132466327465485 5.938891891391897e-06 0.19972718452873436 3.552958154015223e-05
59852.30619740081 0.21381712287915572 3.502833988763234e-05 0.025519893123125706 1.0690833915418306e-05 1.8051631723210324e-06 7.562218059614689e-10 0.014177718401736502 5.939352175232392e-06 0.1996394044774192 3.5528305610385254e-05
59852.30640002778 0.21371818577819063 3.502083722859655e-05 0.025434096407511216 1.0695049559695208e-05 1.7990942961472121e-06 7.56520001794796e-10 0.014130053559728453 5.941694199830671e-06 0.19958813221846217 3.552130023177862e-05
59852.306602654746 0.2137041587446774 3.5026073495321496e-05 0.025472796510747332 1.0690964767859136e-05 1.801831768470854e-06 7.562310618782573e-10 0.01415155361708185 5.939424871032853e-06 0.19955260512759557 3.5526083267063185e-05
59852.30680528171 0.2137439334974136 3.502195743798279e-05 0.02542354025545341 1.0688436242829722e-05 1.7983476011338657e-06 7.560522053195182e-10 0.014124189030807451 5.938020134905401e-06 0.19961974446660616 3.5521790297089754e-05
59852.30700790868 0.2136917523670525 3.50190925665104e-05 0.02542749342662791 1.0690060989677793e-05 1.7986272307931146e-06 7.561671326493597e-10 0.014126385237015506 5.938922772043218e-06 0.199565367130037 3.551911665391071e-05
59852.30721053565 0.21368149885425997 3.501927616401233e-05 0.02546421153107932 1.0689281295758422e-05 1.8012245053817396e-06 7.561119805865302e-10 0.014146784183932955 5.938489608754679e-06 0.19953471467032702 3.5519225243305205e-05
59852.30741316261 0.21370523381601209 3.5019720101276166e-05 0.02543087236598925 1.0690965160324207e-05 1.7988662418605657e-06 7.562310896394821e-10 0.014128262425549582 5.939425089069004e-06 0.19957697139046252 3.551981934582985e-05
59852.307615789585 0.2136817445674147 3.501759751985502e-05 0.025457115759642133 1.0692958937163261e-05 1.8007225822265046e-06 7.563721205014189e-10 0.014142842088690074 5.940532742868479e-06 0.19953890247872463 3.5517911894305515e-05
59852.30781841655 0.21371395851583122 3.5018926582507325e-05 0.025434529040844218 1.0690228511172513e-05 1.7991248986954314e-06 7.561789823711192e-10 0.01413029391158012 5.939015839540285e-06 0.1995836646042511 3.551896856798278e-05
59852.30802104352 0.2137021718635609 3.501771683299519e-05 0.02545842089632748 1.068865209086908e-05 1.8008149017620086e-06 7.560674734450385e-10 0.014143567164626378 5.9381400504828225e-06 0.19955860469893455 3.551762941772695e-05
59852.30822367049 0.21361566740584592 3.5020770927392684e-05 0.025431769562411832 1.0687866282903151e-05 1.798929705525267e-06 7.560118889018835e-10 0.014128760868006572 5.937703490501751e-06 0.19948690653783935 3.552056755022404e-05
59852.30842629745 0.21357749068381177 3.501103694293215e-05 0.025389374200656043 1.0688802649966011e-05 1.795930847130777e-06 7.560781233225958e-10 0.014105207889253358 5.938223694425561e-06 0.19947228279455842 3.551105755204141e-05
59852.308628924424 0.21353499457355613 3.5007122381924146e-05 0.025429883180787954 1.0690257124769507e-05 1.7987962713208236e-06 7.561810063690753e-10 0.01412771287821553 5.939031735983059e-06 0.19940728169534058 3.5507333262637854e-05
59852.30883155139 0.2135656274111468 3.5011502507072656e-05 0.025390752549832328 1.0691400047393063e-05 1.7960283453906491e-06 7.562618516069023e-10 0.014105973638795738 5.939666692996146e-06 0.19945965377235106 3.5511757887024446e-05
59852.30903417835 0.2136179308588938 3.502080176349968e-05 0.025417000280884408 1.0689138606911783e-05 1.7978849925648204e-06 7.561018874153005e-10 0.014120555711602449 5.938410337173213e-06 0.19949737514729135 3.5520716117372804e-05
