WASP80b/WASP80b_WLP8/Results/ROEBA_Results/506090_radii/WASP80b_WLP8_nrca3_level3_asn_phot.ecsv
# %ECSV 0.9
# ---
# datatype:
# - {name: MJD, datatype: float64}
# - {name: aperture_sum, unit: Jy, datatype: float64}
# - {name: aperture_sum_err, unit: Jy, datatype: float64}
# - {name: annulus_sum, unit: Jy, datatype: float64}
# - {name: annulus_sum_err, unit: Jy, datatype: float64}
# - {name: annulus_mean, unit: Jy, datatype: float64}
# - {name: annulus_mean_err, unit: Jy, datatype: float64}
# - {name: aperture_bkg, unit: Jy, datatype: float64}
# - {name: aperture_bkg_err, unit: Jy, datatype: float64}
# - {name: net_aperture_sum, unit: Jy, datatype: float64}
# - {name: net_aperture_sum_err, unit: Jy, datatype: float64}
# meta: !!omap
# - {instrument: NIRCAM}
# - {detector: NRCA3}
# - {channel: SHORT}
# - {subarray: SUBGRISM256}
# - {filter: F210M}
# - {pupil: WLP8}
# - {target_name: UNKNOWN}
# - {xcenter: 1055.0}
# - {ycenter: 166.0}
# - ra_icrs: !numpy.ndarray
#     buffer: !!binary |
#       aE5BSnpLcnlja0E9
#     dtype: float64
#     order: C
#     shape: !!python/tuple []
# - dec_icrs: !numpy.ndarray
#     buffer: !!binary |
#       aHllR0pMQW5BY0E9
#     dtype: float64
#     order: C
#     shape: !!python/tuple []
# - {apertures: Photometry measured in a circular aperture of r=50.0 pixels.  Background calculated as the mean in a circular annulus
#     with r_inner=60.0 pixels and r_outer=90.0 pixels.}
# - {number_of_integrations: 1227}
# - __serialized_columns__:
#     annulus_mean:
#       __class__: astropy.units.quantity.Quantity
#       unit: &id001 !astropy.units.Unit {unit: Jy}
#       value: !astropy.table.SerializedColumn {name: annulus_mean}
#     annulus_mean_err:
#       __class__: astropy.units.quantity.Quantity
#       unit: *id001
#       value: !astropy.table.SerializedColumn {name: annulus_mean_err}
#     annulus_sum:
#       __class__: astropy.units.quantity.Quantity
#       unit: *id001
#       value: !astropy.table.SerializedColumn {name: annulus_sum}
#     annulus_sum_err:
#       __class__: astropy.units.quantity.Quantity
#       unit: *id001
#       value: !astropy.table.SerializedColumn {name: annulus_sum_err}
#     aperture_bkg:
#       __class__: astropy.units.quantity.Quantity
#       unit: *id001
#       value: !astropy.table.SerializedColumn {name: aperture_bkg}
#     aperture_bkg_err:
#       __class__: astropy.units.quantity.Quantity
#       unit: *id001
#       value: !astropy.table.SerializedColumn {name: aperture_bkg_err}
#     aperture_sum:
#       __class__: astropy.units.quantity.Quantity
#       unit: *id001
#       value: !astropy.table.SerializedColumn {name: aperture_sum}
#     aperture_sum_err:
#       __class__: astropy.units.quantity.Quantity
#       unit: *id001
#       value: !astropy.table.SerializedColumn {name: aperture_sum_err}
#     net_aperture_sum:
#       __class__: astropy.units.quantity.Quantity
#       unit: *id001
#       value: !astropy.table.SerializedColumn {name: net_aperture_sum}
#     net_aperture_sum_err:
#       __class__: astropy.units.quantity.Quantity
#       unit: *id001
#       value: !astropy.table.SerializedColumn {name: net_aperture_sum_err}
# schema: astropy-2.0
MJD aperture_sum aperture_sum_err annulus_sum annulus_sum_err annulus_mean annulus_mean_err aperture_bkg aperture_bkg_err net_aperture_sum net_aperture_sum_err
[from data line 1168]
59852.43466289826 0.22006795490788636 3.5635496830581254e-05 0.026157590334119463 1.0796141062307175e-05 1.8502710226879532e-06 7.636707628371435e-10 0.014531994630066368 5.997856145726208e-06 0.20553596027781998 3.613672526263541e-05
59852.43486552523 0.22005681326531884 3.563621215271241e-05 0.026225035323470827 1.0798211633598137e-05 1.8550417797733087e-06 7.638172257953572e-10 0.014569464068594905 5.999006463110076e-06 0.20548734919672393 3.613762160322071e-05
59852.4350681522 0.22006334330739646 3.5633752070221796e-05 0.02618002518824577 1.0797867643239954e-05 1.851857963990952e-06 7.637928934549658e-10 0.014544458437914316 5.99881535735553e-06 0.20551888486948214 3.6135163930632454e-05
59852.43527077917 0.21999585167428004 3.56294662333007e-05 0.02617617273414965 1.0796423570264374e-05 1.8515854586076487e-06 7.636907461872996e-10 0.014542318185638694 5.998013094591319e-06 0.20545353348864134 3.613080438009654e-05
59852.435473406134 0.2199457877324344 3.562702166483166e-05 0.02617230409284168 1.0799533008763541e-05 1.8513118082133318e-06 7.639106939683584e-10 0.014540168940467599 5.999740560424189e-06 0.20540561879196678 3.612868056681262e-05
59852.4356760331 0.22008882285786247 3.563788075343649e-05 0.02620497270437784 1.08003323582621e-05 1.8536226397733004e-06 7.639672363790046e-10 0.0145583181690988 6.000184643478945e-06 0.20553050468876366 3.6139462646143476e-05
59852.43587866007 0.2199796707791809 3.5631187863380164e-05 0.026193086523166084 1.0797946100690414e-05 1.8527818644424838e-06 7.637984431843272e-10 0.014551714735092269 5.998858944828008e-06 0.20542795604408864 3.613264254376412e-05
59852.436081287036 0.22003726962164338 3.563181133038119e-05 0.026162946017463027 1.0796466699668054e-05 1.8506498597891813e-06 7.636937969685387e-10 0.014534970009701682 5.9980370553711405e-06 0.2055022996119417 3.613312091698539e-05
59852.436283914 0.21994662942035315 3.562832810974679e-05 0.026174565833025965 1.0801652498096978e-05 1.8514717936045846e-06 7.640606171702461e-10 0.014541425462792202 6.000918054498321e-06 0.20540520395756096 3.613016442520816e-05
59852.43648654097 0.22004175066147053 3.563752858449422e-05 0.026165185573254604 1.079541652791266e-05 1.8508082759556522e-06 7.636195125125537e-10 0.014536214207363668 5.997453626618144e-06 0.20550553645410685 3.6138662034088613e-05
59852.43668916794 0.2199766848092956 3.563007218570377e-05 0.02612867662718558 1.0795698865166903e-05 1.8482257962961142e-06 7.636394837879455e-10 0.014515931459547545 5.997610480648279e-06 0.20546075334974806 3.6131335090694386e-05
59852.43689179491 0.2200278357880671 3.5631574238799576e-05 0.02619473363380803 1.079666621031106e-05 1.852898373687144e-06 7.637079094596649e-10 0.014552629796560019 5.9981478946172555e-06 0.20547520599150706 3.613290551423712e-05
59852.437094421875 0.220005644600508 3.562964126917998e-05 0.0261969031313082 1.0799710739440784e-05 1.8530518342432228e-06 7.639232658420573e-10 0.014553835072949 5.999839299689325e-06 0.205451809527559 3.6131280195871134e-05
59852.43729704884 0.22007949922786607 3.563560104177943e-05 0.026207074484213062 1.0797325897111674e-05 1.853771310284441e-06 7.637545727553139e-10 0.014559485824562811 5.9985143872842634e-06 0.20552001340330325 3.613693728670607e-05
59852.43749967581 0.22005800237906015 3.563493943128964e-05 0.026209735092872433 1.0801346574879908e-05 1.8539595098487841e-06 7.640389775292668e-10 0.014560963940484685 6.0007480971555045e-06 0.20549703843857547 3.613665571130229e-05
59852.43770230278 0.21998806515320413 3.5631413522086546e-05 0.02618297438169899 1.0796624962096557e-05 1.8520665767537137e-06 7.637049917453397e-10 0.01454609687872166 5.998124978942532e-06 0.20544196827448247 3.6132743223355546e-05
59852.43790492974 0.220045031633841 3.5632593841955055e-05 0.026176284112054707 1.0797410384628488e-05 1.8515933369828227e-06 7.637605490246164e-10 0.014542380062252615 5.998561324793605e-06 0.2055026515715884 3.6133979601934836e-05
59852.438107556714 0.22000148534639088 3.563034173318288e-05 0.026147406654917688 1.0795643170329713e-05 1.8495506747395867e-06 7.63635544184104e-10 0.014526337030509826 5.9975795390720626e-06 0.20547514831588107 3.613159576258554e-05
59852.43831018368 0.22001968101785405 3.5641070722007555e-05 0.026210484780778687 1.0797242212865101e-05 1.8540125394203647e-06 7.637486533057579e-10 0.014561380433765937 5.998467896036167e-06 0.20545830058408812 3.61423233800889e-05
59852.43851281065 0.22003058867642739 3.563580020866385e-05 0.02621696681162991 1.0797636645520174e-05 1.8544710493098075e-06 7.637765537087675e-10 0.014564981562016617 5.998687025288985e-06 0.20546560711441078 3.61371623476329e-05
59852.438715437616 0.22001964396918594 3.563175485456816e-05 0.026176977186233304 1.0800781882361063e-05 1.8516423619523573e-06 7.639990337045108e-10 0.014542765103462946 6.000434379089479e-06 0.205476878865723 3.613346325435469e-05
59852.43891806458 0.21993925192603841 3.56257114708038e-05 0.026164147040287376 1.0799314703036091e-05 1.8507348147755196e-06 7.638952519969678e-10 0.014535637244604098 5.9996192794644945e-06 0.2054036146814343 3.612736842477574e-05
59852.43912069155 0.22003503326601953 3.563238106967836e-05 0.026176952060951202 1.0795810207317424e-05 1.8516405847022047e-06 7.636473596340033e-10 0.01454275114497289 5.997672337398569e-06 0.20549228212104664 3.613362221202808e-05
59852.43932331852 0.22006041059655335 3.563350363172796e-05 0.02621759582731105 0.0005130573264592926 1.8545155430675567e-06 3.62913820424483e-08 0.014565331015172805 0.0002850318480329403 0.20549507958138055 0.00028725058916239933
59852.43952594548 0.2199819213087073 3.563142241830945e-05 0.026191521607043848 1.0798248028990601e-05 1.8526711692707602e-06 7.638198002427422e-10 0.014550845337246581 5.9990266827725555e-06 0.20543107597146074 3.6132901692122965e-05
59852.439728572455 0.2199732934523429 3.5629009357476424e-05 0.026179641560969795 1.0796051708661607e-05 1.8518308279121625e-06 7.636644423596433e-10 0.014544245311649886 5.997806504812003e-06 0.20542904814069302 3.613031954832821e-05
59852.43993119942 0.21999929097132476 3.563290899766294e-05 0.026169402206821908 1.0795873336847196e-05 1.8511065417669604e-06 7.63651825134767e-10 0.014538556781567727 5.997707409359553e-06 0.20546073418975702 3.613414863815135e-05
59852.44013382639 0.2200536996705491 3.56358751346058e-05 0.026187603844057033 1.0797779342210387e-05 1.852394044228443e-06 7.637866474348165e-10 0.014548668802253906 5.998766301227993e-06 0.2055050308682952 3.613724939374834e-05
59852.44033645336 0.22000399898030926 3.563025053824811e-05 0.026149476576040862 1.0799893123857368e-05 1.849697091707837e-06 7.63936166900476e-10 0.014527486986689367 5.999940624365204e-06 0.20547651199361988 3.613189783161463e-05
59852.44053908032 0.21998027665062664 3.563555430799163e-05 0.02618720798818701 1.0795913438056662e-05 1.852366043153569e-06 7.636546617150827e-10 0.014548448882326115 5.997729687809256e-06 0.20543182776830052 3.6136760953990454e-05
59852.440741707294 0.2199115366468818 3.5625575946825055e-05 0.026180267149945022 1.0796635971933708e-05 1.8518750792800519e-06 7.637057705320087e-10 0.014544592861080567 5.998131095518727e-06 0.20536694378580123 3.612698767101997e-05
59852.44094433426 0.22002876200278504 3.563502087174304e-05 0.026186534362392093 1.0803964153061781e-05 1.8523183938757668e-06 7.642241333099666e-10 0.014548074645773386 6.002202307256544e-06 0.20548068735701167 3.6136977530872696e-05
59852.441146961224 0.22004730277042395 3.563277869902161e-05 0.026143390124079072 1.0794845032092984e-05 1.8492665633008993e-06 7.635790874527057e-10 0.014524105624488373 5.9971361289405466e-06 0.2055231971459356 3.613392532734981e-05
59852.441349588196 0.22005991890695473 3.5633345877349354e-05 0.026204201155649084 1.0797444177419414e-05 1.853568063864848e-06 7.637629393756015e-10 0.014557889530916157 5.998580098566341e-06 0.20550202937603856 3.613472431904976e-05
59852.44155221516 0.22005158709572975 3.563478286968656e-05 0.026204755538663208 1.0799105931654303e-05 1.8536072784413207e-06 7.638804844425734e-10 0.01455819752147956 5.999503295363502e-06 0.2054933895742502 3.61362946351834e-05
59852.441754842126 0.2199821950482277 3.5635356126998246e-05 0.026188004838163664 1.0795770205301874e-05 1.852422408759208e-06 7.636445300702218e-10 0.014548891576757591 5.997650114056597e-06 0.2054333034714701 3.613655231463891e-05
59852.4419574691 0.22002371205318014 3.563401098226429e-05 0.0262191619403035 1.0796714344195583e-05 1.8546263229005296e-06 7.637113142355103e-10 0.014566201077946388 5.998174635664213e-06 0.20545751097523374 3.613531288980431e-05
59852.44216009606 0.21999623252231754 3.563403220149263e-05 0.02612751079141503 1.0801064208913689e-05 1.8481433302846846e-06 7.64019004222918e-10 0.01451528377300835 6.000591227174271e-06 0.2054809487493092 3.613573502798379e-05
59852.442362723035 0.2200016132270172 3.5634304260037776e-05 0.02617364713447655 1.0795570331989375e-05 1.8514068089755398e-06 7.636303919254767e-10 0.014540915074709193 5.99753907332743e-06 0.205460698152308 3.613549660697962e-05
59852.44256535 0.22005421184381097 3.563318417649694e-05 0.026236273592531327 1.0797101664159352e-05 1.8558367246945421e-06 7.637387115185289e-10 0.014575707551406292 5.998389813421862e-06 0.20547850429240466 3.613453327372466e-05
59852.442767976965 0.22006349267741832 3.563408186911571e-05 0.026180260723478455 1.07971846187336e-05 1.8518746247005315e-06 7.637445793543261e-10 0.014544589290821362 5.9984358992964445e-06 0.20551890338659695 3.613542616177107e-05
59852.44297060394 0.21999137597921825 3.562969793407364e-05 0.02623442350977392 1.0801404720864861e-05 1.8557058581096664e-06 7.640430905163452e-10 0.014574679727652178 6.000780400480478e-06 0.20541669625156608 3.613149236176278e-05
59852.4431732309 0.22000870094976963 3.563190628783659e-05 0.02617129699020892 1.0795209095146695e-05 1.8512405702745741e-06 7.636048396458591e-10 0.014539609439004954 5.997338386192608e-06 0.20546909151076467 3.6133098585973337e-05
59852.44337585787 0.22002460539697724 3.5631754123617426e-05 0.026204165667948972 1.0797215698487883e-05 1.8535655536235628e-06 7.637467777972258e-10 0.014557869815527208 5.998453165826601e-06 0.20546673558145004 3.613313357997812e-05
59852.44357848484 0.21998663732919782 3.562963972510964e-05 0.026210752286332094 1.0797220166843544e-05 1.8540314615675333e-06 7.637470938687329e-10 0.014561529047962273 5.998455648246413e-06 0.20542510828123556 3.613104893447034e-05
59852.443781111804 0.219988668754156 3.5629948970601e-05 0.02616175255183254 1.0798017968325938e-05 1.8505654393649581e-06 7.638035267796346e-10 0.014534306973240301 5.9988988712921875e-06 0.20545436178091572 3.6131427474092714e-05
59852.443983738776 0.21999912824418205 3.563178151143789e-05 0.026144079565956366 1.0795291549589701e-05 1.8493153313376752e-06 7.636106721046078e-10 0.014524488647753537 5.997384194216501e-06 0.2054746395964285 3.613298314354746e-05
59852.44418636574 0.21996800511983688 3.5627561544214214e-05 0.0261784697427403 1.0797404391401816e-05 1.8517479387283272e-06 7.637601250905497e-10 0.014543594301522389 5.998557995223231e-06 0.2054244108183145 3.6129016587901035e-05
59852.444388992706 0.2199791458580596 3.563038803666653e-05 0.026201210443212525 1.0796263920237772e-05 1.8533565142347837e-06 7.636794532580113e-10 0.014556228024006959 5.997924400132096e-06 0.20542291783405264 3.613169866963259e-05
59852.44459161968 0.22002153110759026 3.5646132153938655e-05 0.026179215853210064 1.0796772646032928e-05 1.8518007152480408e-06 7.637154382468901e-10 0.014544008807338924 5.998207025573849e-06 0.20547752230025135 3.61472713362669e-05
59852.44479424664 0.22001059360496972 3.5632308859415e-05 0.026167154033798108 1.0795055195153118e-05 1.8509475160559988e-06 7.635939534482061e-10 0.014537307796554504 5.997252886196177e-06 0.2054732858084152 3.613348138269731e-05
59852.44499687361 0.22003077142827143 3.5631162627800344e-05 0.026177862114312167 1.0798009319422147e-05 1.8517049578092604e-06 7.638029149948388e-10 0.014543256730173426 5.998894066345637e-06 0.205487514698098 3.613262348941733e-05
59852.44519950058 0.22002757424939062 3.563159139848452e-05 0.02622294957685311 1.0800124331620103e-05 1.85489424338031e-06 7.639525215041741e-10 0.01456830532047395 6.00006907312228e-06 0.20545926892891667 3.6133241405536736e-05
59852.445402127545 0.21998015810356567 3.5628687468713106e-05 0.026166564551718306 1.0795777072205332e-05 1.8509058187285035e-06 7.636450158042792e-10 0.01453698030651017 5.997653929002962e-06 0.2054431777970555 3.612997679760283e-05
59852.44560475452 0.22004927667390423 3.563326180017653e-05 0.026238642076453458 1.0799941957612072e-05 1.8560042606606936e-06 7.639396211820098e-10 0.014577023375807477 5.999967754228928e-06 0.20547225329809676 3.613487179403999e-05
59852.44580738148 0.21999613991485145 3.56303513736599e-05 0.02619402863643934 1.0803293792230291e-05 1.8528485053244356e-06 7.641767149810836e-10 0.01455223813135519 6.001829884572384e-06 0.20544390178349625 3.6132311038374146e-05
59852.44601000845 0.2199953113139998 3.562905506847884e-05 0.026197541727247246 1.079576615556767e-05 1.853097005665595e-06 7.636442436101254e-10 0.014554189848470692 5.99764786420426e-06 0.20544112146552912 3.613033829035775e-05
59852.44621263542 0.21996776401723026 3.562790298424478e-05 0.026185771969558184 1.0796211736823068e-05 1.8522644656143915e-06 7.636757620365013e-10 0.01454765109419899 5.997895409346149e-06 0.20542011292303125 3.6129243285684986e-05
59852.446415262384 0.22000876344874382 3.5630672840571354e-05 0.026216723013862152 1.0797423714770307e-05 1.8544538041454283e-06 7.637614919392663e-10 0.014564846118812307 5.998568730427948e-06 0.2054439173299315 3.613208648674329e-05
