WASP80b/WASP80b_WLP8/Results/ROEBA_Results/506090_radii/WASP80b_WLP8_nrca3_level3_asn_phot.ecsv
# %ECSV 0.9
# ---
# datatype:
# - {name: MJD, datatype: float64}
# - {name: aperture_sum, unit: Jy, datatype: float64}
# - {name: aperture_sum_err, unit: Jy, datatype: float64}
# - {name: annulus_sum, unit: Jy, datatype: float64}
# - {name: annulus_sum_err, unit: Jy, datatype: float64}
# - {name: annulus_mean, unit: Jy, datatype: float64}
# - {name: annulus_mean_err, unit: Jy, datatype: float64}
# - {name: aperture_bkg, unit: Jy, datatype: float64}
# - {name: aperture_bkg_err, unit: Jy, datatype: float64}
# - {name: net_aperture_sum, unit: Jy, datatype: float64}
# - {name: net_aperture_sum_err, unit: Jy, datatype: float64}
# meta: !!omap
# - {instrument: NIRCAM}
# - {detector: NRCA3}
# - {channel: SHORT}
# - {subarray: SUBGRISM256}
# - {filter: F210M}
# - {pupil: WLP8}
# - {target_name: UNKNOWN}
# - {xcenter: 1055.0}
# - {ycenter: 166.0}
# - ra_icrs: !numpy.ndarray
#     buffer: !!binary |
#       aE5BSnpLcnlja0E9
#     dtype: float64
#     order: C
#     shape: !!python/tuple []
# - dec_icrs: !numpy.ndarray
#     buffer: !!binary |
#       aHllR0pMQW5BY0E9
#     dtype: float64
#     order: C
#     shape: !!python/tuple []
# - {apertures: Photometry measured in a circular aperture of r=50.0 pixels.  Background calculated as the mean in a circular annulus
#     with r_inner=60.0 pixels and r_outer=90.0 pixels.}
# - {number_of_integrations: 1227}
# - __serialized_columns__:
#     annulus_mean:
#       __class__: astropy.units.quantity.Quantity
#       unit: &id001 !astropy.units.Unit {unit: Jy}
#       value: !astropy.table.SerializedColumn {name: annulus_mean}
#     annulus_mean_err:
#       __class__: astropy.units.quantity.Quantity
#       unit: *id001
#       value: !astropy.table.SerializedColumn {name: annulus_mean_err}
#     annulus_sum:
#       __class__: astropy.units.quantity.Quantity
#       unit: *id001
#       value: !astropy.table.SerializedColumn {name: annulus_sum}
#     annulus_sum_err:
#       __class__: astropy.units.quantity.Quantity
#       unit: *id001
#       value: !astropy.table.SerializedColumn {name: annulus_sum_err}
#     aperture_bkg:
#       __class__: astropy.units.quantity.Quantity
#       unit: *id001
#       value: !astropy.table.SerializedColumn {name: aperture_bkg}
#     aperture_bkg_err:
#       __class__: astropy.units.quantity.Quantity
#       unit: *id001
#       value: !astropy.table.SerializedColumn {name: aperture_bkg_err}
#     aperture_sum:
#       __class__: astropy.units.quantity.Quantity
#       unit: *id001
#       value: !astropy.table.SerializedColumn {name: aperture_sum}
#     aperture_sum_err:
#       __class__: astropy.units.quantity.Quantity
#       unit: *id001
#       value: !astropy.table.SerializedColumn {name: aperture_sum_err}
#     net_aperture_sum:
#       __class__: astropy.units.quantity.Quantity
#       unit: *id001
#       value: !astropy.table.SerializedColumn {name: net_aperture_sum}
#     net_aperture_sum_err:
#       __class__: astropy.units.quantity.Quantity
#       unit: *id001
#       value: !astropy.table.SerializedColumn {name: net_aperture_sum_err}
# schema: astropy-2.0
MJD aperture_sum aperture_sum_err annulus_sum annulus_sum_err annulus_mean annulus_mean_err aperture_bkg aperture_bkg_err net_aperture_sum net_aperture_sum_err
59852.197994600116 0.22003482937800384 3.5634637670754136e-05 0.026172891754508203 1.0797651773547334e-05 1.8513533767729288e-06 7.637776237977906e-10 0.014540495419171224 5.998695429748519e-06 0.20549433395883263 3.6136017334299795e-05
59852.19819722708 0.2200488402885917 3.5633829424014485e-05 0.026193591402120808 1.079811553466364e-05 1.852817577323065e-06 7.638104281862679e-10 0.014551995223400449 5.998953074813133e-06 0.20549684506519125 3.6135263073811574e-05
59852.19839985405 0.2199886861391344 3.562962518021063e-05 0.026143960457237894 1.079665236171302e-05 1.849306906119315e-06 7.63706929871739e-10 0.014524422476243274 5.998140200951677e-06 0.2054642636628911 3.613098222236107e-05
59852.19860248102 0.22001451360734098 3.5629278764650104e-05 0.02618919919009073 1.0797441828324507e-05 1.8525068918760897e-06 7.637627732111276e-10 0.014549555105605962 5.998578793513615e-06 0.20546495850173502 3.61307134282059e-05
59852.19880510798 0.21998863127304044 3.563581429754779e-05 0.02620018487909983 1.0797164298868227e-05 1.8532839704134533e-06 7.63743142017874e-10 0.01455565826616657 5.998424610482348e-06 0.20543297300687388 3.6137132681729905e-05
59852.199007734955 0.2200238474108099 3.5632263110363e-05 0.026200286044320887 1.0800205088793482e-05 1.853291126389009e-06 7.639582339056556e-10 0.01455571446906716 6.000113938218601e-06 0.20546813294174274 3.613391124190323e-05
59852.19921036192 0.22003771337658487 3.5633385320586245e-05 0.026169882183377645 1.0796300969437702e-05 1.8511404931631442e-06 7.636820739528142e-10 0.014538823435209802 5.9979449830209454e-06 0.20549888994137508 3.613465778756895e-05
59852.19941298889 0.22002339934146298 3.5636661010775144e-05 0.026138512816352814 1.0799848624584176e-05 1.8489215643526262e-06 7.639330192207906e-10 0.014521396009084897 5.999915902546765e-06 0.20550200333237809 3.613821521373925e-05
59852.19961561586 0.21998411724598332 3.562908261434229e-05 0.0261525206070193 1.079571158308368e-05 1.8499124128532343e-06 7.636403833965326e-10 0.014529178115010723 5.9976175461576e-06 0.2054549391309726 3.613036042125245e-05
59852.19981824282 0.22001642718743675 3.563363023098144e-05 0.026179233840392203 1.0797121635036062e-05 1.8518019875809074e-06 7.637401241690828e-10 0.01454401880021789 5.998400908353368e-06 0.20547240838721886 3.613497498125118e-05
59852.200020869794 0.21997894508202265 3.562956555693719e-05 0.02613486540351576 1.079538032729693e-05 1.8486635626715088e-06 7.636169518428041e-10 0.014519369668619865 5.997433515164961e-06 0.2054595754134028 3.613080611534856e-05
59852.20022349676 0.22001098387379708 3.5631141249832683e-05 0.02619947522713996 0.0004975600236758757 1.8532337728057697e-06 3.519517211241604e-08 0.014555264015077755 0.0002764222353754865 0.20545571985871933 0.0002787092220159684
59852.20042612372 0.2200217445302603 3.5630102006024005e-05 0.026197006291549096 1.0800649043018171e-05 1.8530591313375646e-06 7.639896372431515e-10 0.014553892384193941 6.0003605794545395e-06 0.20546785214606636 3.6131821100563806e-05
59852.200628750696 0.22000319044315458 3.5629378194402784e-05 0.02616512371697843 1.080392454930362e-05 1.850803900519157e-06 7.642213319171327e-10 0.014536179842765794 6.002180305168678e-06 0.2054670106003888 3.6131409589656744e-05
59852.20083137766 0.21997332016861568 3.5632003341820615e-05 0.02617572821322419 1.0796978131142406e-05 1.8515540151842734e-06 7.637299733450703e-10 0.014542071229568994 5.998321183968004e-06 0.20543124893904668 3.6133357430185683e-05
59852.20103400463 0.22006683844304042 3.564776060878645e-05 0.026232974466125665 1.081258764805758e-05 1.8556033592388327e-06 7.648341208012153e-10 0.014573874703403147 6.006993137809766e-06 0.20549296373963727 3.615033613922616e-05
59852.2012366316 0.22006607931019237 3.563609781964932e-05 0.02623376577902315 1.0798052484741322e-05 1.8556593331762403e-06 7.638059683165796e-10 0.014574314321679526 5.9989180470785125e-06 0.20549176498851285 3.6137494179137264e-05
59852.20143925856 0.22005214403071313 3.563363993553916e-05 0.0261746843149319 1.0807417313377048e-05 1.8514801744850276e-06 7.644683944359504e-10 0.014541491286073278 6.004120729653915e-06 0.20551065274463987 3.6135934480678804e-05
59852.201641885535 0.22009796055864522 3.565120158662948e-05 0.026252882955277453 1.0798307555514368e-05 1.857011596775721e-06 7.638240108829656e-10 0.01458493497515414 5.9990597530635375e-06 0.20551302558349108 3.615241198718723e-05
59852.2018445125 0.22002095992852183 3.563130561096558e-05 0.026173372175498644 1.079711237872745e-05 1.851387359606437e-06 7.637394694191849e-10 0.014540762319721469 5.998395765959695e-06 0.20548019760880037 3.6132681761905115e-05
59852.202047139464 0.2200385354568899 3.5631755719139283e-05 0.026153685178201193 1.0797112673608804e-05 1.8499947894133143e-06 7.637394902777739e-10 0.014529825099000662 5.9983959297826694e-06 0.20550871035788923 3.613312565166275e-05
59852.20224976644 0.22004198327331842 3.563251425955104e-05 0.026222074422299207 1.0797168307985704e-05 1.8548323388588776e-06 7.637434256049247e-10 0.01456781912349956 5.998426837769835e-06 0.20547416414981887 3.6133878797953395e-05
59852.2024523934 0.22002505797061894 3.5633624672729284e-05 0.026196645599922234 1.0802070951660736e-05 1.853033617624077e-06 7.64090216704969e-10 0.014553691999956797 6.001150528700409e-06 0.20547136597066215 3.613542603851603e-05
59852.202655020374 0.22000366103826238 3.563552105713913e-05 0.026182897525391186 1.0797357041988443e-05 1.8520611402820273e-06 7.637567758046872e-10 0.014546054180772882 5.998531689993579e-06 0.2054576068574895 3.613686128387001e-05
59852.20285764734 0.22006271473692446 3.5638172316991805e-05 0.026160015596895625 1.0797768919474951e-05 1.8504425749364523e-06 7.637859101770987e-10 0.014533341998275348 5.998760510819417e-06 0.2055293727386491 3.613951374550808e-05
59852.2030602743 0.22001252640391772 3.564387100985591e-05 0.026182094598468864 1.0796237212864112e-05 1.8520043448204144e-06 7.636775640977735e-10 0.01454560811026048 5.997909562702285e-06 0.20546691829365724 3.614499217996322e-05
59852.203262901276 0.2200315347038378 3.563221926481383e-05 0.026195543902692128 1.0797143294352578e-05 1.8529556884863162e-06 7.637416562523218e-10 0.014553079945940071 5.998412941306988e-06 0.20547845475789772 3.613358558945139e-05
59852.20346552824 0.22001208948297465 3.563053695554546e-05 0.026175847946479598 1.0796863432892119e-05 1.8515624845795849e-06 7.63721860103516e-10 0.014542137748044222 5.998257462717844e-06 0.20546995173493043 3.6131900812572e-05
59852.203668155205 0.2199636131332917 3.562845815525468e-05 0.026204504148002898 1.079851913412748e-05 1.8535894961896606e-06 7.638389770083564e-10 0.014558057860001609 5.999177296737489e-06 0.2054055552732901 3.613000358093567e-05
59852.20387078218 0.22002777169658183 3.5640453169895426e-05 0.026179874785723742 1.0796599061477692e-05 1.8518473251888035e-06 7.6370315965133e-10 0.014544374880957634 5.998110589709828e-06 0.2054833968156242 3.61416550921772e-05
59852.20407340914 0.2200024298727123 3.564910603542556e-05 0.026215669811786732 1.0797777119446918e-05 1.8543793053381493e-06 7.63786490206464e-10 0.014564261006548184 5.998765066359399e-06 0.20543816886616412 3.6150296588636576e-05
59852.204276036115 0.22003733448755758 3.5632539782102086e-05 0.026206120506832988 1.0800044057219905e-05 1.8537038301886025e-06 7.639468432519095e-10 0.014558955837129439 6.000024476233281e-06 0.20547837865042815 3.6134169217493936e-05
59852.20447866308 0.22004316546014913 3.563267264919617e-05 0.026167753745028777 1.080548198321913e-05 1.850989936947905e-06 7.64331497830996e-10 0.014537640969460431 6.00304554623285e-06 0.2055055244906887 3.6134802005198794e-05
59852.204681290044 0.22008595707182776 3.5635420733550606e-05 0.026213770883647007 1.0801995518999886e-05 1.8542449836492543e-06 7.640848809357046e-10 0.014563206046470559 6.001108621666603e-06 0.20552275102535722 3.613719019993405e-05
59852.20488391702 0.21994861224200773 3.5630710573248844e-05 0.02615639340541968 1.079666551077475e-05 1.850186357301687e-06 7.637078599775931e-10 0.014531329669677599 5.998147505985973e-06 0.20541728257233013 3.613205376750943e-05
59852.20508654398 0.2199968877168167 3.563028354779079e-05 0.026165375100344425 1.0804602228174235e-05 1.8508216822548498e-06 7.642692678913937e-10 0.014536319500191346 6.00255679343013e-06 0.20546056821662534 3.613236490674705e-05
59852.205289170946 0.22005673359208716 0.0005006335824896728 0.026230562715592168 1.079704701536203e-05 1.8554327627859836e-06 7.637348459068721e-10 0.014572534841995648 5.998359452978906e-06 0.20548419875009152 0.0005006695159809224
59852.20549179792 0.22005162146125357 3.563699918591853e-05 0.02621686303864141 1.0806731672192978e-05 1.854463708872439e-06 7.64419895243225e-10 0.014564923910356338 6.003739817884987e-06 0.20548669755089724 3.61391837591556e-05
59852.20569442488 0.220068873159042 3.564083644285818e-05 0.026188723387119382 1.0797018939927977e-05 1.8524732357006104e-06 7.63732859976157e-10 0.014549290770621878 5.9983438555155426e-06 0.2055195823884201 3.614207176346658e-05
59852.20589705185 0.22002821807266462 3.5632401850325226e-05 0.026189787411977902 1.0797827872818837e-05 1.852548500063191e-06 7.637900802731392e-10 0.014549881895543279 5.998793262677131e-06 0.20547833617712136 3.613382877901816e-05
59852.20609967882 0.219969690057305 3.5628423920998604e-05 0.02618802022916239 1.079891778427992e-05 1.852423497449664e-06 7.638671757382787e-10 0.014548900127312438 5.9993987690443995e-06 0.20542078992999255 3.6130006596794266e-05
59852.206302305785 0.2200228542749755 3.563126745545216e-05 0.026185060910008114 1.0799788988518276e-05 1.8522141684400685e-06 7.639288008320463e-10 0.014547256061115618 5.9998827713990425e-06 0.20547559821385988 3.6132891024003257e-05
59852.20650493276 0.22001564989590316 3.563349750339027e-05 0.02620136338095628 1.079774236188426e-05 1.8533673323671854e-06 7.637840316118386e-10 0.014556312989420155 5.998745756602367e-06 0.20545933690648302 3.613490134172883e-05
59852.20670755972 0.22002075028762247 3.5632086250853546e-05 0.026192230344942335 1.0796211685080153e-05 1.8527213022218274e-06 7.636757583764388e-10 0.014551239080523519 5.997895380600085e-06 0.20546951120709894 3.6133368505923856e-05
59852.20691018669 0.22001904462336333 3.563545288437039e-05 0.026186360338108648 1.080320688488744e-05 1.8523060841757986e-06 7.641705675441034e-10 0.014547977965615915 6.001781602715245e-06 0.20547106665774742 3.613733366867115e-05
59852.20711281366 0.2200162404427594 3.563393136593698e-05 0.02620876234503383 1.0801680250905962e-05 1.8538907020146082e-06 7.640625802799059e-10 0.014560423525018793 6.000933472725534e-06 0.2054558169177406 3.6135692426413874e-05
59852.207315440624 0.22005570148602693 3.563172463563585e-05 0.02622033144630202 1.0797313988073855e-05 1.8547090485274807e-06 7.637537303632088e-10 0.01456685080350112 5.998507771152142e-06 0.20548885068252581 3.613311356623383e-05
59852.20751806759 0.22003580366073916 3.563291096401844e-05 0.02620316305850397 1.0797525913118788e-05 1.8534946335128238e-06 7.637687209936381e-10 0.014557312810279983 5.998625507288215e-06 0.2054784908504592 3.613430297855978e-05
59852.20772069456 0.2200052383582853 3.563278573092843e-05 0.02618918413301384 1.0796770267928643e-05 1.8525058268057717e-06 7.637152700304225e-10 0.014549546740563244 5.998205704404801e-06 0.20545569161772206 3.613410979419046e-05
59852.207923321526 0.22006772326593077 3.5642812983232027e-05 0.02621856737265303 1.079764979143539e-05 1.8545842658424964e-06 7.637774835920512e-10 0.014565870762585018 5.998694328575217e-06 0.20550185250334574 3.6144079058752266e-05
59852.2081259485 0.22005511513604414 3.563581670243852e-05 0.02617946827576831 1.079665359185806e-05 1.8518185704915487e-06 7.637070168867009e-10 0.014544149042093505 5.9981408843655895e-06 0.20551096609395064 3.6137087958474105e-05
59852.20832857546 0.2200295209503487 3.5637486605015394e-05 0.026187613957286936 1.0798339403725039e-05 1.8523947595931227e-06 7.638262636830354e-10 0.014548674420714964 5.9990774465139106e-06 0.20548084652963372 3.613889015633883e-05
59852.20853120243 0.22010917026119958 3.56380291793161e-05 0.026194590764021718 1.0798713629053148e-05 1.8528882677170504e-06 7.638527347100571e-10 0.014552550424456509 5.999285349473971e-06 0.20555661983674306 3.613945971497359e-05
59852.2087338294 0.22000055421009418 3.5632355954041714e-05 0.026157409083636285 1.0797410444718965e-05 1.8502582018389152e-06 7.637605532751481e-10 0.014531893935353491 5.998561358177203e-06 0.2054686602747407 3.613374502045627e-05
59852.208936456365 0.21997356451579286 3.5629643818136106e-05 0.02616554266727078 1.0796059889955166e-05 1.8508335351902401e-06 7.636650210677815e-10 0.01453641259292821 5.997811049975092e-06 0.20543715192286466 3.6130945960470615e-05
59852.20913908333 0.2200534316576948 3.5632893527969836e-05 0.026224259552682337 1.0796844959737918e-05 1.8549869052152222e-06 7.63720553395158e-10 0.01456903308482352 5.998247199854399e-06 0.2054843985728713 3.613422298384449e-05
59852.2093417103 0.22005316221253468 3.56400767590038e-05 0.02623974706381913 1.0801042486436538e-05 1.8560824225279384e-06 7.640174676719781e-10 0.014577637257677294 6.00057915913141e-06 0.20547552495485738 3.614169367410284e-05
59852.20954433727 0.22002771676562027 3.56334103343702e-05 0.026204515581725124 1.0798243739424622e-05 1.8535903049600652e-06 7.638194968180181e-10 0.014558064212069512 5.999024299680345e-06 0.20546965255355076 3.6134861624278514e-05
59852.20974696424 0.21999652226673275 3.5628612870920245e-05 0.026172379469265455 1.0796218414075916e-05 1.851317140004637e-06 7.636762343555223e-10 0.014540210816258585 5.997899118931065e-06 0.20545631145047416 3.6129943937775186e-05
59852.209949591204 0.22007745631702286 3.56362517543846e-05 0.0262139078403708 1.0797416906238063e-05 1.8542546713557348e-06 7.637610103341278e-10 0.014563282133539331 5.998564947910035e-06 0.20551417418348353 3.613758736462873e-05
59852.21015221817 0.22000059092990776 3.5638405549277584e-05 0.02616679028981284 1.0795758236316572e-05 1.8509217864323207e-06 7.636436834376998e-10 0.014537105716562687 5.997643464620318e-06 0.20546348521334507 3.613955834294993e-05
59852.21035484514 0.22002996243690953 3.5631970264981516e-05 0.02621248303016655 1.0798773510804098e-05 1.8541538866504133e-06 7.638569704774636e-10 0.014562490572314752 5.999318617113388e-06 0.20546747186459477 3.613349040480549e-05
59852.210557472106 0.21994560064081137 3.563052383323694e-05 0.026193268390920454 1.0797081375921215e-05 1.852794728954527e-06 7.637372764192461e-10 0.014551815772733585 5.998378542178452e-06 0.20539378486807777 3.613190797295561e-05
59852.21076009907 0.2200281694589971 3.563366048116265e-05 0.026168874507984663 1.0795556277299386e-05 1.8510692147098887e-06 7.636293977595276e-10 0.014538263615547034 5.997531265166325e-06 0.2054899058434501 3.613486046138023e-05
59852.21096272604 0.22001714593976107 3.563089920592773e-05 0.02621978745051644 1.079856616390981e-05 1.854670568697127e-06 7.638423036849477e-10 0.014566548583620244 5.9992034243943385e-06 0.20545059735614082 3.6132415086044914e-05
59852.21116535301 0.22001259314104266 3.563345861914379e-05 0.0261903716410458 1.0800421499242756e-05 1.8525898258161039e-06 7.639735418135394e-10 0.014550206467247665 6.000234166245975e-06 0.205462386673795 3.613511011761301e-05
59852.21136797998 0.22005979633401468 3.5632436256389704e-05 0.026205288064045557 1.0800861719785875e-05 1.85364494690662e-06 7.640046810470896e-10 0.014558493368914198 6.000478733214374e-06 0.20550130296510047 3.613414256065077e-05
59852.211570606945 0.2200452963090915 3.563419893323673e-05 0.026213622824828125 1.0800725532674792e-05 1.8542345106301906e-06 7.639950477795722e-10 0.01456312379157118 6.000403073708218e-06 0.20548217251752032 3.613586820128246e-05
