WASP80b/WASP80b_WLP8/Results/506070_radii/WASP80b_WLP8_nrca3_level3_asn_phot.ecsv
# %ECSV 0.9
# ---
# datatype:
# - {name: MJD, datatype: float64}
# - {name: aperture_sum, unit: Jy, datatype: float64}
# - {name: aperture_sum_err, unit: Jy, datatype: float64}
# - {name: annulus_sum, unit: Jy, datatype: float64}
# - {name: annulus_sum_err, unit: Jy, datatype: float64}
# - {name: annulus_mean, unit: Jy, datatype: float64}
# - {name: annulus_mean_err, unit: Jy, datatype: float64}
# - {name: aperture_bkg, unit: Jy, datatype: float64}
# - {name: aperture_bkg_err, unit: Jy, datatype: float64}
# - {name: net_aperture_sum, unit: Jy, datatype: float64}
# - {name: net_aperture_sum_err, unit: Jy, datatype: float64}
# meta: !!omap
# - {instrument: NIRCAM}
# - {detector: NRCA3}
# - {channel: SHORT}
# - {subarray: SUBGRISM256}
# - {filter: F210M}
# - {pupil: WLP8}
# - {target_name: UNKNOWN}
# - {xcenter: 1055.0}
# - {ycenter: 166.0}
# - ra_icrs: !numpy.ndarray
#     buffer: !!binary |
#       aE5BSnpLcnlja0E9
#     dtype: float64
#     order: C
#     shape: !!python/tuple []
# - dec_icrs: !numpy.ndarray
#     buffer: !!binary |
#       aHllR0pMQW5BY0E9
#     dtype: float64
#     order: C
#     shape: !!python/tuple []
# - {apertures: Photometry measured in a circular aperture of r=50.0 pixels.  Background calculated as the mean in a circular annulus
#     with r_inner=60.0 pixels and r_outer=70.0 pixels.}
# - {number_of_integrations: 1227}
# - __serialized_columns__:
#     annulus_mean:
#       __class__: astropy.units.quantity.Quantity
#       unit: &id001 !astropy.units.Unit {unit: Jy}
#       value: !astropy.table.SerializedColumn {name: annulus_mean}
#     annulus_mean_err:
#       __class__: astropy.units.quantity.Quantity
#       unit: *id001
#       value: !astropy.table.SerializedColumn {name: annulus_mean_err}
#     annulus_sum:
#       __class__: astropy.units.quantity.Quantity
#       unit: *id001
#       value: !astropy.table.SerializedColumn {name: annulus_sum}
#     annulus_sum_err:
#       __class__: astropy.units.quantity.Quantity
#       unit: *id001
#       value: !astropy.table.SerializedColumn {name: annulus_sum_err}
#     aperture_bkg:
#       __class__: astropy.units.quantity.Quantity
#       unit: *id001
#       value: !astropy.table.SerializedColumn {name: aperture_bkg}
#     aperture_bkg_err:
#       __class__: astropy.units.quantity.Quantity
#       unit: *id001
#       value: !astropy.table.SerializedColumn {name: aperture_bkg_err}
#     aperture_sum:
#       __class__: astropy.units.quantity.Quantity
#       unit: *id001
#       value: !astropy.table.SerializedColumn {name: aperture_sum}
#     aperture_sum_err:
#       __class__: astropy.units.quantity.Quantity
#       unit: *id001
#       value: !astropy.table.SerializedColumn {name: aperture_sum_err}
#     net_aperture_sum:
#       __class__: astropy.units.quantity.Quantity
#       unit: *id001
#       value: !astropy.table.SerializedColumn {name: net_aperture_sum}
#     net_aperture_sum_err:
#       __class__: astropy.units.quantity.Quantity
#       unit: *id001
#       value: !astropy.table.SerializedColumn {name: net_aperture_sum_err}
# schema: astropy-2.0
MJD aperture_sum aperture_sum_err annulus_sum annulus_sum_err annulus_mean annulus_mean_err aperture_bkg aperture_bkg_err net_aperture_sum net_aperture_sum_err
[from data line 138]
59852.22595712164 0.22005072198532305 3.563702557151056e-05 0.0188337610586718 8.930978718633948e-06 4.611517183845024e-06 2.186783707260176e-09 0.036218771266676546 1.7174959074296054e-05 0.1838319507186465 3.9559787800091165e-05
59852.226159748614 0.22023226993815473 3.5646341888659206e-05 0.01891557246086583 8.933245303577605e-06 4.631549013168806e-06 2.1873386891028235e-09 0.036376100886280446 1.7179317891495397e-05 0.1838561690518743 3.957007269718156e-05
59852.22636237558 0.2202473586338941 3.564784017453183e-05 0.018930051072775206 8.936001091201396e-06 4.63509415571417e-06 2.18801345406042e-09 0.03640394437072155 1.7184617483079608e-05 0.18384341426317255 3.95737234430718e-05
59852.226565002544 0.22010045718003554 3.564390983656855e-05 0.018844113746681955 8.931536566314825e-06 4.614052078415953e-06 2.1869202983615668e-09 0.03623868028208069 1.717603185829774e-05 0.18386177689795485 3.9566455222001974e-05
59852.226767629516 0.22011224156293246 3.564060695099029e-05 0.018890435322509246 8.93324110045775e-06 4.625394090361675e-06 2.187337659953129e-09 0.036327760235594704 1.7179309808572598e-05 0.18378448132733777 3.956490299917208e-05
59852.22697025648 0.22014312664587682 3.564199559240966e-05 0.01889449415325796 8.933320872890494e-06 4.6263879103260305e-06 2.1873571925331193e-09 0.03633556567934223 1.7179463217097105e-05 0.18380756096653458 3.956622051999587e-05
59852.227172883446 0.2200156914179637 3.563516325439933e-05 0.018842871776588645 8.931887872460905e-06 4.613747977370533e-06 2.1870063169918547e-09 0.036236291878055084 1.7176707447040205e-05 0.18377939953990863 3.955886928223428e-05
59852.22737551042 0.22001456495747856 3.5635678361813384e-05 0.018775721716979363 8.928967860171789e-06 4.597306032884791e-06 2.186291341007698e-09 0.036107157148037236 1.7171092038791904e-05 0.18390740780944131 3.955689540536867e-05
59852.22757813738 0.22029608328245998 3.5649439899796904e-05 0.019002369071936104 8.938138513662545e-06 4.652801489623358e-06 2.1885368099837546e-09 0.03654301744603097 1.7188727910889512e-05 0.183753065836429 3.9576949508063695e-05
59852.227780764355 0.22006977617543783 3.563765882934879e-05 0.018844351476210663 8.93149480644007e-06 4.614110287384588e-06 2.1869100732992743e-09 0.03623913745425127 1.717595155084629e-05 0.18383063872118655 3.956078915433918e-05
59852.22798339132 0.22002609227295777 3.563506937021286e-05 0.018822384277682333 8.931084394832697e-06 4.60873153625895e-06 2.1868095824746345e-09 0.0361968928416968 1.7175162297755185e-05 0.18382919943126097 3.955811381972242e-05
59852.228186018285 0.22003623653250248 3.563727915782487e-05 0.018839554062392114 8.931543803019311e-06 4.612935622579543e-06 2.1869220702958602e-09 0.03622991165844638 1.7176045775037138e-05 0.1838063248740561 3.956048804348741e-05
59852.22838864526 0.22017307744831024 3.564518880564991e-05 0.018887303610841677 8.932874766449752e-06 4.62462727898901e-06 2.1872479616943665e-09 0.03632173771315707 1.7178605320095677e-05 0.18385133973515316 3.9568724590692194e-05
59852.22859127222 0.2200958672696347 3.5640412277953284e-05 0.018863860356163636 8.931936879268783e-06 4.618887109967206e-06 2.1870183164929607e-09 0.03627665453108392 1.7176801690901506e-05 0.18381921273855079 3.956363865560194e-05
59852.22879389919 0.22001721816377345 3.563584243016353e-05 0.01884087187356997 8.931084072915118e-06 4.6132582935995695e-06 2.1868095036519053e-09 0.03623244591071148 1.717516167868292e-05 0.18378477225306197 3.9558809946664746e-05
59852.22899652616 0.22007058638410262 3.563859371328261e-05 0.01884092522236424 8.931255735528887e-06 4.6132713562523635e-06 2.1868515358880984e-09 0.036232548504546616 1.7175491799094014e-05 0.183838037879556 3.9561431728404027e-05
59852.229199153124 0.22005704013250404 3.563862456509333e-05 0.018852014975375607 8.931706675247985e-06 4.615986723959175e-06 2.186961950173223e-09 0.0362538749526454 1.7176358990861512e-05 0.18380316517985865 3.956183601748815e-05
59852.229401780096 0.22004651472618914 3.563747347346726e-05 0.018850557910601116 8.932540186446269e-06 4.615629956172613e-06 2.1871660385229604e-09 0.03625107290500215 1.717796189701206e-05 0.18379544182118698 3.9561495048939704e-05
59852.22960440706 0.21997222191531648 3.5633682774150256e-05 0.01882398749437412 8.93172360564849e-06 4.6091240898917886e-06 2.1869660956454213e-09 0.036199975950719464 1.7176391549324023e-05 0.18377224596459701 3.955739848251478e-05
59852.229807034026 0.22015973064964012 3.56415023966338e-05 0.018897293001097742 8.933905988954622e-06 4.627073218739359e-06 2.1875004604006397e-09 0.036340948079034124 1.7180588440297348e-05 0.183818782570606 3.9566264825532015e-05
59852.230009661 0.2200698565258869 3.563820974181535e-05 0.018810636118086668 8.930554714403264e-06 4.605854955225284e-06 2.1866798882306295e-09 0.03617430022708974 1.717414368154474e-05 0.18389555629879717 3.9560500563010645e-05
59852.23021228796 0.22019304077228885 3.564503223063768e-05 0.018918291915985576 8.934992999465601e-06 4.632214881976228e-06 2.1877666190098938e-09 0.03638133060766457 1.7182678845126155e-05 0.18381171016462428 3.957035222256614e-05
59852.23041491493 0.22010985789053478 3.563982212116224e-05 0.01892906093715317 8.937860349180447e-06 4.634851717285588e-06 2.188468700364803e-09 0.0364020402637561 1.718819297919317e-05 0.18370781762677868 3.956805401732654e-05
59852.2306175419 0.22006445802728164 3.563879014618434e-05 0.01880630960632538 8.929849914266902e-06 4.604795592558893e-06 2.1865073152681776e-09 0.036165980012164194 1.7172788296667123e-05 0.18389847801511744 3.956043504520537e-05
59852.230820168865 0.22003496044700777 3.5636409539630814e-05 0.018833425223931555 8.931558831961805e-06 4.6114349534466045e-06 2.1869257501889176e-09 0.036218125430637606 1.7176074676849627e-05 0.18381683501637017 3.955971721563496e-05
59852.23102279584 0.22008871120915754 3.563933621987559e-05 0.018890223865163595 8.93400374917914e-06 4.6253423142358084e-06 2.187524397359055e-09 0.03632735358685307 1.718077644072912e-05 0.18376135762230447 3.956439517166475e-05
59852.2312254228 0.22022998826882276 3.564918455038837e-05 0.01893023077517676 8.935223296545664e-06 4.63513815652262e-06 2.1878230081155427e-09 0.036404289952263 1.718312172412628e-05 0.18382569831655976 3.95742849751425e-05
59852.23142804977 0.22004532399458696 3.563752186675991e-05 0.018786507243066203 8.928167474565808e-06 4.599946909485664e-06 2.186095363583742e-09 0.036127898544358085 1.716955283570348e-05 0.18391742545022888 3.955788808040444e-05
59852.23163067674 0.2201974758647694 3.567014781840699e-05 0.018820554566991485 8.930749725392096e-06 4.60828352471914e-06 2.186727637404214e-09 0.03619337416729132 1.717451870267711e-05 0.18400410169747808 3.9589437203067325e-05
59852.231833303704 0.22020542738795906 3.564658169615252e-05 0.01887719997608587 8.932175510337653e-06 4.622153366043499e-06 2.187076746207093e-09 0.036302307646318976 1.7177260596803178e-05 0.1839031197416401 3.956939560103191e-05
59852.23203593067 0.22022501825093405 3.568159267318192e-05 0.018856037342895406 8.932452220159374e-06 4.61697161576488e-06 2.187144499646984e-09 0.036261610274798864 1.717779273107572e-05 0.1839634079761352 3.9601169412110394e-05
59852.23223855764 0.22025596421840712 3.5647310091940596e-05 0.01898928231967728 8.937102030999361e-06 4.64959714914488e-06 2.188283023307947e-09 0.036517850614764 1.7186734674998772e-05 0.18373811360364312 3.9574165380709863e-05
59852.232441184606 0.2201471347153799 3.5654770732275556e-05 0.018875094578238612 8.93149533028669e-06 4.621637851467244e-06 2.186910201565088e-09 0.036298258804305025 1.7175952558243635e-05 0.18384887591107485 3.957620525333587e-05
59852.23264381157 0.22031392287114393 3.5650828181465775e-05 0.018969904616052205 8.936484294274243e-06 4.644852445579187e-06 2.188131768148975e-09 0.0364805858001004 1.7185546719758162e-05 0.18383333707104355 3.957681854421076e-05
59852.23284643854 0.22003413360418758 3.5638397552510334e-05 0.018786196555961483 8.928728214546156e-06 4.599870836580324e-06 2.186232662875529e-09 0.0361273010691567 1.717063118181953e-05 0.18390683253503087 3.955914502732393e-05
59852.23304906551 0.21986221442234327 3.562492751359861e-05 0.01881474363091241 8.929875658380987e-06 4.606860695179177e-06 2.1865136188112733e-09 0.036182199290216176 1.7172837804578823e-05 0.1836800151321271 3.954796857755815e-05
59852.23325169248 0.22011061862760273 3.5638624509414824e-05 0.018905960816893372 8.933835136691099e-06 4.629195566015797e-06 2.1874831119576106e-09 0.03635761695556418 1.718045218594442e-05 0.18375300167203856 3.956361326062858e-05
59852.233454319445 0.22036442900555472 3.565519471357955e-05 0.01896711388689307 8.935860526810232e-06 4.64416912505533e-06 2.1879790363409173e-09 0.036475219013255906 1.7184347166942753e-05 0.18388920999229882 3.958023114658737e-05
59852.23365694641 0.22035453860380813 3.5661413574099287e-05 0.01894915441005241 8.934501279196574e-06 4.639771679648353e-06 2.1876462194538417e-09 0.036440681557793106 1.7181733229224184e-05 0.18391385704601504 3.9584698746651833e-05
59852.23385957338 0.220063243065002 3.563740911796577e-05 0.018858453602294035 8.931936002188095e-06 4.617563245960394e-06 2.1870181017364576e-09 0.036266256927488534 1.7176800004207875e-05 0.18379698613751347 3.956093258539067e-05
59852.23406220035 0.2200343798310249 3.563660823389486e-05 0.018761456699049536 8.927436991655131e-06 4.593813189628135e-06 2.1859165020974674e-09 0.03607972442124911 1.7168148060875252e-05 0.1839546554097758 3.955645527921123e-05
59852.23426482731 0.2201893234404776 3.564401971396173e-05 0.018932533078072102 8.93508570197584e-06 4.6357018840399876e-06 2.187789317567958e-09 0.03640871745783097 1.7182857119184312e-05 0.18378060598264662 3.956951756273502e-05
59852.234467454284 0.21997780377649753 3.563257337718449e-05 0.01879008487170018 8.92890238186497e-06 4.600822905303578e-06 2.1862753083981664e-09 0.03613477859942342 1.71709661189711e-05 0.18384302517707413 3.9554043572551343e-05
59852.23467008125 0.22007713499434567 3.5639110251373815e-05 0.01884790555815742 8.932367716894767e-06 4.6149805177076344e-06 2.1871238087050306e-09 0.03624597222722581 1.717763022479763e-05 0.18383116276711986 3.9562825476063506e-05
59852.23487270822 0.22004116473709123 3.56369370485996e-05 0.018809809766653883 8.930081110719436e-06 4.60565261997104e-06 2.186563924588556e-09 0.036172711089719006 1.7173232905229685e-05 0.18386845364737223 3.955895866454417e-05
59852.235075335186 0.22021877354997982 3.56450384774257e-05 0.018924135408508742 8.934167362215291e-06 4.633645683083893e-06 2.187564458625913e-09 0.036392568093286046 1.7181091081183255e-05 0.18382620545669376 3.956966841909436e-05
59852.23527796215 0.2201351848307816 3.564192344748787e-05 0.01886406755425061 8.932435307827379e-06 4.618937843197577e-06 2.187140358598928e-09 0.03627705298894348 1.7177760207360344e-05 0.1838581318418381 3.9565416120371564e-05
59852.23548058912 0.22028218999980576 3.564990337856866e-05 0.01897170471090845 8.938544124975455e-06 4.64529320557058e-06 2.1886361254382527e-09 0.03648404752097779 1.718950793264511e-05 0.18379814247882797 3.957770576811837e-05
59852.23568321609 0.22001332879796856 3.563551930489542e-05 0.018813975263889796 8.93056861719948e-06 4.606672557625704e-06 2.186683292382538e-09 0.036180721661326534 1.7174170417691306e-05 0.183832607136642 3.955808849863043e-05
59852.23588584305 0.22005765475868663 3.563801466587853e-05 0.018878824698957113 8.933138194803129e-06 4.622551185545212e-06 2.1873124631168134e-09 0.03630543211337907 1.717911191308294e-05 0.18375222264530755 3.9562481917185145e-05
59852.236088470025 0.2201025518479277 3.5640247809183734e-05 0.018891506349380378 8.93330794203802e-06 4.625656335316636e-06 2.187354026365289e-09 0.036329819902654575 1.7179438350073114e-05 0.18377273194527313 3.956463529370628e-05
59852.23629109699 0.2201224067596271 3.564098584852535e-05 0.01887904210716234 8.932888743380195e-06 4.6226044187614125e-06 2.187251383998319e-09 0.03630585020608142 1.7178632198808068e-05 0.18381655655354567 3.956495010077366e-05
59852.23649372396 0.22011154241875147 3.563974800302462e-05 0.018875643295777844 8.931858709489232e-06 4.621772207019136e-06 2.1869991763286284e-09 0.036299314030342006 1.717665136440237e-05 0.18381222838840947 3.95629749868905e-05
59852.23669635093 0.22000838793779998 3.5634800921167134e-05 0.018811415994686036 8.930246990961225e-06 4.606045910941887e-06 2.186604540989236e-09 0.03617579998978084 1.717355190569466e-05 0.18383258794801913 3.955717282300143e-05
59852.23689897789 0.22016405463336206 3.564428738036136e-05 0.018881083728104008 8.93200741018953e-06 4.623104317322622e-06 2.1870355862540033e-09 0.036309776400200014 1.7176937327287557e-05 0.18385427823316203 3.9567188411603785e-05
59852.237101604864 0.22022731047093683 3.564670266908415e-05 0.018921798342351658 8.933821159042579e-06 4.633073443651228e-06 2.187479689477834e-09 0.036388073735291654 1.7180425305851113e-05 0.18383923673564517 3.957087849502485e-05
59852.23730423183 0.22022993013012074 3.564693172748212e-05 0.018902491220249527 8.933560682204077e-06 4.628346022236716e-06 2.187415910744898e-09 0.03635094465432602 1.7179924388853995e-05 0.18387898547579473 3.9570867359593114e-05
59852.23750685879 0.22020320646390956 3.564346694531429e-05 0.018923103706883573 8.933978547894791e-06 4.633393067063214e-06 2.1875182267298606e-09 0.03639058405169918 1.7180727976720756e-05 0.18381262241221039 3.956809509809371e-05
59852.237709485766 0.22007386020684616 3.563770334544182e-05 0.018869993076132383 8.931715046737654e-06 4.6203887295020135e-06 2.1869639999639334e-09 0.03628844822333151 1.7176375089880105e-05 0.18378541198351467 3.956101314382594e-05
59852.23791211273 0.22002038251436223 3.563565609099254e-05 0.018836424888260782 8.931197386687297e-06 4.612169432532163e-06 2.186837248954925e-09 0.036223894015886125 1.7175379589783265e-05 0.1837964884984761 3.9558736697329425e-05
59852.238114739695 0.22005102011902875 3.563820237662335e-05 0.01888146346119303 8.932447908867926e-06 4.623197296396735e-06 2.1871434440110683e-09 0.03631050665614045 1.7177784440130628e-05 0.1837405134628883 3.956207460319487e-05
59852.23831736667 0.21995762558226845 3.5632228800503236e-05 0.018835131694694654 8.931096456209629e-06 4.611852789226895e-06 2.1868125357481105e-09 0.03622140710518203 1.7175185492710826e-05 0.18373621847708643 3.955556504463609e-05
59852.23851999363 0.21998161089100624 3.5633613513137024e-05 0.018771604253853005 8.928089636185476e-06 4.596297856562394e-06 2.186076304563754e-09 0.036099238949717324 1.7169403146510534e-05 0.18388237194128892 3.9554302122664574e-05
59852.238722620605 0.22003104060828438 3.563487917347103e-05 0.01887293301587126 8.931798381396814e-06 4.621108584797144e-06 2.1869844047684505e-09 0.036294101953598584 1.7176535348840026e-05 0.1837369386546858 3.955853865220289e-05
59852.23892524757 0.22016865218752654 3.5643176166295247e-05 0.018895055952958602 8.933338149526047e-06 4.626525469094315e-06 2.1873614227822703e-09 0.03633664606338193 1.7179496441396244e-05 0.1838320061241446 3.956729843193118e-05
59852.239127874534 0.22030388873436296 3.5650910553541013e-05 0.01896807365572787 8.936513992367305e-06 4.644404128061921e-06 2.1881390398386846e-09 0.036477064722553604 1.718560383147559e-05 0.18382682401180936 3.9576917544814055e-05
59852.23933050151 0.21989315246557434 3.5628702789672735e-05 0.018818977131236547 8.930361176067314e-06 4.607897283645589e-06 2.1866324996416384e-09 0.03619034063699336 1.7173771492437145e-05 0.18370281182858098 3.9551774798980645e-05
59852.23953312847 0.22002699756514177 3.563575770672289e-05 0.0188481095124599 8.931585096657825e-06 4.6150304566851796e-06 2.1869321811984567e-09 0.03624636444703827 1.7176125185880436e-05 0.1837806331181035 3.955915195922805e-05
