WASP80b/WASP80b_WLP8/Results/506070_radii/WASP80b_WLP8_nrca3_level3_asn_phot.ecsv
# %ECSV 0.9
# ---
# datatype:
# - {name: MJD, datatype: float64}
# - {name: aperture_sum, unit: Jy, datatype: float64}
# - {name: aperture_sum_err, unit: Jy, datatype: float64}
# - {name: annulus_sum, unit: Jy, datatype: float64}
# - {name: annulus_sum_err, unit: Jy, datatype: float64}
# - {name: annulus_mean, unit: Jy, datatype: float64}
# - {name: annulus_mean_err, unit: Jy, datatype: float64}
# - {name: aperture_bkg, unit: Jy, datatype: float64}
# - {name: aperture_bkg_err, unit: Jy, datatype: float64}
# - {name: net_aperture_sum, unit: Jy, datatype: float64}
# - {name: net_aperture_sum_err, unit: Jy, datatype: float64}
# meta: !!omap
# - {instrument: NIRCAM}
# - {detector: NRCA3}
# - {channel: SHORT}
# - {subarray: SUBGRISM256}
# - {filter: F210M}
# - {pupil: WLP8}
# - {target_name: UNKNOWN}
# - {xcenter: 1055.0}
# - {ycenter: 166.0}
# - ra_icrs: !numpy.ndarray
#     buffer: !!binary |
#       aE5BSnpLcnlja0E9
#     dtype: float64
#     order: C
#     shape: !!python/tuple []
# - dec_icrs: !numpy.ndarray
#     buffer: !!binary |
#       aHllR0pMQW5BY0E9
#     dtype: float64
#     order: C
#     shape: !!python/tuple []
# - {apertures: Photometry measured in a circular aperture of r=50.0 pixels.  Background calculated as the mean in a circular annulus
#     with r_inner=60.0 pixels and r_outer=70.0 pixels.}
# - {number_of_integrations: 1227}
# - __serialized_columns__:
#     annulus_mean:
#       __class__: astropy.units.quantity.Quantity
#       unit: &id001 !astropy.units.Unit {unit: Jy}
#       value: !astropy.table.SerializedColumn {name: annulus_mean}
#     annulus_mean_err:
#       __class__: astropy.units.quantity.Quantity
#       unit: *id001
#       value: !astropy.table.SerializedColumn {name: annulus_mean_err}
#     annulus_sum:
#       __class__: astropy.units.quantity.Quantity
#       unit: *id001
#       value: !astropy.table.SerializedColumn {name: annulus_sum}
#     annulus_sum_err:
#       __class__: astropy.units.quantity.Quantity
#       unit: *id001
#       value: !astropy.table.SerializedColumn {name: annulus_sum_err}
#     aperture_bkg:
#       __class__: astropy.units.quantity.Quantity
#       unit: *id001
#       value: !astropy.table.SerializedColumn {name: aperture_bkg}
#     aperture_bkg_err:
#       __class__: astropy.units.quantity.Quantity
#       unit: *id001
#       value: !astropy.table.SerializedColumn {name: aperture_bkg_err}
#     aperture_sum:
#       __class__: astropy.units.quantity.Quantity
#       unit: *id001
#       value: !astropy.table.SerializedColumn {name: aperture_sum}
#     aperture_sum_err:
#       __class__: astropy.units.quantity.Quantity
#       unit: *id001
#       value: !astropy.table.SerializedColumn {name: aperture_sum_err}
#     net_aperture_sum:
#       __class__: astropy.units.quantity.Quantity
#       unit: *id001
#       value: !astropy.table.SerializedColumn {name: net_aperture_sum}
#     net_aperture_sum_err:
#       __class__: astropy.units.quantity.Quantity
#       unit: *id001
#       value: !astropy.table.SerializedColumn {name: net_aperture_sum_err}
# schema: astropy-2.0
MJD aperture_sum aperture_sum_err annulus_sum annulus_sum_err annulus_mean annulus_mean_err aperture_bkg aperture_bkg_err net_aperture_sum net_aperture_sum_err
[from data line 345]
59852.267900903935 0.2200935425676807 3.564038523862129e-05 0.018880916648408942 8.932583728564209e-06 4.6230634072313e-06 2.1871766999741953e-09 0.03630945509309413 1.717804563185425e-05 0.18378408747458658 3.9564154378520475e-05
59852.2681035309 0.22008427688425025 3.564056374428975e-05 0.01885371410874641 8.932763227710302e-06 4.616402763151383e-06 2.1872206510147823e-09 0.036257142516820016 1.717839082251981e-05 0.18382713436743023 3.956446505719513e-05
59852.26830615787 0.22013796177708536 3.564305070552739e-05 0.01889513749054115 8.934477676309805e-06 4.626545433877869e-06 2.187640440198302e-09 0.03633680286642529 1.718168783905732e-05 0.18380115891066007 3.956813693612079e-05
59852.26850878484 0.22008562565751766 3.563861123367072e-05 0.018827411076905522 8.932645927787498e-06 4.60996236694249e-06 2.1871919296878e-09 0.036206559763279855 1.717816524574519e-05 0.1838790658942378 3.956260825419437e-05
59852.26871141181 0.22004105952270958 3.563783584264721e-05 0.018832872735715336 8.93206151824059e-06 4.6112996746302794e-06 2.187048834813676e-09 0.036217062953298726 1.7177041381231905e-05 0.18382399656941084 3.9561421791437467e-05
59852.268914038774 0.22006023015111242 3.5638935340728535e-05 0.018832899801941368 8.93148542539511e-06 4.611306301897454e-06 2.186907776315156e-09 0.0362171150037334 1.7175933510375213e-05 0.18384311514737903 3.9561931249288874e-05
59852.26911666574 0.22028029685973322 3.565025652647986e-05 0.018944962293714947 8.935519315116382e-06 4.638745224206624e-06 2.1878954893751993e-09 0.03643261979560567 1.718369099060843e-05 0.18384767706412755 3.957549780438064e-05
59852.26931929271 0.21987614776863806 3.56286804567738e-05 0.01882377985365783 8.931697044466499e-06 4.609073248281966e-06 2.186959592040178e-09 0.036199576641649675 1.7176340470127883e-05 0.18367657112698837 3.95528702250121e-05
59852.269521919676 0.22020763659464876 3.5644700041366536e-05 0.01891586599192467 8.933760741654613e-06 4.6316208853518305e-06 2.187464896053306e-09 0.03637666536908591 1.7180309118566568e-05 0.18383097122556286 3.956902402698981e-05
59852.26972454664 0.2201050888774992 3.564162742937801e-05 0.018888066868722013 8.936048727675846e-06 4.624814165549794e-06 2.1880251180302353e-09 0.0363232055167731 1.718470909168432e-05 0.1837818833607261 3.956816690700251e-05
59852.26992717361 0.220063334112166 3.563935906965045e-05 0.01887377321144162 8.933248765851604e-06 4.621314309840508e-06 2.1873395368536254e-09 0.03629571771431081 1.7179324549714627e-05 0.1837676163978552 3.956378529513959e-05
59852.27012980058 0.22016051634136358 3.5643148123755534e-05 0.01892837922110737 8.9353215601278e-06 4.634684796549474e-06 2.1878470683229625e-09 0.03640072927136033 1.7183310692553463e-05 0.18375978707000323 3.956892940842347e-05
59852.27033242755 0.22003028664537905 3.563840602603387e-05 0.018844116005094606 8.932527052602667e-06 4.614052631396779e-06 2.1871628226519897e-09 0.03623868462518194 1.7177936639620517e-05 0.18379160202019712 3.956232413889842e-05
59852.270535054515 0.22006179396133818 3.5637850218863606e-05 0.018861501103917273 8.932671033186575e-06 4.618309438187193e-06 2.187198076839125e-09 0.03627211750753322 1.71782135253588e-05 0.18378967645380495 3.956194368512468e-05
59852.27073768148 0.2203058571492152 3.5652517421268134e-05 0.018932685089685094 8.934862796309086e-06 4.635739104654779e-06 2.1877347382776394e-09 0.03640900978785595 1.7182428454440552e-05 0.18389684736135925 3.9576986318639726e-05
59852.27094030845 0.22048274743761506 3.570468429632163e-05 0.01890371351819483 8.93490855304326e-06 4.628645306482755e-06 2.187745941985983e-09 0.03635329522729775 1.7182516448160115e-05 0.18412945221031732 3.962402493678916e-05
59852.27114293542 0.219999909718271 3.5635475625479655e-05 0.018808991491055492 8.930689759759383e-06 4.605452262115201e-06 2.186712954593657e-09 0.03617113748279902 1.7174403384152658e-05 0.18382877223547198 3.9558150293659445e-05
59852.27134556238 0.21999445435348042 3.563451576751432e-05 0.018881772583135024 8.945110305440571e-06 4.623272986066099e-06 2.190243879404801e-09 0.03631110112141351 1.7202135202770328e-05 0.18368335323206691 3.956933370072861e-05
59852.271548189354 0.22010123237142437 3.564133698778825e-05 0.01884875470224106 8.932380184496881e-06 4.615188433828109e-06 2.1871268614442687e-09 0.036247605196617426 1.717765420095554e-05 0.18385362717480694 3.95648417932473e-05
59852.27175081632 0.2200821603263522 3.563957980546368e-05 0.018828915525261468 8.932164732116904e-06 4.6103307367770674e-06 2.1870741071192317e-09 0.036209452933195135 1.717723986945559e-05 0.18387270739315706 3.956307897829527e-05
59852.27195344328 0.22003273383649624 3.563737514489584e-05 0.018803698135194058 8.930402534632682e-06 4.604156164036906e-06 2.1866426264418195e-09 0.03616095795229626 1.7173851028139777e-05 0.18387177588419998 3.9559621665971195e-05
59852.272156070256 0.2200751168619542 3.563804200968118e-05 0.018903416989566928 8.934760573905468e-06 4.62857270033368e-06 2.1877097087379e-09 0.0363527249799364 1.718223187289513e-05 0.18372239188201778 3.9563861419453666e-05
59852.27235869722 0.22016753151126045 3.5644097156239325e-05 0.018910393801082677 8.935037758375667e-06 4.630280998856375e-06 2.1877775783972545e-09 0.036366141925158996 1.7182764919953206e-05 0.18380138958610145 3.956954728547956e-05
59852.27256132419 0.21992038032962824 3.563131195401035e-05 0.018815637776125063 8.930862504413176e-06 4.607079629995232e-06 2.186755251771417e-09 0.036183918800240515 1.7174735585409955e-05 0.18373646152938772 3.955454378440924e-05
59852.27276395116 0.2199893720537735 3.563350327210942e-05 0.018842784034760855 8.932225920398844e-06 4.613726493454213e-06 2.187089089300047e-09 0.03623612314377088 1.7177357539228545e-05 0.1837532489100026 3.9557656243436926e-05
59852.27296657812 0.22015600351642603 3.5644771918777744e-05 0.01884010075398542 8.932611475680103e-06 4.613069482070961e-06 2.1871834939598124e-09 0.03623096298843351 1.7178098991692506e-05 0.18392504052799252 3.956812922176222e-05
59852.273169205095 0.22035856683109883 3.565448163752468e-05 0.018953693685155565 8.934876139882781e-06 4.640883138218692e-06 2.187738005501812e-09 0.03644941093299147 1.7182454115159196e-05 0.18390915589810736 3.957876691181946e-05
59852.27337183206 0.22054283779560366 3.568884308255791e-05 0.018958206064089544 8.93640807690911e-06 4.641988011160918e-06 2.188113106040651e-09 0.036458088584787586 1.7185400147902134e-05 0.18408474921081608 3.961100224451479e-05
59852.273574459025 0.2202422737947854 3.5647064586889215e-05 0.01893354406171775 8.935662937326486e-06 4.63594942718551e-06 2.187930655813162e-09 0.03641066165714952 1.718396718716632e-05 0.18383161213763588 3.9572742411304525e-05
59852.273777086 0.22006358820066757 3.563790920909913e-05 0.01886450248678978 8.933679607697362e-06 4.619044338064532e-06 2.1874450300989224e-09 0.03627788939767266 1.7180153091725696e-05 0.18378569880299492 3.956283904184739e-05
59852.27397971296 0.22004698519940535 3.5638577495621256e-05 0.01898061040864231 8.984579898866523e-06 4.647473799133698e-06 2.1999081577056745e-09 0.03650117386277368 1.727803826705101e-05 0.18354581133663167 3.9606045148046285e-05
59852.274182339934 0.22018550029423173 3.56469872049849e-05 0.01891319119488999 8.93461437905082e-06 4.6309659512443885e-06 2.187673912378251e-09 0.0363715215286346 1.7181950728943885e-05 0.18381397876559713 3.9571797124267836e-05
59852.2743849669 0.2203091572652638 3.565181855543094e-05 0.018959765884729814 8.936608468971655e-06 4.642369939107434e-06 2.1881621727903598e-09 0.036461088239865026 1.7185785517253185e-05 0.18384806902539877 3.9577814368082515e-05
59852.27458759386 0.22029794044721307 3.5651001902860744e-05 0.01895436784177817 8.936264441515439e-06 4.641048208001625e-06 2.1880779363746424e-09 0.03645070738803495 1.718512392599123e-05 0.1838472330591781 3.9576791444348496e-05
59852.274790220836 0.2200510252825384 3.563811964550184e-05 0.01888718683785951 8.937885249590357e-06 4.6245986866854236e-06 2.1884747973237604e-09 0.03632151314972983 1.718824086459684e-05 0.18372951213280855 3.9566541368768906e-05
59852.2749928478 0.22032572549215906 3.565363589400247e-05 0.018957867169755317 8.93577740664307e-06 4.641905031609414e-06 2.187958684055572e-09 0.036457436864914074 1.7184187320467443e-05 0.183868288627245 3.9578757513684226e-05
59852.275195474765 0.22039527272327875 3.565754768287174e-05 0.018982792541921614 8.936782308484063e-06 4.648008102668907e-06 2.1882047380483666e-09 0.03650537027292618 1.7186119824007817e-05 0.18388990245035258 3.958312040960675e-05
59852.27539810174 0.22018871023326736 3.564567854247629e-05 0.018885348125736362 8.933849199835884e-06 4.624148471111082e-06 2.187486555371469e-09 0.03631797716487763 1.7180479230453625e-05 0.18387073306838975 3.9569979344720446e-05
59852.2756007287 0.22038825800721784 3.579933996735948e-05 0.018844064111249635 8.932242515504793e-06 4.61403992499379e-06 2.187093152674113e-09 0.03623858482932622 1.7177389452893835e-05 0.1841496731778916 3.970712090437898e-05
59852.275803355675 0.22005686560720886 3.563761632387014e-05 0.018843283411393935 8.931405400172287e-06 4.613848767699781e-06 2.186888181838565e-09 0.03623708348344988 1.717577961571594e-05 0.183819782123759 3.956067621584619e-05
59852.27600598264 0.22007664887521416 3.5640110829731214e-05 0.01883600905110476 8.931614365377844e-06 4.6120676132415446e-06 2.186939347754563e-09 0.03622309432904762 1.717618147188047e-05 0.18385355454616653 3.9563097830054896e-05
59852.276208609605 0.22000487200258034 3.563440177579536e-05 0.018782330023565153 8.929950652446519e-06 4.598924101590322e-06 2.1865319813900915e-09 0.036119865429932986 1.7172982023935613e-05 0.18388500657264736 3.955656584580141e-05
59852.27641123658 0.22032221951332798 3.565285602085571e-05 0.018982323542574855 8.937469373266414e-06 4.647893266416072e-06 2.188372968442729e-09 0.0365044683511055 1.7187441102435414e-05 0.1838177511622225 3.957946783489583e-05
59852.27661386354 0.22007123190586808 3.5640203179125384e-05 0.01886982482322099 8.932301201765537e-06 4.620347532144263e-06 2.1871075222256345e-09 0.03628812466004037 1.7177502311087573e-05 0.18378310724582772 3.956375447675256e-05
59852.27681649051 0.22026817873532212 3.564922934156547e-05 0.01895287993452235 8.935776399541309e-06 4.640683888317584e-06 2.187958437462921e-09 0.0364478460279276 1.7184185383733287e-05 0.1838203327073945 3.957478717504423e-05
59852.27701911748 0.22003205120556366 3.563674142125808e-05 0.018812009289390863 8.930609847292963e-06 4.606191181380322e-06 2.186693387725895e-09 0.03617694094113628 1.7174249706332623e-05 0.18385511026442738 3.9559223856151144e-05
59852.27722174444 0.2199769344036148 3.563379269762629e-05 0.018777020102968986 8.928249595583722e-06 4.5976239475744675e-06 2.186115471223638e-09 0.03610965404417113 1.7169710760737925e-05 0.18386728035944366 3.955459707322026e-05
59852.27742437141 0.22000039133884458 3.563654971730911e-05 0.018865412622579278 8.933025422548682e-06 4.6192671882334295e-06 2.1872848504064458e-09 0.036279639658806304 1.717889504336285e-05 0.18372075168003826 3.9561068118354954e-05
59852.27762699838 0.2201016603138897 3.564221139567485e-05 0.018816754447948565 8.93058562138663e-06 4.607353051288342e-06 2.186687455921674e-09 0.03618606624605493 1.7174203118051213e-05 0.18391559406783475 3.956413130493394e-05
59852.277829625345 0.2200822847208198 3.56394128654654e-05 0.018861357686677606 8.931590275156426e-06 4.618274321937011e-06 2.1869334491733027e-09 0.036271841705149244 1.717613514453159e-05 0.18381044301567057 3.9562448962347034e-05
59852.27803225232 0.21998446130640198 3.563525015607463e-05 0.018786455507091578 8.929537662487412e-06 4.599934241737821e-06 2.1864308592463388e-09 0.03612779905209919 1.717218781247579e-05 0.1838566622543028 3.955698532437677e-05
59852.27823487928 0.2201731846554078 3.564469239493665e-05 0.01891734459199522 8.934858554485582e-06 4.631982926136575e-06 2.187733699651211e-09 0.03637950883076004 1.7182420297087656e-05 0.18379367582464776 3.9569933828544934e-05
59852.27843750625 0.22013197431890347 3.5643761340199195e-05 0.018871408386802027 8.933510813128034e-06 4.620735273639067e-06 2.1874037001141907e-09 0.036291169974619286 1.7179828486784682e-05 0.18384080434428418 3.956796973958125e-05
59852.27864013322 0.22014821284274436 3.5643100762189246e-05 0.01887384135903577 8.932759010490477e-06 4.621330996035075e-06 2.1872196184126576e-09 0.03629584876737649 1.7178382712481688e-05 0.18385236407536787 3.9566746954482696e-05
59852.278842760184 0.22012380496469688 3.564167958050699e-05 0.018881985418604218 8.932370714136962e-06 4.623325099630696e-06 2.1871245425910475e-09 0.03631151042039273 1.717763598872493e-05 0.18381229454430414 3.9565142505501816e-05
59852.27904538715 0.2200269422194399 3.5636727268404274e-05 0.018810176398049633 8.930709031663811e-06 4.6057423910463115e-06 2.186717673391892e-09 0.03617341615009545 1.717444044550733e-05 0.18385352606934446 3.955929391456459e-05
59852.27924801412 0.2200524862650004 3.563819530729292e-05 0.018904583746277702 8.945481215291293e-06 4.628858385099688e-06 2.1903346980758535e-09 0.036354968742841734 1.7202848490944798e-05 0.18369751752215868 3.957295744524481e-05
59852.27945064109 0.2200441973204751 3.56369669128416e-05 0.018847620420343523 8.931874997327689e-06 4.614910700642181e-06 2.187003164467094e-09 0.036245423885276004 1.7176682687168633e-05 0.18379877343519907 3.9560483299406816e-05
59852.27965326806 0.22021525451664203 3.564986076661688e-05 0.018889957336219135 8.933782780088084e-06 4.625277053621981e-06 2.187470292246575e-09 0.036326841031190646 1.7180351500169393e-05 0.18388841348545137 3.957369139148561e-05
59852.27985589502 0.22019429701009968 3.566113807155691e-05 0.018863181275672943 8.932319542680986e-06 4.618720834556666e-06 2.187112013067719e-09 0.03627534860706335 1.7177537582078823e-05 0.18391894840303633 3.958262959863046e-05
59852.28005852199 0.22007947297278585 3.563956806894706e-05 0.018875994256557508 8.933307277380224e-06 4.621858141085159e-06 2.1873538636213294e-09 0.03629998895491829 1.717943707188505e-05 0.18377948401786756 3.9564022422498567e-05
59852.28026114896 0.2201954283867662 3.564578429554231e-05 0.018933892442762338 8.936525692928762e-06 4.6360347295937034e-06 2.188141904765135e-09 0.036411331620696805 1.718562633255531e-05 0.18378409676606938 3.9572309643064166e-05
59852.280463775925 0.22024117071117538 3.565979063470524e-05 0.018925805472070338 8.935190282789969e-06 4.6340546044240555e-06 2.187814924573375e-09 0.03639577975398142 1.7183058236134558e-05 0.18384539095719396 3.958381182323657e-05
59852.28066640289 0.22036525176517385 3.566374094033339e-05 0.01896554209801702 8.93689236960695e-06 4.6437842666412994e-06 2.1882316869279814e-09 0.03647219634234043 1.7186331480013368e-05 0.1838930554228334 3.9588791438993316e-05
59852.28086902986 0.2201275605289717 3.564300393245556e-05 0.01885037595864287 8.932187972757148e-06 4.615585404551751e-06 2.1870797976773478e-09 0.036250722997390135 1.7177284562994518e-05 0.18387683753158157 3.956618296332276e-05
59852.28107165683 0.21999818190599235 3.563501477540794e-05 0.018791917058554364 8.930491741463042e-06 4.601271523141288e-06 2.186664469069526e-09 0.03613830203568147 1.717402257973662e-05 0.18385987987031088 3.9557569814295284e-05
59852.2812742838 0.21998175131236364 3.563446391543873e-05 0.018883102579387433 8.936726971040991e-06 4.62359864064743e-06 2.188191188467439e-09 0.0363136588065143 1.718601340584806e-05 0.18366809250584934 3.95622809671876e-05
59852.281476910764 0.220179051884918 3.564579155878822e-05 0.018918167346574106 8.93458220399138e-06 4.632184380687622e-06 2.187666034194014e-09 0.03638109105110405 1.7181888853829576e-05 0.18379796083381394 3.9570693201382386e-05
