WASP80b/WASP80b_WLP8/Results/506070_radii/WASP80b_WLP8_nrca3_level3_asn_phot.ecsv
# %ECSV 0.9
# ---
# datatype:
# - {name: MJD, datatype: float64}
# - {name: aperture_sum, unit: Jy, datatype: float64}
# - {name: aperture_sum_err, unit: Jy, datatype: float64}
# - {name: annulus_sum, unit: Jy, datatype: float64}
# - {name: annulus_sum_err, unit: Jy, datatype: float64}
# - {name: annulus_mean, unit: Jy, datatype: float64}
# - {name: annulus_mean_err, unit: Jy, datatype: float64}
# - {name: aperture_bkg, unit: Jy, datatype: float64}
# - {name: aperture_bkg_err, unit: Jy, datatype: float64}
# - {name: net_aperture_sum, unit: Jy, datatype: float64}
# - {name: net_aperture_sum_err, unit: Jy, datatype: float64}
# meta: !!omap
# - {instrument: NIRCAM}
# - {detector: NRCA3}
# - {channel: SHORT}
# - {subarray: SUBGRISM256}
# - {filter: F210M}
# - {pupil: WLP8}
# - {target_name: UNKNOWN}
# - {xcenter: 1055.0}
# - {ycenter: 166.0}
# - ra_icrs: !numpy.ndarray
#     buffer: !!binary |
#       aE5BSnpLcnlja0E9
#     dtype: float64
#     order: C
#     shape: !!python/tuple []
# - dec_icrs: !numpy.ndarray
#     buffer: !!binary |
#       aHllR0pMQW5BY0E9
#     dtype: float64
#     order: C
#     shape: !!python/tuple []
# - {apertures: Photometry measured in a circular aperture of r=50.0 pixels.  Background calculated as the mean in a circular annulus
#     with r_inner=60.0 pixels and r_outer=70.0 pixels.}
# - {number_of_integrations: 1227}
# - __serialized_columns__:
#     annulus_mean:
#       __class__: astropy.units.quantity.Quantity
#       unit: &id001 !astropy.units.Unit {unit: Jy}
#       value: !astropy.table.SerializedColumn {name: annulus_mean}
#     annulus_mean_err:
#       __class__: astropy.units.quantity.Quantity
#       unit: *id001
#       value: !astropy.table.SerializedColumn {name: annulus_mean_err}
#     annulus_sum:
#       __class__: astropy.units.quantity.Quantity
#       unit: *id001
#       value: !astropy.table.SerializedColumn {name: annulus_sum}
#     annulus_sum_err:
#       __class__: astropy.units.quantity.Quantity
#       unit: *id001
#       value: !astropy.table.SerializedColumn {name: annulus_sum_err}
#     aperture_bkg:
#       __class__: astropy.units.quantity.Quantity
#       unit: *id001
#       value: !astropy.table.SerializedColumn {name: aperture_bkg}
#     aperture_bkg_err:
#       __class__: astropy.units.quantity.Quantity
#       unit: *id001
#       value: !astropy.table.SerializedColumn {name: aperture_bkg_err}
#     aperture_sum:
#       __class__: astropy.units.quantity.Quantity
#       unit: *id001
#       value: !astropy.table.SerializedColumn {name: aperture_sum}
#     aperture_sum_err:
#       __class__: astropy.units.quantity.Quantity
#       unit: *id001
#       value: !astropy.table.SerializedColumn {name: aperture_sum_err}
#     net_aperture_sum:
#       __class__: astropy.units.quantity.Quantity
#       unit: *id001
#       value: !astropy.table.SerializedColumn {name: net_aperture_sum}
#     net_aperture_sum_err:
#       __class__: astropy.units.quantity.Quantity
#       unit: *id001
#       value: !astropy.table.SerializedColumn {name: net_aperture_sum_err}
# schema: astropy-2.0
MJD aperture_sum aperture_sum_err annulus_sum annulus_sum_err annulus_mean annulus_mean_err aperture_bkg aperture_bkg_err net_aperture_sum net_aperture_sum_err
[from data line 276]
59852.25391964317 0.2201321816374837 3.564161456197849e-05 0.01887571347138197 8.933175947764603e-06 4.621789389779569e-06 2.187321707071329e-09 0.03629944898342687 1.717918451493193e-05 0.1838327326540568 3.956575626956616e-05
59852.25412227014 0.22020074839245501 3.5646115025333426e-05 0.01891458342157567 8.934490206180386e-06 4.6313068431812045e-06 2.1876435081842085e-09 0.03637419888764552 1.718171193496228e-05 0.18382654950480948 3.9570907765874245e-05
59852.254324897105 0.2200316423992872 3.563644827099755e-05 0.018809142649642403 8.931305337918433e-06 4.605489273863352e-06 2.1868636812196144e-09 0.03617142817238924 1.717558718830468e-05 0.18386021422689794 3.9559540450244614e-05
59852.25452752408 0.22007339788938118 3.563924098936979e-05 0.018836669461748806 8.933198103807029e-06 4.6122293172699604e-06 2.1873271320615925e-09 0.03622436434951694 1.7179227122705828e-05 0.18384903353986426 3.956363662293808e-05
59852.25473015104 0.22020247997506928 3.5646616841362206e-05 0.018920491400057596 8.935059604274853e-06 4.63275343391825e-06 2.1877829274477802e-09 0.03638556038472615 1.7182806931297795e-05 0.18381691959034313 3.957183526541501e-05
59852.25493277801 0.2201992892037185 3.564707168159801e-05 0.018864475648808197 8.932248957963816e-06 4.619037766683868e-06 2.1870947301344197e-09 0.036277837786169616 1.717740184223811e-05 0.1839214514175489 3.956989832590819e-05
59852.25513540498 0.22011697977743647 3.564352040971011e-05 0.018876974203044232 8.932093130370346e-06 4.622098084665663e-06 2.1870565751624643e-09 0.036301873467392755 1.717710217378913e-05 0.18381510631004372 3.956656904870844e-05
59852.255338031944 0.21997972277245434 3.563375541135717e-05 0.018781545795607944 8.92947136605181e-06 4.5987320804273984e-06 2.1864146263149e-09 0.036118357299246055 1.7172060319330406e-05 0.18386136547320828 3.955558342797067e-05
59852.25554065891 0.22005935712769129 3.5640107145619645e-05 0.018825491631132354 8.93206296020011e-06 4.609492383430496e-06 2.1870491878828843e-09 0.03620286852140838 1.717704415423098e-05 0.1838564886062829 3.956346904946088e-05
59852.25574328588 0.2200460936891092 3.563954222974291e-05 0.01878453080775116 8.929800106970199e-06 4.599462971870139e-06 2.186495119764374e-09 0.03612409770721377 1.717269251340423e-05 0.18392199598189546 3.956107099795907e-05
59852.255945912846 0.22011639243951675 3.5640793857863524e-05 0.01890356225585069 8.933884140567085e-06 4.628608269329257e-06 2.187495110740832e-09 0.036353004338174406 1.7180546424167474e-05 0.18376338810134235 3.956560832657191e-05
59852.25614853982 0.2202876049603012 3.5650327098718865e-05 0.01894070262299992 8.935314460743523e-06 4.637702227821638e-06 2.1878453300120385e-09 0.03642442812115369 1.7183297039891393e-05 0.1838631768391475 3.957539032538768e-05
59852.25635116678 0.2200656140867283 3.5638341630476695e-05 0.018853426280645305 8.931850643453195e-06 4.616332287358996e-06 2.186997201329388e-09 0.03625658900124097 1.7176635852794608e-05 0.18380902508548735 3.956170134599974e-05
59852.25655379375 0.22012174671511453 3.564287890099768e-05 0.018916717595175502 8.937503965797312e-06 4.631829403608635e-06 2.188381438553939e-09 0.0363783030676452 1.7187507626533297e-05 0.18374344364746933 3.957050966014117e-05
59852.25675642072 0.22000920171366534 3.563446605493319e-05 0.018818860877310793 8.93096599199472e-06 4.6078688184349156e-06 2.186780591094727e-09 0.03619011707175153 1.717493459998985e-05 0.18381908464191382 3.955747147548885e-05
59852.256959047685 0.2203413249951264 3.5653661498879354e-05 0.018968760537495993 8.937371509973183e-06 4.644572313644562e-06 2.188349006247552e-09 0.03647838564903076 1.7187252903794583e-05 0.18386293934609566 3.958011168068715e-05
59852.25716167465 0.22001269726651534 3.5634855393648625e-05 0.018859590941380018 8.951301625798617e-06 4.617841727710403e-06 2.1917598474651834e-09 0.0362684441180385 1.7214041588074264e-05 0.18374425314847684 3.9574817077558286e-05
59852.25736430162 0.2200650874459057 3.563788987722669e-05 0.018823394893026497 8.931418002841111e-06 4.60897898922447e-06 2.186891267649395e-09 0.03619883633274326 1.7175803851617524e-05 0.18386625111316243 3.9560933164557386e-05
59852.25756692859 0.21992137391357597 3.563005901441572e-05 0.01881985475827702 8.930945084609287e-06 4.6081121739251006e-06 2.1867754718428207e-09 0.03619202838130197 1.71748943934794e-05 0.183729345532274 3.955348407912907e-05
59852.25776955555 0.2202056999422534 3.5652763185783976e-05 0.01889056089863659 8.933673313397562e-06 4.625424838148446e-06 2.187443488915959e-09 0.03632800172814729 1.7180140987303007e-05 0.1838776982141061 3.957621466392664e-05
59852.257972182524 0.22024047938596403 3.564698953584084e-05 0.0189436325908737 8.935305559714148e-06 4.6384196414681194e-06 2.1878431505615406e-09 0.03643006267475712 1.718327992252721e-05 0.1838104167112069 3.9572376373731626e-05
59852.25817480949 0.2201677553093584 3.564410136669361e-05 0.018898829932473802 8.934157811397132e-06 4.627449542163502e-06 2.187562120072189e-09 0.036343903716295776 1.7181072714225256e-05 0.1838238515930626 3.9568816280634745e-05
59852.25837743646 0.21999689893762076 3.5634905266236374e-05 0.018796714666884536 8.930365641990856e-06 4.602446235573236e-06 2.1866335931398035e-09 0.03614752820554719 1.717378008075165e-05 0.18384937073207358 3.955736588292581e-05
59852.258580063426 0.22023873808702943 3.564728689285064e-05 0.018940529055070345 8.935701578193637e-06 4.637659729061709e-06 2.18794011717472e-09 0.03642409433667374 1.7184041496526227e-05 0.1838146437503557 3.9572974932086376e-05
59852.25878269039 0.22012714336353653 3.5643004347818706e-05 0.018862758341100485 8.931884053003782e-06 4.618617277436957e-06 2.1870053817834225e-09 0.036274535271347094 1.7176700101930354e-05 0.18385260809218945 3.9565929602756424e-05
59852.25898531736 0.21997110965723707 3.5635046007769094e-05 0.018814318030888125 8.931747274353477e-06 4.60675648541357e-06 2.1869718910167984e-09 0.03618138082863102 1.717643706606438e-05 0.18378972882860606 3.9558646264252904e-05
59852.25918794433 0.22001852828508978 3.563942791529868e-05 0.018805009601258513 8.93097561942372e-06 4.604477281432068e-06 2.186782948406903e-09 0.036163480002420215 1.7174953114276385e-05 0.18385504828266958 3.956194935297505e-05
59852.25939057129 0.22013805894023358 3.565062578294253e-05 0.018831268511157205 8.930719368821485e-06 4.6109068742175785e-06 2.1867202044838017e-09 0.03621397790607155 1.7174460324656704e-05 0.18392408103416202 3.957182338683187e-05
59852.259593198265 0.22006704827137538 3.563960345077276e-05 0.018839393932938438 8.931635095027314e-06 4.612896414280947e-06 2.18694442348715e-09 0.0362296037171893 1.717622133659099e-05 0.18383744455418607 3.956265806959761e-05
59852.25979582523 0.22013862747584223 3.5643483947756744e-05 0.018882219266676117 8.933127594500585e-06 4.623382358210042e-06 2.1873098675928933e-09 0.036311960128223304 1.717909152788574e-05 0.18382666734761893 3.956739988497435e-05
59852.2599984522 0.22031470807743936 3.565873099266011e-05 0.01898684153502097 8.937139058925947e-06 4.648999513847842e-06 2.188292089734945e-09 0.03651315679811725 1.71868058825499e-05 0.1838015512793221 3.958448423879425e-05
59852.26020107917 0.2200642691821499 3.563777173004341e-05 0.018895529375597513 8.933843914576025e-06 4.62664138840686e-06 2.1874852612557274e-09 0.03633755649153368 1.7180469066492355e-05 0.18372671269061625 3.956285241520614e-05
59852.26040370613 0.22006999267281757 3.56378418392447e-05 0.018852111868620087 8.932604265835221e-06 4.616010448634269e-06 2.187181728602194e-09 0.03625406128580786 1.7178085126606194e-05 0.18381593138700972 3.9561880384733346e-05
59852.260606333104 0.22006641398898116 3.5639398796774346e-05 0.01885345242151716 8.93274996584139e-06 4.616338688049723e-06 2.1872174037963332e-09 0.03625663927214839 1.7178365318925752e-05 0.18380977471683277 3.9563404575769154e-05
59852.26080896007 0.2199792765005536 3.563435212890384e-05 0.01884285275934356 8.933163609827723e-06 4.6137433209265964e-06 2.1873186860811103e-09 0.036236255306429925 1.717916078813024e-05 0.18374302119412367 3.955920394840049e-05
59852.261011587034 0.2200157787591604 3.563477007202821e-05 0.01885872849381366 8.93255067536194e-06 4.617630554182182e-06 2.187168606773386e-09 0.03626678556502627 1.7177982068003733e-05 0.18374899319413412 3.95590685685972e-05
59852.261214214006 0.22036120436466175 3.565627433028804e-05 0.01897557133727615 8.937449586138657e-06 4.646239963569825e-06 2.1883681234901255e-09 0.036491483340915676 1.7187403050266647e-05 0.18386972102374607 3.9582530524577036e-05
59852.26141684097 0.2200003003999802 3.5635540048238585e-05 0.01877237796379464 8.928668417848855e-06 4.596487302349671e-06 2.1862180214294427e-09 0.03610072685345123 1.7170516188170875e-05 0.18389957354652897 3.955652083661876e-05
59852.26161946794 0.22007879422319696 3.5639272770760564e-05 0.01888175973807947 8.933569030620565e-06 4.623269840905968e-06 2.1874179548860534e-09 0.0363110764193836 1.717994044350109e-05 0.18376771780381335 3.956397499330571e-05
59852.26182209491 0.22018009884241235 3.564517007472728e-05 0.01905194318001351 8.994084570915523e-06 4.6649398963154985e-06 2.2022354123811602e-09 0.036638352269256755 1.7296316482529855e-05 0.18354174657315558 3.961995347700533e-05
59852.26202472187 0.22026926555841167 3.565685674713903e-05 0.0188984129546814 8.934718109779312e-06 4.6273474435837785e-06 2.187699311237005e-09 0.03634310183592577 1.7182150211114064e-05 0.1839261637224859 3.958077461297696e-05
59852.262227348845 0.22007387228493006 3.563841181839116e-05 0.018847440801214584 8.932356834480489e-06 4.614866720223344e-06 2.187121144104992e-09 0.0362450784638742 1.7177609297077868e-05 0.18382879382105585 3.9562187225939604e-05
59852.26242997581 0.22015615698000168 3.564297695989822e-05 0.018896909871399345 8.93400601672498e-06 4.626979407992675e-06 2.1875249525761765e-09 0.03634021129115259 1.718078080139419e-05 0.1838159456888491 3.9567676650384604e-05
59852.262632602775 0.2200242899319529 3.5637512680908094e-05 0.018880932109406733 8.935449930052227e-06 4.6230671929147205e-06 2.18787850018145e-09 0.03630948482578218 1.7183557557792746e-05 0.18371480510617072 3.9563960373348135e-05
59852.26283522975 0.22014473590582112 3.565059617268511e-05 0.018838470283488964 8.931700571990261e-06 4.612670255241612e-06 2.1869604557676295e-09 0.036227827468248014 1.7176347253827428e-05 0.1839169084375731 3.9572615688780734e-05
59852.26303785671 0.2201876962267796 3.564498109971979e-05 0.01890660045456716 8.934820840606272e-06 4.629352183704368e-06 2.1877244652661105e-09 0.03635884702801377 1.7182347770396677e-05 0.18382884919876585 3.9570162401767275e-05
59852.263240483684 0.2203295553294332 3.565468189143023e-05 0.018923811966417705 8.93537145845649e-06 4.633566487072212e-06 2.18785928611629e-09 0.03639194608926482 1.7183406650877866e-05 0.1839376092401684 3.957936084512377e-05
59852.26344311065 0.22008452796567796 3.5639489619379534e-05 0.018900815293308296 8.935838191573708e-06 4.627935665226011e-06 2.1879735674743056e-09 0.03634772171790057 1.7184304214564825e-05 0.18373680624777738 3.956606540545284e-05
59852.263645737614 0.22002907244684064 3.5635232978679806e-05 0.018826676100308033 8.93137840451332e-06 4.6097824051601095e-06 2.186881571850001e-09 0.036205146346746216 1.7175727700987157e-05 0.18382392610009443 3.955850668950038e-05
59852.263848364586 0.22026350880753376 3.5669155342100044e-05 0.018845666665432234 8.932771539666376e-06 4.614432316408764e-06 2.1872226862284684e-09 0.03624166666429276 1.7178406807050723e-05 0.184021842143241 3.959022989636952e-05
59852.26405099155 0.22026515523824497 3.564915716020442e-05 0.01896876946088215 8.93706139222781e-06 4.644574498569201e-06 2.188273072751988e-09 0.03647840280938875 1.718665652351502e-05 0.18378675242885623 3.957579523762265e-05
59852.264253618516 0.2200896373197256 3.5640248203707097e-05 0.018821695422498622 8.93129218189435e-06 4.608562867478085e-06 2.1868604599176695e-09 0.03619556812018966 1.7175561888258368e-05 0.18389406919953594 3.9562952597085575e-05
59852.26445624549 0.22031276332806926 3.56535396697256e-05 0.018946231811113406 8.934680246621e-06 4.639056070313248e-06 2.1876900403003796e-09 0.03643506117521809 1.7182077397348078e-05 0.18387770215285118 3.957775479570761e-05
59852.26465887245 0.22007415717262113 3.563876175703711e-05 0.018852615045285525 8.933058741564817e-06 4.6161336533320426e-06 2.1872930086927798e-09 0.036255028933241396 1.717895911839388e-05 0.18381912823937974 3.9563088554437946e-05
59852.26486149942 0.2203180413091805 3.565179029983828e-05 0.018956337648574777 8.936074542653885e-06 4.641530522599495e-06 2.188031438924637e-09 0.03645449547802842 1.7184758735872857e-05 0.18386354583115208 3.957734306890499e-05
59852.26506412639 0.22026511481070088 3.564838477799855e-05 0.019060176688284733 8.957677670949864e-06 4.666955901762195e-06 2.193321046085488e-09 0.036654185939009105 1.7226303213365122e-05 0.18361092887169178 3.9592333344715014e-05
59852.265266753355 0.22009643003002943 3.564346663429837e-05 0.018905631254130216 8.958111529842417e-06 4.629114871334542e-06 2.193427278066033e-09 0.036356983181019646 1.7227137557389263e-05 0.18373944684900978 3.958826823860262e-05
59852.26546938033 0.2199881368549913 3.563333271536146e-05 0.019101577093568606 9.179515295962694e-06 4.677092946603636e-06 2.2476388223694237e-09 0.03673380210301655 1.765291403069749e-05 0.18325433475197475 3.976631456621101e-05
59852.26567200729 0.21998828423548739 3.563353705258716e-05 0.018787531166926292 8.929945246686273e-06 4.60019762109133e-06 2.186530657769377e-09 0.03612986762870441 1.7172971628242833e-05 0.18385841660678298 3.955578235128886e-05
59852.26587463426 0.22021013997488809 3.564791233401197e-05 0.018884831436226795 8.933109306928294e-06 4.624021957742634e-06 2.1873053898120823e-09 0.036316983531205375 1.7179056359477492e-05 0.1838931564436827 3.957137388536702e-05
59852.26607726123 0.2201953765133502 3.564666093143963e-05 0.01892712924257238 8.935565668306084e-06 4.6343787346070086e-06 2.187906839127921e-09 0.03639832546648535 1.7183780131357854e-05 0.18379705104686483 3.9572297572466945e-05
59852.266279888194 0.2200850928251431 3.563894639590657e-05 0.01885877298033678 8.932618842793375e-06 4.617641446874575e-06 2.1871852978251874e-09 0.03626687111603227 1.7178113159218033e-05 0.18381822170911083 3.956288755792733e-05
59852.26648251516 0.21991620388716193 3.5629498135226136e-05 0.01879469676657259 8.930481885526805e-06 4.6019521450973695e-06 2.1866620558064938e-09 0.03614364762802422 1.717400362601309e-05 0.18377255625913771 3.955259205051413e-05
59852.26668514213 0.2200260899939972 3.563748921070459e-05 0.018847814711635987 8.932660978961806e-06 4.614958273595405e-06 2.1871956150244007e-09 0.0362457975223769 1.7178194190311167e-05 0.1837802924716203 3.956161008962005e-05
59852.266887769096 0.22009310301930496 3.56406326714152e-05 0.018840912566018674 8.931742824446776e-06 4.6132682572985815e-06 2.1869708014404174e-09 0.03623252416542053 1.7176428508551494e-05 0.18386057885388443 3.956367517721438e-05
59852.26709039607 0.22009692886179189 3.564008523659613e-05 0.018895341806437038 8.934066825358374e-06 4.62659546139292e-06 2.187539841798619e-09 0.036337195781609696 1.71808977410738e-05 0.18375973308018217 3.956512255587075e-05
59852.26729302303 0.22028997458775126 3.56499909093507e-05 0.018971382958792436 8.936502746983849e-06 4.6452144233556364e-06 2.1881362863642782e-09 0.036483428766908535 1.718558220573817e-05 0.18380654582084271 3.9576079740001686e-05
59852.26749565 0.22013877960592743 3.5642198946570124e-05 0.018913328314593622 8.934582780295225e-06 4.630999525519202e-06 2.1876661753041764e-09 0.036371785220372356 1.7181889962106204e-05 0.18376699438555508 3.9567457441903064e-05
