WASP80b/WASP80b_WLP8/Results/506070_radii/WASP80b_WLP8_nrca3_level3_asn_phot.ecsv
# %ECSV 0.9
# ---
# datatype:
# - {name: MJD, datatype: float64}
# - {name: aperture_sum, unit: Jy, datatype: float64}
# - {name: aperture_sum_err, unit: Jy, datatype: float64}
# - {name: annulus_sum, unit: Jy, datatype: float64}
# - {name: annulus_sum_err, unit: Jy, datatype: float64}
# - {name: annulus_mean, unit: Jy, datatype: float64}
# - {name: annulus_mean_err, unit: Jy, datatype: float64}
# - {name: aperture_bkg, unit: Jy, datatype: float64}
# - {name: aperture_bkg_err, unit: Jy, datatype: float64}
# - {name: net_aperture_sum, unit: Jy, datatype: float64}
# - {name: net_aperture_sum_err, unit: Jy, datatype: float64}
# meta: !!omap
# - {instrument: NIRCAM}
# - {detector: NRCA3}
# - {channel: SHORT}
# - {subarray: SUBGRISM256}
# - {filter: F210M}
# - {pupil: WLP8}
# - {target_name: UNKNOWN}
# - {xcenter: 1055.0}
# - {ycenter: 166.0}
# - ra_icrs: !numpy.ndarray
#     buffer: !!binary |
#       aE5BSnpLcnlja0E9
#     dtype: float64
#     order: C
#     shape: !!python/tuple []
# - dec_icrs: !numpy.ndarray
#     buffer: !!binary |
#       aHllR0pMQW5BY0E9
#     dtype: float64
#     order: C
#     shape: !!python/tuple []
# - {apertures: Photometry measured in a circular aperture of r=50.0 pixels.  Background calculated as the mean in a circular annulus
#     with r_inner=60.0 pixels and r_outer=70.0 pixels.}
# - {number_of_integrations: 1227}
# - __serialized_columns__:
#     annulus_mean:
#       __class__: astropy.units.quantity.Quantity
#       unit: &id001 !astropy.units.Unit {unit: Jy}
#       value: !astropy.table.SerializedColumn {name: annulus_mean}
#     annulus_mean_err:
#       __class__: astropy.units.quantity.Quantity
#       unit: *id001
#       value: !astropy.table.SerializedColumn {name: annulus_mean_err}
#     annulus_sum:
#       __class__: astropy.units.quantity.Quantity
#       unit: *id001
#       value: !astropy.table.SerializedColumn {name: annulus_sum}
#     annulus_sum_err:
#       __class__: astropy.units.quantity.Quantity
#       unit: *id001
#       value: !astropy.table.SerializedColumn {name: annulus_sum_err}
#     aperture_bkg:
#       __class__: astropy.units.quantity.Quantity
#       unit: *id001
#       value: !astropy.table.SerializedColumn {name: aperture_bkg}
#     aperture_bkg_err:
#       __class__: astropy.units.quantity.Quantity
#       unit: *id001
#       value: !astropy.table.SerializedColumn {name: aperture_bkg_err}
#     aperture_sum:
#       __class__: astropy.units.quantity.Quantity
#       unit: *id001
#       value: !astropy.table.SerializedColumn {name: aperture_sum}
#     aperture_sum_err:
#       __class__: astropy.units.quantity.Quantity
#       unit: *id001
#       value: !astropy.table.SerializedColumn {name: aperture_sum_err}
#     net_aperture_sum:
#       __class__: astropy.units.quantity.Quantity
#       unit: *id001
#       value: !astropy.table.SerializedColumn {name: net_aperture_sum}
#     net_aperture_sum_err:
#       __class__: astropy.units.quantity.Quantity
#       unit: *id001
#       value: !astropy.table.SerializedColumn {name: net_aperture_sum_err}
# schema: astropy-2.0
MJD aperture_sum aperture_sum_err annulus_sum annulus_sum_err annulus_mean annulus_mean_err aperture_bkg aperture_bkg_err net_aperture_sum net_aperture_sum_err
[from data line 1035]
59852.40771351157 0.22010533659460432 3.5607706056418037e-05 0.01882277694226922 8.920481949266041e-06 4.608827681658919e-06 2.184213533827256e-09 0.03619764796590235 1.7154772979357773e-05 0.18390768862870197 3.952461216221575e-05
59852.407916138545 0.21998951147064477 3.560036790902338e-05 0.01877643474045925 8.917713749006365e-06 4.597480619363814e-06 2.1835357295891087e-09 0.036108528347037025 1.7149449517319934e-05 0.18388098312360773 3.9515690731719804e-05
59852.40811876551 0.22021515166480335 3.561497486725678e-05 0.018912034278865054 8.924455526346947e-06 4.630682676007295e-06 2.185186479110614e-09 0.036369296690125105 1.716241447374413e-05 0.18384585497467826 3.953447742621514e-05
59852.408321392475 0.22003941398068472 3.5602979628073616e-05 0.01882480462159871 8.920343356209302e-06 4.6093241665639866e-06 2.1841795987963973e-09 0.03620154734922829 1.7154506454248658e-05 0.18383786663145643 3.952023848720911e-05
59852.40852401945 0.22005814649242705 3.5602864261599e-05 0.018893854595815156 8.922664509285283e-06 4.626231312282318e-06 2.1847479418513442e-09 0.036334335761182994 1.715897021016401e-05 0.18372381073124405 3.952207234322537e-05
59852.40872664641 0.22003564261455344 3.5603130276342e-05 0.018880524433589813 8.921947914384722e-06 4.622967371958656e-06 2.184572480896546e-09 0.03630870083382656 1.7157592143047542e-05 0.18372694178072688 3.9521713697932516e-05
59852.40892927338 0.22004526283489198 3.56025039903512e-05 0.01881460744179966 8.919745601509431e-06 4.60682734876304e-06 2.1840332363114113e-09 0.03618193738807628 1.7153356925979678e-05 0.18386332544681572 3.951931102907828e-05
59852.40913190035 0.2202026702886669 3.561245715727265e-05 0.01889289839740543 8.922533853325774e-06 4.625997183507726e-06 2.1847159502485742e-09 0.03633249691808736 1.715871894870341e-05 0.18387017337057954 3.953060511476106e-05
59852.409334527314 0.22038441380852644 3.565211576343684e-05 0.018834309503311483 8.921683763693018e-06 4.611651472576435e-06 2.1845078026068445e-09 0.0362198259679067 1.715708416094811e-05 0.18416458784061973 3.9565627700257174e-05
59852.40953715428 0.2202953333108869 3.5618349154878414e-05 0.018960658280057094 8.924997379077261e-06 4.642588445457479e-06 2.185319153788241e-09 0.036462804384725184 1.7163456498225503e-05 0.18383252892616173 3.95379695417621e-05
59852.40973978125 0.220078749661617 3.560599537775049e-05 0.018893580799647983 8.923258485598693e-06 4.626164272261695e-06 2.1848933791842035e-09 0.03633380923009228 1.716011247230518e-05 0.18374494043152473 3.9525388889959743e-05
59852.409942408216 0.2199392325912188 3.5598472976193835e-05 0.01881671237914691 8.92015120049678e-06 4.607342750584138e-06 2.184132548747949e-09 0.0361859853445133 1.715413692403227e-05 0.1837532472467055 3.9516018167893004e-05
59852.41014503519 0.2200549709136573 3.560422533889628e-05 0.018858309449753786 8.922251202885684e-06 4.617527949669102e-06 2.1846467422259474e-09 0.036265979711064975 1.7158175390164778e-05 0.18378899120259234 3.952295339043579e-05
59852.41034766215 0.22026732024020168 3.561553680160417e-05 0.018962058504533585 8.92469311395656e-06 4.642931295683435e-06 2.1852446533298255e-09 0.03646549712410305 1.7162871372993386e-05 0.18380182311609863 3.953518199569008e-05
59852.41055028912 0.22001042032424162 3.5601715776848125e-05 0.01884166009734317 8.921003161347787e-06 4.613451293153058e-06 2.1843411545645008e-09 0.03623396172565995 1.7155775310284206e-05 0.18377645859858166 3.951965071647817e-05
59852.41075291609 0.2203503710818991 3.562319387521224e-05 0.01896968287132632 8.925965788966469e-06 4.644798150549604e-06 2.1855562725894816e-09 0.036480159367935236 1.7165318824935517e-05 0.18387021171396384 3.9543142417271854e-05
59852.410955543055 0.22002578889517416 3.5602293948420023e-05 0.018838884595722555 8.920813883708613e-06 4.612771701149242e-06 2.1842948092231296e-09 0.03622862422254338 1.7155411314824256e-05 0.18379716467263077 3.952001355984718e-05
59852.41115817002 0.2201587464758544 3.561035529120261e-05 0.018941636198138205 8.925939029312531e-06 4.637930817203186e-06 2.185549720387636e-09 0.03642622345795809 1.716526736406256e-05 0.1837325230178963 3.9531554581693765e-05
59852.41136079699 0.22040533141680702 3.5624795090488744e-05 0.018971043235764345 8.925966263184505e-06 4.6451312408953244e-06 2.18555638870355e-09 0.03648277545339298 1.716531973689328e-05 0.18392255596341403 3.954458530455325e-05
59852.41156342396 0.2199817589683748 3.5600466838845194e-05 0.018780261076309444 8.918735065995875e-06 4.5984175120784106e-06 2.1837858028927154e-09 0.03611588668521047 1.7151413588453608e-05 0.1838658722831643 3.951663228598696e-05
59852.41176605093 0.2203562429660657 3.5620726610339226e-05 0.018964718886032628 8.925854346374255e-06 4.6435827000927935e-06 2.1855289854519098e-09 0.03647061324237044 1.7165104512258185e-05 0.18388562972369527 3.9540826713224846e-05
59852.411968677894 0.22003645257841453 3.5603375178569924e-05 0.018806277020250964 8.919543369083264e-06 4.604787613736095e-06 2.183983718941753e-09 0.036165917346636475 1.7152968017467817e-05 0.18387053523177804 3.951992707374702e-05
59852.41217130486 0.22027274305123368 3.5616736289416466e-05 0.01896310832887266 8.9253402627703e-06 4.643188349118731e-06 2.1854031101492452e-09 0.036467516017062815 1.7164115889942886e-05 0.18380522703417085 3.953680283221224e-05
59852.41237393183 0.22029074053266495 3.565282189509814e-05 0.01884835138361403 8.920520099399847e-06 4.615089679746366e-06 2.1842228750309095e-09 0.03624682958387314 1.7154846344999704e-05 0.1840439109487918 3.9565293657499106e-05
59852.412576558796 0.22020390302767076 3.561179995488261e-05 0.018903944136047453 8.923451473324436e-06 4.628701774130771e-06 2.184940632954216e-09 0.03635373872316818 1.7160483602546993e-05 0.18385016430450257 3.9530779065177315e-05
59852.41277918576 0.22007530296419386 3.563849542375369e-05 0.018838236508979936 8.93167322523699e-06 4.612613014674411e-06 2.1869537598123053e-09 0.036227377901884496 1.717629466391729e-05 0.18384792506230938 3.956169175415311e-05
59852.41298181273 0.22006932661785783 3.563918346966305e-05 0.018858598769894 8.932287970494927e-06 4.6175987907928725e-06 2.1871042824992944e-09 0.03626653609595 1.7177476866336398e-05 0.18380279052190784 3.9562824847043294e-05
59852.4131844397 0.22001449111765903 3.563643698344628e-05 0.018820190309438205 8.931170798864003e-06 4.608194334888119e-06 2.186830738826458e-09 0.03619267367199655 1.7175328459353853e-05 0.18382181744566248 3.955941795024072e-05
59852.41338706667 0.22008919116285947 3.5639296784528785e-05 0.01886700933059264 8.932327833143297e-06 4.619658148191893e-06 2.187114043018576e-09 0.036282710251139695 1.7177553525275574e-05 0.18380648091171978 3.9562960207869066e-05
59852.413589693635 0.2199795064453171 3.563217649021819e-05 0.01886486837327951 8.93317562169828e-06 4.6191339267467646e-06 2.187321627232764e-09 0.03627859302553752 1.7179183887881308e-05 0.1837009134197796 3.9557254208093094e-05
59852.4137923206 0.2200191319991669 3.563553258345619e-05 0.01884889771641843 8.931283323973772e-06 4.615223451386972e-06 2.1868582910225227e-09 0.036247880223881604 1.7175544853795718e-05 0.1837712517752853 3.955869719203751e-05
59852.41399494757 0.22026522035119178 3.564970034965011e-05 0.01892943228347182 8.934466051014483e-06 4.634942642827452e-06 2.1876375937010475e-09 0.03640275439129196 1.718166548272016e-05 0.18386246595989983 3.957411734682077e-05
59852.41419757454 0.22010180320192468 3.564034850855385e-05 0.018875163233246565 8.932309472378322e-06 4.621654661903988e-06 2.187109547316261e-09 0.03629839083316647 1.717751821611216e-05 0.18380341236875822 3.9563892299368644e-05
59852.4144002015 0.22034915671424296 3.565526838487588e-05 0.01895954652632289 8.935635901456964e-06 4.642316228377017e-06 2.1879240359788925e-09 0.03646066639677478 1.7183915195109548e-05 0.18388849031746818 3.958010996738445e-05
59852.414602828474 0.22007007854827454 3.5638346973580435e-05 0.018878563088870003 8.932233584594485e-06 4.622487129332094e-06 2.1870909659071564e-09 0.036304929017057695 1.717737227806632e-05 0.18376514953121684 3.9562025900964565e-05
59852.41480545544 0.22010692905605017 3.564033584958629e-05 0.018873864684142413 8.932274135689069e-06 4.6213367072751065e-06 2.1871008949950807e-09 0.0362958936233508 1.717745026094052e-05 0.1838110354326994 3.956385139162252e-05
59852.415008082404 0.22002944606924504 3.563606499814781e-05 0.018806100496686417 8.930046194182464e-06 4.6047443912778335e-06 2.1865553751432413e-09 0.036165577878243114 1.7173165758043203e-05 0.18386386819100192 3.955814392391841e-05
59852.415210709376 0.2200728078818167 3.56376668222459e-05 0.018869948140592965 8.931825251330887e-06 4.6203777268662925e-06 2.186990983972802e-09 0.03628836180883263 1.717658702179017e-05 0.18378444607298408 3.9561072258604634e-05
59852.41541333634 0.220048096626107 3.563649200020733e-05 0.018804631777213775 8.928649774046554e-06 4.604384769794623e-06 2.186213456424375e-09 0.036162753417718796 1.7170480334704916e-05 0.1838853432083882 3.9557362867174663e-05
59852.41561596331 0.22008898212216757 3.563933618544726e-05 0.0188931402019468 8.933486427516358e-06 4.626056390258528e-06 2.1873977292055163e-09 0.03633296192682077 1.7179781591377613e-05 0.18375602019534681 3.9563963139033074e-05
59852.41581859028 0.22011865353721086 3.564045526784103e-05 0.018914183780587204 8.934120672959373e-06 4.631208989583087e-06 2.187553026586115e-09 0.03637343034728308 1.718100129415264e-05 0.18374522318992778 3.9565500845669223e-05
59852.41602121724 0.22037039391164137 3.5655847616023176e-05 0.018942148620730077 8.934146160376602e-06 4.6380562858008e-06 2.1875592672760207e-09 0.036427208886019385 1.7181050308416545e-05 0.18394318502562199 3.957938805637861e-05
59852.416223844215 0.220041998840247 3.5635692595657895e-05 0.018822248645570278 8.93044031376211e-06 4.608698326226526e-06 2.1866518768036564e-09 0.036196632010712076 1.717392368031175e-05 0.18384536682953492 3.9558137485849856e-05
59852.41642647118 0.2201273520214706 3.564100290677678e-05 0.018876437097057233 8.931996652620035e-06 4.621966572245979e-06 2.187032952222679e-09 0.03630084057126391 1.7176916639653913e-05 0.18382651145020668 3.956422062225528e-05
59852.416629098145 0.22039243197466885 3.5657059319477865e-05 0.0189838537910187 8.941620668066302e-06 4.648267953499143e-06 2.18938942857755e-09 0.03650741113657443 1.719542436166597e-05 0.1838850208380944 3.95867212369317e-05
59852.41683172512 0.22007972428277645 3.5639327382498907e-05 0.018841662802907437 8.931159869698678e-06 4.613451955620637e-06 2.18682806277925e-09 0.03623396692866815 1.7175307441728228e-05 0.1838457573541083 3.956201261304614e-05
59852.41703435208 0.2203354704770274 3.5655547827960665e-05 0.018931318597440946 8.93470129173648e-06 4.6354045138926985e-06 2.1876951932760055e-09 0.03640638191815567 1.7182117868724003e-05 0.18392908855887172 3.9579581419801744e-05
59852.417236979054 0.2201459820488261 3.564343680059677e-05 0.01888986408345493 8.934493139858843e-06 4.625254220332165e-06 2.1876442265064053e-09 0.03632666169895179 1.718171757665162e-05 0.1838193203498743 3.95684976444893e-05
59852.41743960602 0.22004383078609244 3.563768055798501e-05 0.01882106688033186 8.930223526183412e-06 4.608408966566113e-06 2.1865987955501938e-09 0.03619435938525358 1.7173506781121946e-05 0.18384947140083885 3.95597473540242e-05
59852.417642232984 0.21992127914362802 3.5628947787151196e-05 0.018791895165510324 8.929482578999257e-06 4.601266162547167e-06 2.186417371847227e-09 0.0361382599336737 1.717208188269088e-05 0.18378301920995432 3.955126188385633e-05
59852.417844859956 0.22013256928550895 3.5643174425313315e-05 0.018853968924983193 8.932081303753892e-06 4.616465155864713e-06 2.1870536793709743e-09 0.0362576325480446 1.717707943029595e-05 0.18387493673746436 3.9566247495409584e-05
59852.41804748692 0.22014059332357785 3.564190853281964e-05 0.018885844732628325 8.932884854756285e-06 4.624270067175127e-06 2.1872504318541393e-09 0.0363189321781314 1.7178624720685167e-05 0.18382166114544646 3.9565778030464875e-05
59852.418250113886 0.22005314378112015 3.5637774265754366e-05 0.018833188684835876 8.930862522793775e-06 4.6113770359599715e-06 2.186755256271976e-09 0.0362176705477613 1.7174735620757263e-05 0.18383547323335886 3.956036524426655e-05
59852.41845274086 0.22004939215711558 3.5637013908849635e-05 0.01883257616833923 8.930955077373117e-06 4.611227058993562e-06 2.1867779186086036e-09 0.036216492631421605 1.717491361033292e-05 0.18383289952569398 3.955975755565169e-05
59852.41865536782 0.21994460433597757 3.563072982209686e-05 0.01878936368488998 8.929249384449688e-06 4.600646320002446e-06 2.1863602732852794e-09 0.0361333917017115 1.7171633431634014e-05 0.18381121263426606 3.955267250598465e-05
59852.418857994795 0.22011508422435547 3.56413354001891e-05 0.0188690174646741 8.931235087508425e-06 4.6201498473695165e-06 2.1868464801426806e-09 0.03628657204745019 1.7175452091362357e-05 0.18382851217690527 3.956388433472447e-05
59852.41906062176 0.22014393140570993 3.56419889274858e-05 0.018899700669368066 8.933142691051966e-06 4.627662745364817e-06 2.187313564040241e-09 0.03634557821032321 1.717912055971532e-05 0.18379835319538673 3.9566065737096654e-05
59852.419263248725 0.2200886362941174 3.563972909875683e-05 0.018900922650552238 8.935414863107851e-06 4.627961952050703e-06 2.1878699139083168e-09 0.03634792817413892 1.7183490121361253e-05 0.18374070811997847 3.956592755116066e-05
59852.4194658757 0.21993381009711382 3.563048185351048e-05 0.018818004904334953 8.930730937709196e-06 4.6076592302345185e-06 2.1867230371694404e-09 0.03618847096987491 1.7174482572517687e-05 0.18374533912723892 3.955368615877733e-05
59852.41966850266 0.2202888678093065 3.56513170815736e-05 0.019011422264177052 8.93798512301738e-06 4.655018197770909e-06 2.1884992517077514e-09 0.03656042743110972 1.718843292887958e-05 0.1837284403781968 3.9578512304045655e-05
59852.41987112963 0.22005022773574417 3.5637785000706044e-05 0.01882201097809261 8.931152150500064e-06 4.608640132451322e-06 2.186826172704456e-09 0.03619617495787041 1.7175292597115506e-05 0.18385405277787376 3.956061672361895e-05
59852.4200737566 0.22004238762006595 3.563794728562443e-05 0.01888126186357291 8.932828673317672e-06 4.623147934461724e-06 2.187236675617731e-09 0.036310118968409445 1.7178516679457066e-05 0.1837322686516565 3.9562162757353525e-05
59852.420276383564 0.2199890924770122 3.5633350706156894e-05 0.01882101609234825 8.930543341678833e-06 4.608396530937435e-06 2.186677103576307e-09 0.03619426171605433 1.7174121810920836e-05 0.18379483076095787 3.955611384507228e-05
59852.420479010536 0.2203024636862878 3.5649711662316524e-05 0.01893109734172444 8.934215317676138e-06 4.6353503385988995e-06 2.187576200700747e-09 0.03640595642639316 1.7181183303223342e-05 0.18389650725989465 3.9573918195009034e-05
59852.4206816375 0.22029477657882396 3.568400417838023e-05 0.018901411727451512 8.932763126107208e-06 4.628081704367736e-06 2.187220626136883e-09 0.036348868706637526 1.7178390627129246e-05 0.18394590787218643 3.9603601587998275e-05
59852.420884264466 0.21997832723304755 3.563233381655849e-05 0.018773722958462212 8.927806596194864e-06 4.596816629349327e-06 2.1860070011582177e-09 0.036103313381658106 1.716885883883628e-05 0.18387501385138943 3.95529130032485e-05
59852.42108689144 0.2201424222300365 3.564157271936179e-05 0.01892047873304301 8.935640675442211e-06 4.632750332352117e-06 2.1879252049071237e-09 0.03638553602508271 1.7183924375850408e-05 0.18375688620495378 3.956777682489251e-05
59852.4212895184 0.21997392676863525 3.563320352973508e-05 0.01879203824165513 8.929038055565313e-06 4.60130119527899e-06 2.186308528613639e-09 0.036138535080106025 1.7171227029933297e-05 0.18383539168852922 3.955472451560036e-05
