WASP80b/WASP80b_WLP4/Results/345_radii/WASP80b_WLP4_nrca3_level3_asn_phot.ecsv
# %ECSV 0.9
# ---
# datatype:
# - {name: MJD, datatype: float64}
# - {name: aperture_sum, unit: Jy, datatype: float64}
# - {name: aperture_sum_err, unit: Jy, datatype: float64}
# - {name: annulus_sum, unit: Jy, datatype: float64}
# - {name: annulus_sum_err, unit: Jy, datatype: float64}
# - {name: annulus_mean, unit: Jy, datatype: float64}
# - {name: annulus_mean_err, unit: Jy, datatype: float64}
# - {name: aperture_bkg, unit: Jy, datatype: float64}
# - {name: aperture_bkg_err, unit: Jy, datatype: float64}
# - {name: net_aperture_sum, unit: Jy, datatype: float64}
# - {name: net_aperture_sum_err, unit: Jy, datatype: float64}
# meta: !!omap
# - {instrument: NIRCAM}
# - {detector: NRCA3}
# - {channel: SHORT}
# - {subarray: SUBGRISM256}
# - {filter: WLP4}
# - {pupil: CLEAR}
# - {target_name: UNKNOWN}
# - {xcenter: 1055.75}
# - {ycenter: 166.5}
# - ra_icrs: !numpy.ndarray
#     buffer: !!binary |
#       N3hKNXpxcnlja0E9
#     dtype: float64
#     order: C
#     shape: !!python/tuple []
# - dec_icrs: !numpy.ndarray
#     buffer: !!binary |
#       OGpMa01hd25BY0E9
#     dtype: float64
#     order: C
#     shape: !!python/tuple []
# - {apertures: Photometry measured in a circular aperture of r=3.0 pixels.  Background calculated as the mean in a circular annulus with
#     r_inner=4.0 pixels and r_outer=5.0 pixels.}
# - {number_of_integrations: 1227}
# - __serialized_columns__:
#     annulus_mean:
#       __class__: astropy.units.quantity.Quantity
#       unit: &id001 !astropy.units.Unit {unit: Jy}
#       value: !astropy.table.SerializedColumn {name: annulus_mean}
#     annulus_mean_err:
#       __class__: astropy.units.quantity.Quantity
#       unit: *id001
#       value: !astropy.table.SerializedColumn {name: annulus_mean_err}
#     annulus_sum:
#       __class__: astropy.units.quantity.Quantity
#       unit: *id001
#       value: !astropy.table.SerializedColumn {name: annulus_sum}
#     annulus_sum_err:
#       __class__: astropy.units.quantity.Quantity
#       unit: *id001
#       value: !astropy.table.SerializedColumn {name: annulus_sum_err}
#     aperture_bkg:
#       __class__: astropy.units.quantity.Quantity
#       unit: *id001
#       value: !astropy.table.SerializedColumn {name: aperture_bkg}
#     aperture_bkg_err:
#       __class__: astropy.units.quantity.Quantity
#       unit: *id001
#       value: !astropy.table.SerializedColumn {name: aperture_bkg_err}
#     aperture_sum:
#       __class__: astropy.units.quantity.Quantity
#       unit: *id001
#       value: !astropy.table.SerializedColumn {name: aperture_sum}
#     aperture_sum_err:
#       __class__: astropy.units.quantity.Quantity
#       unit: *id001
#       value: !astropy.table.SerializedColumn {name: aperture_sum_err}
#     net_aperture_sum:
#       __class__: astropy.units.quantity.Quantity
#       unit: *id001
#       value: !astropy.table.SerializedColumn {name: net_aperture_sum}
#     net_aperture_sum_err:
#       __class__: astropy.units.quantity.Quantity
#       unit: *id001
#       value: !astropy.table.SerializedColumn {name: net_aperture_sum_err}
# schema: astropy-2.0
MJD aperture_sum aperture_sum_err annulus_sum annulus_sum_err annulus_mean annulus_mean_err aperture_bkg aperture_bkg_err net_aperture_sum net_aperture_sum_err
[from data line 404]
59852.27985589502 0.002640891619364846 6.667654529265484e-06 0.0011769446457601653 4.219857746742956e-06 4.1625901804060005e-05 1.4924693767528198e-07 0.0011769446457601653 4.219857746742956e-06 0.0014639469736046809 7.890805809572369e-06
59852.28005852199 0.0025655255143623833 6.60121356796058e-06 0.0011761047409436347 4.2178490977847025e-06 4.1596196247776106e-05 1.4917589625069476e-07 0.0011761047409436347 4.2178490977847025e-06 0.0013894207734187487 7.833662718135756e-06
59852.28026114896 0.002559117003406842 6.598453747194842e-06 0.001177314271661045 4.21891801088349e-06 4.163897464610885e-05 1.492137013181187e-07 0.001177314271661045 4.21891801088349e-06 0.001381802731745797 7.831912987031122e-06
59852.280463775925 0.002558836303031951 6.59763914780581e-06 0.0011797577325603698 4.219336366977632e-06 4.1725394397304255e-05 1.4922849763819766e-07 0.0011797577325603698 4.219336366977632e-06 0.0013790785704715814 7.831452081342244e-06
59852.28066640289 0.002563980959318533 6.602175509178284e-06 0.0011798711161873793 4.220462803872196e-06 4.1729404522794087e-05 1.492683371937201e-07 0.0011798711161873793 4.220462803872196e-06 0.0013841098431311538 7.835880788581607e-06
59852.28086902986 0.002560151210480263 6.598336146590353e-06 0.0011747453698758793 4.217230914803557e-06 4.1548118331125134e-05 1.491540325002093e-07 0.0011747453698758793 4.217230914803557e-06 0.0013854058406043838 7.830905215374253e-06
59852.28107165683 0.002565301154334983 6.602169662456701e-06 0.0011870172922823494 4.223127261443705e-06 4.198214880050956e-05 1.4936257310331213e-07 0.0011870172922823494 4.223127261443705e-06 0.0013782838620526336 7.837311281186465e-06
59852.2812742838 0.002563526942891343 6.601546935721381e-06 0.0011763792193615879 4.219145147139524e-06 4.160590393599595e-05 1.4922173461987496e-07 0.0011763792193615879 4.219145147139524e-06 0.0013871477235297552 7.834641518101727e-06
59852.281476910764 0.002572535490825158 6.606696629849336e-06 0.0011794747386169656 4.2192113599710915e-06 4.1715385533980286e-05 1.4922407641975054e-07 0.0011794747386169656 4.2192113599710915e-06 0.0013930607522081922 7.839016829869144e-06
59852.28167953773 0.0025575512614408017 6.599644336267046e-06 0.0011694441650805145 4.215181564182885e-06 4.1360626565008526e-05 1.490815515487852e-07 0.0011694441650805145 4.215181564182885e-06 0.0013881070963602871 7.8309042251996e-06
59852.2818821647 0.002556605617780586 6.596887846266443e-06 0.0011675076040701937 4.215727474713237e-06 4.1292134730032615e-05 1.4910085918420552e-07 0.0011675076040701937 4.215727474713237e-06 0.001389098013710392 7.82887523193913e-06
59852.28208479167 0.0025645834087851625 6.600447830638455e-06 0.0011786334671702431 4.2191128951706296e-06 4.168563164304074e-05 1.4922059393981407e-07 0.0011786334671702431 4.2191128951706296e-06 0.0013859499416149193 7.833698053102058e-06
59852.28228741863 0.0025650478528483033 6.602205806665684e-06 0.0011759078071017293 4.21796385803171e-06 4.158923113790915e-05 1.4917995506415736e-07 0.0011759078071017293 4.21796385803171e-06 0.001389140045746574 7.834560652725322e-06
59852.2824900456 0.0025527806208843237 6.598280758857931e-06 0.0011762616284275058 4.217455751823037e-06 4.160174500745774e-05 1.4916198448310716e-07 0.0011762616284275058 4.217455751823037e-06 0.0013765189924568179 7.830979631648904e-06
59852.28269267257 0.002573870460579722 6.61092840241911e-06 0.001172547151457877 4.216798161021497e-06 4.147037225840942e-05 1.4913872696608563e-07 0.001172547151457877 4.216798161021497e-06 0.0014013233091218452 7.841285677279331e-06
59852.28289529954 0.0025589413767313314 6.599751490355102e-06 0.0011725421548063975 4.215695785855395e-06 4.147019553801345e-05 1.490997384201241e-07 0.0011725421548063975 4.215695785855395e-06 0.001386399221924934 7.831271333144021e-06
59852.283097926505 0.0025678414148751147 6.606618357352139e-06 0.00117999251997561 4.2209075214739736e-06 4.173369830346231e-05 1.492840658614096e-07 0.00117999251997561 4.2209075214739736e-06 0.0013878488948995047 7.839863928955517e-06
59852.28330055347 0.002557084724095061 6.597354445724966e-06 0.0011797567625129709 4.221488259881378e-06 4.1725360088895684e-05 1.4930460528100553e-07 0.0011797567625129709 4.221488259881378e-06 0.0013773279615820902 7.832371850904634e-06
59852.28350318044 0.002568150031877651 6.603524056776461e-06 0.0011850763105752198 4.222249483252863e-06 4.19135006153672e-05 1.4933152805042087e-07 0.0011850763105752198 4.222249483252863e-06 0.0013830737213024313 7.837979374000325e-06
59852.28370580741 0.002547332807733627 6.590540831362599e-06 0.0011665033519297513 4.213746461347668e-06 4.1256616576196606e-05 1.4903079516876965e-07 0.0011665033519297513 4.213746461347668e-06 0.0013808294558038758 7.822460462691877e-06
59852.28390843437 0.002560952935789635 6.554481463524407e-06 0.001173618961333597 4.18347130000812e-06 4.150827977835954e-05 1.4796003037319328e-07 0.001173618961333597 4.18347130000812e-06 0.0013873339744560381 7.775773876192433e-06
59852.284111061344 0.0025659209847782513 6.556450848408919e-06 0.0011765983329576702 4.185034164067951e-06 4.1613653494199316e-05 1.480153053821939e-07 0.0011765983329576702 4.185034164067951e-06 0.0013893226518205811 7.778274788281651e-06
59852.28431368831 0.0025660497298888242 6.554569466112605e-06 0.00116632357818718 4.179737087609058e-06 4.1250258380692526e-05 1.4782795962611199e-07 0.00116632357818718 4.179737087609058e-06 0.0013997261517016443 7.773839656670976e-06
59852.284516315274 0.002572335519332118 6.561686101017979e-06 0.001172924785454476 4.183680245525257e-06 4.1483728328906824e-05 1.4796742030916865e-07 0.001172924785454476 4.183680245525257e-06 0.0013994107338776418 7.781960221248294e-06
59852.28471894225 0.0025607955511184497 6.553974915448014e-06 0.0011750950617961868 4.183675367409048e-06 4.1560486152830966e-05 1.4796724778110029e-07 0.0011750950617961868 4.183675367409048e-06 0.001385700489322263 7.775456692194166e-06
59852.28492156921 0.0025521132087078457 6.548501606345595e-06 0.0011754701018821783 4.184338509229214e-06 4.1573750482507224e-05 1.4799070162524483e-07 0.0011754701018821783 4.184338509229214e-06 0.0013766431068256673 7.771200811208613e-06
59852.28512419618 0.0025546907814682656 6.551245758558543e-06 0.0011749890347122038 4.185436683048162e-06 4.155673621182708e-05 1.48029541578947e-07 0.0011749890347122038 4.185436683048162e-06 0.0013797017467560618 7.774104528293694e-06
59852.28532682315 0.002572333208427844 6.56150741629211e-06 0.0011731581493609848 4.183786864175272e-06 4.14919818887424e-05 1.4797119117254103e-07 0.0011731581493609848 4.183786864175272e-06 0.0013991750590668592 7.781866877485241e-06
59852.28552945011 0.0025600570549580005 6.551920766710915e-06 0.0011782394639004215 4.186436828226745e-06 4.1671696627932634e-05 1.4806491447872055e-07 0.0011782394639004215 4.186436828226745e-06 0.001381817591057579 7.775211833126538e-06
59852.285732077085 0.002570947519975944 6.561739017806115e-06 0.0011788537972669954 4.1853690052328e-06 4.1693424226154086e-05 1.4802714796586866e-07 0.0011788537972669954 4.1853690052328e-06 0.0013920937227089485 7.782912863945128e-06
59852.28593470405 0.002560221093083559 6.555017044259518e-06 0.001176591268591391 4.185394563734609e-06 4.161340364335195e-05 1.4802805191295774e-07 0.001176591268591391 4.185394563734609e-06 0.0013836298244921683 7.77726019268174e-06
59852.286137331015 0.002583332846082096 6.56867837163828e-06 0.0011779032220775461 4.185994742605562e-06 4.165980450611378e-05 1.480492788983025e-07 0.0011779032220775461 4.185994742605562e-06 0.00140542962400455 7.789100560087148e-06
59852.28633995799 0.0025679823894646887 6.5602398770028e-06 0.0011748763287822241 4.184835899761574e-06 4.155275005496662e-05 1.48008293216772e-07 0.0011748763287822241 4.184835899761574e-06 0.0013931060606824646 7.78136226837891e-06
59852.28654258495 0.002564049551202255 6.556868469583709e-06 0.0011794386278644352 4.184921167031057e-06 4.171410837736607e-05 1.4801130892953247e-07 0.0011794386278644352 4.184921167031057e-06 0.0013846109233378197 7.778566018340758e-06
59852.286745211924 0.0025643203581977515 6.5566381205718026e-06 0.001175868087669261 4.185266716307433e-06 4.158782635035045e-05 1.480235302351807e-07 0.001175868087669261 4.185266716307433e-06 0.0013884522705284905 7.778557766756388e-06
59852.28694783889 0.002570720586646989 6.559196241005909e-06 0.0011795016632809585 4.187032131003034e-06 4.171633779917263e-05 1.4808596900749448e-07 0.0011795016632809585 4.187032131003034e-06 0.0013912189233660306 7.78166392194355e-06
59852.287150465854 0.002577888334625442 6.565181853851954e-06 0.001177391991117716 4.185718048024438e-06 4.164172340959854e-05 1.4803949282934412e-07 0.001177391991117716 4.185718048024438e-06 0.001400496343507726 7.78600336191197e-06
59852.28735309283 0.0025657408191051946 6.55601377092811e-06 0.0011696533903664912 4.181086277501209e-06 4.136802639578252e-05 1.4787567745733542e-07 0.0011696533903664912 4.181086277501209e-06 0.0013960874287387035 7.775782856054299e-06
59852.28755571979 0.0025725810260763034 6.5631172197906915e-06 0.0011733475867143877 4.182073194995358e-06 4.149868186456469e-05 1.479105825234727e-07 0.0011733475867143877 4.182073194995358e-06 0.0013992334393619157 7.782303248332835e-06
59852.287758346756 0.0025606940461805104 6.550262378382764e-06 0.0011727974876375312 4.184054163937305e-06 4.147922608961536e-05 1.4798064496774434e-07 0.0011727974876375312 4.184054163937305e-06 0.0013878965585429792 7.772531535633531e-06
59852.28796097373 0.0025564850061242277 6.55143018739921e-06 0.0011732033621906118 4.182233981913528e-06 4.149358096548158e-05 1.4791626919743076e-07 0.0011732033621906118 4.182233981913528e-06 0.001383281643933616 7.772536174237976e-06
59852.28816360069 0.002566799322229741 6.55760866232661e-06 0.0011757714813395226 4.184576587804664e-06 4.158440960037005e-05 1.4799912193238419e-07 0.0011757714813395226 4.184576587804664e-06 0.0013910278408902183 7.779004601324255e-06
59852.288366227665 0.00256372603504199 6.555641489589887e-06 0.00118314635194304 4.1883883190252755e-06 4.184524229175069e-05 1.4813393434693932e-07 0.00118314635194304 4.1883883190252755e-06 0.0013805796830989499 7.779397923424388e-06
59852.28856885463 0.00256720195322714 6.557526309101784e-06 0.0011782076011187506 4.185508130857782e-06 4.167056971255406e-05 1.480320685282968e-07 0.0011782076011187506 4.185508130857782e-06 0.0013889943521083893 7.779436329711727e-06
59852.288771481595 0.0025658709915133905 6.556188153956396e-06 0.0011718535425490736 4.182599302660957e-06 4.144584086142973e-05 1.4792918977582352e-07 0.0011718535425490736 4.182599302660957e-06 0.001394017448964317 7.776743536770265e-06
59852.28897410857 0.0025768340658616543 6.563490098125171e-06 0.001181805219251123 4.185432651417321e-06 4.179780942569275e-05 1.480293989891743e-07 0.001181805219251123 4.185432651417321e-06 0.0013950288466105312 7.784423469193939e-06
59852.28917673553 0.0025715402379368163 6.561522653735264e-06 0.0011778785426158104 4.184948422928882e-06 4.165893164870754e-05 1.480122729097252e-07 0.0011778785426158104 4.184948422928882e-06 0.0013936616953210059 7.782504278062171e-06
59852.2893793625 0.00255956099094931 6.552942564811276e-06 0.0011767383887884382 4.185340110096143e-06 4.161860695592722e-05 1.4802612600946193e-07 0.0011767383887884382 4.185340110096143e-06 0.0013828226021608716 7.775482499169744e-06
59852.28958198947 0.0025592245722606006 6.5535534921582695e-06 0.0011834467784219847 4.188073103878811e-06 4.1855867704897305e-05 1.4812278589167327e-07 0.0011834467784219847 4.188073103878811e-06 0.0013757777938386158 7.777468720477952e-06
59852.289784616434 0.002571093966445061 6.558433347664256e-06 0.0011758853982108653 4.185418324512782e-06 4.158843858552021e-05 1.480288922785795e-07 0.0011758853982108653 4.185418324512782e-06 0.0013952085682341958 7.780152603061328e-06
59852.289987243406 0.002562521743653314 6.555291453826691e-06 0.0011830749788474865 4.1871398840687074e-06 4.184271798487044e-05 1.4808977999261342e-07 0.0011830749788474865 4.1871398840687074e-06 0.0013794467648058277 7.778430847759217e-06
59852.29018987037 0.0025574580169536133 6.5509720761977944e-06 0.0011723927282918697 4.182604329379374e-06 4.146491065614321e-05 1.4792936755961985e-07 0.0011723927282918697 4.182604329379374e-06 0.0013850652886617436 7.772349330753626e-06
59852.290392497336 0.002570707048841494 6.560853170385445e-06 0.0011736244044481619 4.182997843936964e-06 4.150847228915706e-05 1.4794328529006852e-07 0.0011736244044481619 4.182997843936964e-06 0.0013970826443933321 7.78089103417713e-06
59852.29059512431 0.0025657052860861215 6.557400471420608e-06 0.0011798551976455725 4.1863863715228235e-06 4.172884151954623e-05 1.4806312993786695e-07 0.0011798551976455725 4.1863863715228235e-06 0.001385850088440549 7.779802812042169e-06
59852.29079775127 0.002563806729948767 6.555606534517801e-06 0.001180037140883982 4.187064298145324e-06 4.173527644526957e-05 1.4808710668742794e-07 0.001180037140883982 4.187064298145324e-06 0.0013837695890647848 7.778655698269187e-06
59852.29100037824 0.002572071568836501 6.563507104126761e-06 0.0011763306603960657 4.18433266440512e-06 4.160418651390833e-05 1.4799049490687906e-07 0.0011763306603960657 4.18433266440512e-06 0.0013957409084404352 7.7838464368415e-06
59852.29120300521 0.002555985543369249 6.5512656136204575e-06 0.0011754318904331454 4.18426128474049e-06 4.157239902895249e-05 1.4798797036766525e-07 0.0011754318904331454 4.18426128474049e-06 0.0013805536529361037 7.77348851154898e-06
59852.291405632175 0.002562440574745893 6.555611038498206e-06 0.0011753363909117293 4.1837383056448e-06 4.1569021424308875e-05 1.479694737658402e-07 0.0011753363909117293 4.1837383056448e-06 0.0013871041838341635 7.776869697905396e-06
59852.29160825914 0.0025524702261748786 6.54800340348883e-06 0.0011775077556315588 4.185520666387373e-06 4.16458177417347e-05 1.4803251188196317e-07 0.0011775077556315588 4.185520666387373e-06 0.0013749624705433198 7.771417619769066e-06
59852.29181088611 0.002560518320601516 6.555333491248416e-06 0.0011720021372577491 4.181465229983241e-06 4.145109632418595e-05 1.4788908015971593e-07 0.0011720021372577491 4.181465229983241e-06 0.001388516183343767 7.775413085556415e-06
59852.29201351308 0.002571264828681761 6.558219992370967e-06 0.001176048045054639 4.18408193184923e-06 4.159419104089018e-05 1.479816270567315e-07 0.001176048045054639 4.18408193184923e-06 0.001395216783627122 7.779253889722422e-06
59852.29221614005 0.0025628812130314978 6.5559268131496436e-06 0.0011803305821681653 4.186163688195432e-06 4.174565480768845e-05 1.4805525412624505e-07 0.0011803305821681653 4.186163688195432e-06 0.0013825506308633325 7.778440898003945e-06
59852.292418767014 0.0025693761538877393 6.559773357192608e-06 0.0011808066250774006 4.186496108497591e-06 4.176249138149482e-05 1.4806701108941675e-07 0.0011808066250774006 4.186496108497591e-06 0.0013885695288103387 7.781861998532192e-06
59852.29262139398 0.0025614622816877053 6.555338779512336e-06 0.001175728256284447 4.184970756209281e-06 4.1582880826774335e-05 1.4801306278794094e-07 0.001175728256284447 4.184970756209281e-06 0.0013857340254032583 7.777303307992119e-06
59852.29282402095 0.0025609202339285445 6.552622479193745e-06 0.0011783250285083823 4.186092167076954e-06 4.1674722856890564e-05 1.4805272458412479e-07 0.0011783250285083823 4.186092167076954e-06 0.0013825952054201621 7.775617595155912e-06
59852.293026647916 0.0025570609100025606 6.551525116544875e-06 0.0011792552846051658 4.187249037310514e-06 4.170762393603378e-05 1.4809364049883297e-07 0.0011792552846051658 4.187249037310514e-06 0.0013778056253973949 7.775315804079997e-06
