WASP80b/WASP80b_WLP4/Results/345_radii/WASP80b_WLP4_nrca3_level3_asn_phot.ecsv
# %ECSV 0.9
# ---
# datatype:
# - {name: MJD, datatype: float64}
# - {name: aperture_sum, unit: Jy, datatype: float64}
# - {name: aperture_sum_err, unit: Jy, datatype: float64}
# - {name: annulus_sum, unit: Jy, datatype: float64}
# - {name: annulus_sum_err, unit: Jy, datatype: float64}
# - {name: annulus_mean, unit: Jy, datatype: float64}
# - {name: annulus_mean_err, unit: Jy, datatype: float64}
# - {name: aperture_bkg, unit: Jy, datatype: float64}
# - {name: aperture_bkg_err, unit: Jy, datatype: float64}
# - {name: net_aperture_sum, unit: Jy, datatype: float64}
# - {name: net_aperture_sum_err, unit: Jy, datatype: float64}
# meta: !!omap
# - {instrument: NIRCAM}
# - {detector: NRCA3}
# - {channel: SHORT}
# - {subarray: SUBGRISM256}
# - {filter: WLP4}
# - {pupil: CLEAR}
# - {target_name: UNKNOWN}
# - {xcenter: 1055.75}
# - {ycenter: 166.5}
# - ra_icrs: !numpy.ndarray
#     buffer: !!binary |
#       N3hKNXpxcnlja0E9
#     dtype: float64
#     order: C
#     shape: !!python/tuple []
# - dec_icrs: !numpy.ndarray
#     buffer: !!binary |
#       OGpMa01hd25BY0E9
#     dtype: float64
#     order: C
#     shape: !!python/tuple []
# - {apertures: Photometry measured in a circular aperture of r=3.0 pixels.  Background calculated as the mean in a circular annulus with
#     r_inner=4.0 pixels and r_outer=5.0 pixels.}
# - {number_of_integrations: 1227}
# - __serialized_columns__:
#     annulus_mean:
#       __class__: astropy.units.quantity.Quantity
#       unit: &id001 !astropy.units.Unit {unit: Jy}
#       value: !astropy.table.SerializedColumn {name: annulus_mean}
#     annulus_mean_err:
#       __class__: astropy.units.quantity.Quantity
#       unit: *id001
#       value: !astropy.table.SerializedColumn {name: annulus_mean_err}
#     annulus_sum:
#       __class__: astropy.units.quantity.Quantity
#       unit: *id001
#       value: !astropy.table.SerializedColumn {name: annulus_sum}
#     annulus_sum_err:
#       __class__: astropy.units.quantity.Quantity
#       unit: *id001
#       value: !astropy.table.SerializedColumn {name: annulus_sum_err}
#     aperture_bkg:
#       __class__: astropy.units.quantity.Quantity
#       unit: *id001
#       value: !astropy.table.SerializedColumn {name: aperture_bkg}
#     aperture_bkg_err:
#       __class__: astropy.units.quantity.Quantity
#       unit: *id001
#       value: !astropy.table.SerializedColumn {name: aperture_bkg_err}
#     aperture_sum:
#       __class__: astropy.units.quantity.Quantity
#       unit: *id001
#       value: !astropy.table.SerializedColumn {name: aperture_sum}
#     aperture_sum_err:
#       __class__: astropy.units.quantity.Quantity
#       unit: *id001
#       value: !astropy.table.SerializedColumn {name: aperture_sum_err}
#     net_aperture_sum:
#       __class__: astropy.units.quantity.Quantity
#       unit: *id001
#       value: !astropy.table.SerializedColumn {name: net_aperture_sum}
#     net_aperture_sum_err:
#       __class__: astropy.units.quantity.Quantity
#       unit: *id001
#       value: !astropy.table.SerializedColumn {name: net_aperture_sum_err}
# schema: astropy-2.0
MJD aperture_sum aperture_sum_err annulus_sum annulus_sum_err annulus_mean annulus_mean_err aperture_bkg aperture_bkg_err net_aperture_sum net_aperture_sum_err
[from data line 942]
59852.38886920359 0.002563350871909106 6.5923324445103246e-06 0.0011761505774711368 4.21174831812591e-06 4.159781738331525e-05 1.4896012530860336e-07 0.0011761505774711368 4.21174831812591e-06 0.0013872002944379691 7.822894026776785e-06
59852.389071830556 0.0025744417000148627 6.600864228943822e-06 0.001173273049667519 4.210452123923164e-06 4.1496045655797445e-05 1.489142818164758e-07 0.001173273049667519 4.210452123923164e-06 0.0014011686503473436 7.82938794905446e-06
59852.38927445752 0.002568213748258878 6.597041173689786e-06 0.0011771454786935675 4.2139569788923935e-06 4.163300481607926e-05 1.4903824070384757e-07 0.0011771454786935675 4.2139569788923935e-06 0.0013910682695653107 7.828051204949686e-06
59852.38947708449 0.0025688358877805247 6.597084756390726e-06 0.0011816586817129783 4.2153310702414446e-06 4.1792626720460693e-05 1.4908683924395008e-07 0.0011816586817129783 4.2153310702414446e-06 0.0013871772060675463 7.828827710120193e-06
59852.38967971146 0.002574959207514736 6.602820764197391e-06 0.0011844190720473897 4.216544106473623e-06 4.189025555747951e-05 1.491297416245058e-07 0.0011844190720473897 4.216544106473623e-06 0.0013905401354673461 7.834314663450381e-06
59852.38988233842 0.002569497066365993 6.596805107569904e-06 0.0011765964045694708 4.213662148289527e-06 4.16135852914184e-05 1.490278132043318e-07 0.0011765964045694708 4.213662148289527e-06 0.0013929006617965222 7.82769355092471e-06
59852.390084965395 0.0025747161222474265 6.600598980060737e-06 0.001183526773248084 4.216335231052251e-06 4.185869694311852e-05 1.4912235416766098e-07 0.001183526773248084 4.216335231052251e-06 0.0013911893489993426 7.832329773202307e-06
59852.39028759236 0.0025577164361800897 6.590622612384959e-06 0.0011735006287924396 4.211745577177506e-06 4.150409462083647e-05 1.4896002836738397e-07 0.0011735006287924396 4.211745577177506e-06 0.00138421580738765 7.82145173390172e-06
59852.39049021933 0.0025731278946727453 6.598908940851734e-06 0.0011762616429068825 4.212663875478518e-06 4.160174551956094e-05 1.4899250652601487e-07 0.0011762616429068825 4.212663875478518e-06 0.0013968662517658628 7.828929437503869e-06
59852.3906928463 0.002565643076449177 6.5949104686677834e-06 0.001171812349711748 4.209909447433454e-06 4.1444383962834094e-05 1.4889508856184533e-07 0.001171812349711748 4.209909447433454e-06 0.0013938307267374291 7.82407704750748e-06
59852.39089547326 0.0025620783887902753 6.592470171022986e-06 0.0011732971096770665 4.211526426924303e-06 4.149689660456418e-05 1.4895227751270017e-07 0.0011732971096770665 4.211526426924303e-06 0.0013887812791132088 7.822890629461058e-06
59852.391098100234 0.0025585390370684103 6.591853636269424e-06 0.0011725149017539423 4.211057295011863e-06 4.14692316584551e-05 1.4893568536540528e-07 0.0011725149017539423 4.211057295011863e-06 0.001386024135314468 7.822118504847075e-06
59852.3913007272 0.002563223763361104 6.593128585287095e-06 0.0011758483476014161 4.211453961635675e-06 4.158712818826723e-05 1.4894971457739178e-07 0.0011758483476014161 4.211453961635675e-06 0.0013873754157596877 7.823406483949728e-06
59852.39150335416 0.002570740893274628 6.595223708515527e-06 0.0012261158714243561 4.2748658360028745e-06 4.336497816458068e-05 1.5119245085656113e-07 0.0012261158714243561 4.2748658360028745e-06 0.001344625021850272 7.859481769251067e-06
59852.391705981136 0.0025675371092166977 6.596256696887983e-06 0.0011849411306575268 4.217036401089532e-06 4.190871960378773e-05 1.491471529848568e-07 0.0011849411306575268 4.217036401089532e-06 0.001382595978559171 7.829048372526109e-06
59852.3919086081 0.0025695735729265408 6.598643038226031e-06 0.0011772123197971106 4.2136521052069846e-06 4.16353688365305e-05 1.4902745800294725e-07 0.0011772123197971106 4.2136521052069846e-06 0.0013923612531294301 7.829237128203752e-06
59852.39211123507 0.002570460560170589 6.600016550408407e-06 0.0011796346342513458 4.2157889428807985e-06 4.17210406852226e-05 1.4910303317591892e-07 0.0011796346342513458 4.2157889428807985e-06 0.001390825925919243 7.831544858875603e-06
59852.39231386204 0.0025609517683375365 6.59401266454538e-06 0.0011736387431668055 4.211106856762796e-06 4.1508979417590334e-05 1.489374382537718e-07 0.0011736387431668055 4.211106856762796e-06 0.001387313025170731 7.823964722521408e-06
59852.392516489 0.002576904223347297 6.601291809631109e-06 0.0011776051771115327 4.212433412719575e-06 4.164926332175718e-05 1.48984355573285e-07 0.0011776051771115327 4.212433412719575e-06 0.0013992990462357642 7.830814058097603e-06
59852.392719115975 0.0025736120485418124 6.602640937077637e-06 0.0011758222686880262 4.212256550495531e-06 4.158620583538357e-05 1.4897810035168437e-07 0.0011758222686880262 4.212256550495531e-06 0.0013977897798537861 7.831856267269336e-06
59852.39292174294 0.0025652904370537734 6.596819051056308e-06 0.001175783681184181 4.212576333507751e-06 4.158484108161057e-05 1.489894103621536e-07 0.001175783681184181 4.212576333507751e-06 0.0013895067558695924 7.827120860061449e-06
59852.393124369904 0.002565412659971941 6.593059753439397e-06 0.0011796864161742267 4.214980044574486e-06 4.172287209610911e-05 1.4907442425060595e-07 0.0011796864161742267 4.214980044574486e-06 0.001385726243797714 7.825247196643918e-06
59852.39332699688 0.0025683745483898127 6.596493901491503e-06 0.0011758727097930597 4.212156838336429e-06 4.1587989824539376e-05 1.489745737554605e-07 0.0011758727097930597 4.212156838336429e-06 0.001392501838596753 7.826621047627061e-06
59852.39352962384 0.0025664291205077035 6.595508316634039e-06 0.0011755943527733015 4.2119233549378875e-06 4.157814495884185e-05 1.4896631596945876e-07 0.0011755943527733015 4.2119233549378875e-06 0.001390834767734402 7.825664719540443e-06
59852.39373225081 0.002560762990606532 6.5885790336941126e-06 0.0011874084529177496 4.217592880985071e-06 4.199598327799109e-05 1.4916683443510265e-07 0.0011874084529177496 4.217592880985071e-06 0.0013733545376887824 7.822880760497989e-06
59852.39393487778 0.002561214085640251 6.590463586719667e-06 0.0011767138583886234 4.213276347337045e-06 4.161773937050799e-05 1.490141682868569e-07 0.0011767138583886234 4.213276347337045e-06 0.0013845002272516276 7.822142153330356e-06
59852.39413750474 0.002567571899356006 6.596885627307177e-06 0.0011835705247070006 4.215476032167284e-06 4.1860244334441645e-05 1.4909196622329618e-07 0.0011835705247070006 4.215476032167284e-06 0.0013840013746490056 7.828737967102286e-06
59852.394340131716 0.002566412116230542 6.592007981591161e-06 0.0011820610330061415 4.215821377610718e-06 4.180685698649766e-05 1.4910418031982882e-07 0.0011820610330061415 4.215821377610718e-06 0.0013843510832244003 7.824814318389997e-06
59852.39454275868 0.002565025014783437 6.596423246577025e-06 0.0011731568598647845 4.211267932950887e-06 4.1491936282143646e-05 1.4894313515856046e-07 0.0011731568598647845 4.211267932950887e-06 0.0013918681549186524 7.826083135967968e-06
59852.394745385645 0.0025695818335814474 6.596630173598105e-06 0.0011774799525672533 4.213528025532712e-06 4.164483440948641e-05 1.4902306958216996e-07 0.0011774799525672533 4.213528025532712e-06 0.001392101881014194 7.827473926444888e-06
59852.39494801262 0.002567152044589124 6.598619390441006e-06 0.0011763506156663675 4.212500592344933e-06 4.1604892287221503e-05 1.4898673156649628e-07 0.0011763506156663675 4.212500592344933e-06 0.0013908014289227566 7.828597518100572e-06
59852.39515063958 0.0025607207825698603 6.590417382141034e-06 0.0011727972562879294 4.210310425721067e-06 4.147921790729698e-05 1.4890927026774444e-07 0.0011727972562879294 4.210310425721067e-06 0.001387923526281931 7.820506067497307e-06
59852.39535326655 0.0025675655316461056 6.5982868397352214e-06 0.0011753606444495491 4.210062323995654e-06 4.156987921773809e-05 1.4890049546419133e-07 0.0011753606444495491 4.210062323995654e-06 0.0013922048871965564 7.827005429367652e-06
59852.39555589352 0.0025728038544568727 6.601681572827744e-06 0.0011753416075867182 4.2130220708555236e-06 4.156920592644465e-05 1.4900517509597998e-07 0.0011753416075867182 4.2130220708555236e-06 0.0013974622468701545 7.831459286654637e-06
59852.395758520484 0.0025677434948277057 6.597483425710514e-06 0.001183383466163154 4.216179397636937e-06 4.185362849179703e-05 1.4911684268802849e-07 0.001183383466163154 4.216179397636937e-06 0.0013843600286645517 7.829620441987152e-06
59852.39596114746 0.002568693446911067 6.598758215914097e-06 0.001179348740660106 4.2138608372246345e-06 4.171092926783502e-05 1.4903484038792292e-07 0.001179348740660106 4.2138608372246345e-06 0.0013893447062509612 7.829446541588319e-06
59852.39616377442 0.0025565654524944566 6.584407087633762e-06 0.0011691618942661734 4.209250799566447e-06 4.135064327714342e-05 1.4887179365878062e-07 0.0011691618942661734 4.209250799566447e-06 0.0013874035582282832 7.814871015527543e-06
59852.396366401386 0.0025526433268826774 6.583964110682763e-06 0.0011808572791137029 4.2148198826056326e-06 4.176428290155372e-05 1.4906875967970855e-07 0.0011808572791137029 4.2148198826056326e-06 0.0013717860477689746 7.817498964091165e-06
59852.39656902836 0.0025747094707207073 6.601867331483628e-06 0.0011806630337004118 4.215271363375714e-06 4.175741287539857e-05 1.4908472754554618e-07 0.0011806630337004118 4.215271363375714e-06 0.0013940464370202955 7.832826113824188e-06
59852.39677165532 0.002557186277651401 6.588425116145679e-06 0.001184773409290691 4.218018776753124e-06 4.1902787673877945e-05 1.4918189741659763e-07 0.001184773409290691 4.218018776753124e-06 0.0013724128683607099 7.822980756214418e-06
59852.39697428229 0.0025661965837401554 6.593677682829229e-06 0.0011748910874402807 4.211213305986497e-06 4.155327203571842e-05 1.4894120312491407e-07 0.0011748910874402807 4.211213305986497e-06 0.0013913054962998747 7.823739700012901e-06
59852.39717690926 0.002569898527903424 6.596667099108134e-06 0.0011819830432065219 4.2158987098587415e-06 4.180409866158206e-05 1.49106915388614e-07 0.0011819830432065219 4.2158987098587415e-06 0.001387915484696902 7.82878143444076e-06
59852.397379536225 0.0025760403782997634 6.600458771543897e-06 0.0011762010646948356 4.213183093565461e-06 4.1599603003585174e-05 1.490108701093659e-07 0.0011762010646948356 4.213183093565461e-06 0.0013998393136049278 7.830515166625794e-06
59852.3975821632 0.00256744438941502 6.595864146147538e-06 0.0011803736556483912 4.213987218719844e-06 4.174717822042048e-05 1.4903931021896247e-07 0.0011803736556483912 4.213987218719844e-06 0.0013870707337666289 7.827075578654444e-06
59852.39778479016 0.002558972100463495 6.59193486682823e-06 0.001169133503133872 4.209942752223439e-06 4.1349639146244366e-05 1.4889626647783526e-07 0.001169133503133872 4.209942752223439e-06 0.0013898385973296228 7.821587004278888e-06
59852.39798741713 0.0025606917591361883 6.592908897061428e-06 0.0011728837829648642 4.211546432113899e-06 4.148227816248442e-05 1.4895298505154722e-07 0.0011728837829648642 4.211546432113899e-06 0.0013878079761713241 7.823271123692637e-06
59852.3981900441 0.002545474885149488 6.580692694950158e-06 0.0011803369099518408 4.214820850740992e-06 4.174587860725529e-05 1.4906879392049255e-07 0.0011803369099518408 4.214820850740992e-06 0.001365137975197647 7.814744471139885e-06
59852.398392671064 0.0025735096686370805 6.598425852987231e-06 0.0011835268793535614 4.2157751918555006e-06 4.1858700695832124e-05 1.4910254683288586e-07 0.0011835268793535614 4.2157751918555006e-06 0.001389982789283519 7.830196945520244e-06
59852.39859529803 0.0025680905474282094 6.598300028912111e-06 0.0011800343141147385 4.213677890641833e-06 4.173517646875888e-05 1.490283699761508e-07 0.0011800343141147385 4.213677890641833e-06 0.001388056233313471 7.828961913154603e-06
59852.398797925 0.0025669558900371227 6.5939929095117836e-06 0.0011763588478020156 4.21176927151963e-06 4.160518343946164e-05 1.4896086638331118e-07 0.0011763588478020156 4.21176927151963e-06 0.001390597042235107 7.824304626432222e-06
59852.399000551966 0.0025695742878898953 6.5973497683226844e-06 0.001176654588697569 4.213746178991625e-06 4.161564313399536e-05 1.4903078518246746e-07 0.001176654588697569 4.213746178991625e-06 0.0013929196991923263 7.82819780195633e-06
59852.39920317894 0.00256472766138247 6.597124899644004e-06 0.0011681538690678061 4.209132563877499e-06 4.1314991678680896e-05 1.4886761192670375e-07 0.0011681538690678061 4.209132563877499e-06 0.001396573792314664 7.825525789478742e-06
59852.3994058059 0.0025546356862086884 6.587475349110004e-06 0.0011751102302117072 4.21151354660975e-06 4.156102262578851e-05 1.4895182196476024e-07 0.0011751102302117072 4.21151354660975e-06 0.0013795254559969812 7.818674940705068e-06
59852.39960843287 0.0025707258320981407 6.597226650917585e-06 0.0011808918090649857 4.215135377541601e-06 4.17655041487607e-05 1.4907991803050407e-07 0.0011808918090649857 4.215135377541601e-06 0.001389834023033155 7.828841915288623e-06
59852.39981105984 0.0025634909929724194 6.5944588502510535e-06 0.0011843394963490256 4.216988195469835e-06 4.188744114286959e-05 1.4914544805982134e-07 0.0011843394963490256 4.216988195469835e-06 0.0013791514966233938 7.827507711167482e-06
59852.400013686805 0.002576286026914708 6.601220110671657e-06 0.0011738623971665212 4.211195530479702e-06 4.1516889559723e-05 1.4894057444496467e-07 0.0011738623971665212 4.211195530479702e-06 0.0014024236297481868 7.83008778657482e-06
59852.40021631377 0.0025701279007129666 6.598540731702514e-06 0.0011773101690200748 4.213186510040465e-06 4.16388295448666e-05 1.490109909424514e-07 0.0011773101690200748 4.213186510040465e-06 0.0013928177316928918 7.828900328674781e-06
59852.40041894074 0.002568351716896753 6.597138976312563e-06 0.0011844388011008392 4.216443607437433e-06 4.189095333000818e-05 1.491261871981979e-07 0.0011844388011008392 4.216443607437433e-06 0.0013839129157959137 7.82947248334665e-06
59852.40062156771 0.0025710761403561887 6.600012568417087e-06 0.001179326869848371 4.214053789714319e-06 4.171015574610234e-05 1.4904166468625963e-07 0.001179326869848371 4.214053789714319e-06 0.0013917492705078178 7.830607591104865e-06
59852.40082419468 0.0025620804913067618 6.592352390358127e-06 0.001180594394567287 4.2148625804215804e-06 4.1754985262659375e-05 1.4907026980603461e-07 0.001180594394567287 4.2148625804215804e-06 0.0013814860967394748 7.82458795148336e-06
59852.401026821644 0.002569753985358718 6.596161042979735e-06 0.0011748742867387857 4.212019656632577e-06 4.155267783245391e-05 1.489697219451783e-07 0.0011748742867387857 4.212019656632577e-06 0.0013948796986199322 7.826266676569532e-06
59852.40122944861 0.0025648470287822165 6.595076102375717e-06 0.0011813400768821082 4.2145350800956125e-06 4.178135837963271e-05 1.4905868685142527e-07 0.0011813400768821082 4.2145350800956125e-06 0.0013835069519001083 7.826706506410203e-06
59852.40143207558 0.0025607239237359974 6.592310013207275e-06 0.0011785222406258619 4.2133395033161125e-06 4.168169780874268e-05 1.4901640197269123e-07 0.0011785222406258619 4.2133395033161125e-06 0.0013822016831101355 7.823731915169191e-06
59852.401634702546 0.00255942971080604 6.589968279449344e-06 0.0011749579619815388 4.210675961627016e-06 4.155563723878692e-05 1.489221984558132e-07 0.0011749579619815388 4.210675961627016e-06 0.0013844717488245013 7.820324416414715e-06
59852.40183732951 0.0025640645436144083 6.5960508995541596e-06 0.0011828700674836174 4.216113824187095e-06 4.1835470727880335e-05 1.4911452350165562e-07 0.0011828700674836174 4.216113824187095e-06 0.001381194476130791 7.828378072628504e-06
59852.40203995648 0.002549119180067686 6.584077857082021e-06 0.0011765383093237285 4.21141222502218e-06 4.161153059241173e-05 1.4894823844664832e-07 0.0011765383093237285 4.21141222502218e-06 0.0013725808707439574 7.815758066699868e-06
