WASP80b/WASP80b_WLP4/Results/345_radii/WASP80b_WLP4_nrca3_level3_asn_phot.ecsv
# %ECSV 0.9
# ---
# datatype:
# - {name: MJD, datatype: float64}
# - {name: aperture_sum, unit: Jy, datatype: float64}
# - {name: aperture_sum_err, unit: Jy, datatype: float64}
# - {name: annulus_sum, unit: Jy, datatype: float64}
# - {name: annulus_sum_err, unit: Jy, datatype: float64}
# - {name: annulus_mean, unit: Jy, datatype: float64}
# - {name: annulus_mean_err, unit: Jy, datatype: float64}
# - {name: aperture_bkg, unit: Jy, datatype: float64}
# - {name: aperture_bkg_err, unit: Jy, datatype: float64}
# - {name: net_aperture_sum, unit: Jy, datatype: float64}
# - {name: net_aperture_sum_err, unit: Jy, datatype: float64}
# meta: !!omap
# - {instrument: NIRCAM}
# - {detector: NRCA3}
# - {channel: SHORT}
# - {subarray: SUBGRISM256}
# - {filter: WLP4}
# - {pupil: CLEAR}
# - {target_name: UNKNOWN}
# - {xcenter: 1055.75}
# - {ycenter: 166.5}
# - ra_icrs: !numpy.ndarray
#     buffer: !!binary |
#       N3hKNXpxcnlja0E9
#     dtype: float64
#     order: C
#     shape: !!python/tuple []
# - dec_icrs: !numpy.ndarray
#     buffer: !!binary |
#       OGpMa01hd25BY0E9
#     dtype: float64
#     order: C
#     shape: !!python/tuple []
# - {apertures: Photometry measured in a circular aperture of r=3.0 pixels.  Background calculated as the mean in a circular annulus with
#     r_inner=4.0 pixels and r_outer=5.0 pixels.}
# - {number_of_integrations: 1227}
# - __serialized_columns__:
#     annulus_mean:
#       __class__: astropy.units.quantity.Quantity
#       unit: &id001 !astropy.units.Unit {unit: Jy}
#       value: !astropy.table.SerializedColumn {name: annulus_mean}
#     annulus_mean_err:
#       __class__: astropy.units.quantity.Quantity
#       unit: *id001
#       value: !astropy.table.SerializedColumn {name: annulus_mean_err}
#     annulus_sum:
#       __class__: astropy.units.quantity.Quantity
#       unit: *id001
#       value: !astropy.table.SerializedColumn {name: annulus_sum}
#     annulus_sum_err:
#       __class__: astropy.units.quantity.Quantity
#       unit: *id001
#       value: !astropy.table.SerializedColumn {name: annulus_sum_err}
#     aperture_bkg:
#       __class__: astropy.units.quantity.Quantity
#       unit: *id001
#       value: !astropy.table.SerializedColumn {name: aperture_bkg}
#     aperture_bkg_err:
#       __class__: astropy.units.quantity.Quantity
#       unit: *id001
#       value: !astropy.table.SerializedColumn {name: aperture_bkg_err}
#     aperture_sum:
#       __class__: astropy.units.quantity.Quantity
#       unit: *id001
#       value: !astropy.table.SerializedColumn {name: aperture_sum}
#     aperture_sum_err:
#       __class__: astropy.units.quantity.Quantity
#       unit: *id001
#       value: !astropy.table.SerializedColumn {name: aperture_sum_err}
#     net_aperture_sum:
#       __class__: astropy.units.quantity.Quantity
#       unit: *id001
#       value: !astropy.table.SerializedColumn {name: net_aperture_sum}
#     net_aperture_sum_err:
#       __class__: astropy.units.quantity.Quantity
#       unit: *id001
#       value: !astropy.table.SerializedColumn {name: net_aperture_sum_err}
# schema: astropy-2.0
MJD aperture_sum aperture_sum_err annulus_sum annulus_sum_err annulus_mean annulus_mean_err aperture_bkg aperture_bkg_err net_aperture_sum net_aperture_sum_err
[from data line 1009]
59852.40244521041 0.0025742485962799797 6.601097402264698e-06 0.001178759722846139 4.215391406937022e-06 4.169009702413235e-05 1.4908897321802808e-07 0.001178759722846139 4.215391406937022e-06 0.0013954888734338407 7.832241800906316e-06
59852.402647837385 0.00255740766632052 6.589695177335087e-06 0.001179799782710692 4.21328707561744e-06 4.17268816171446e-05 1.4901454772215817e-07 0.001179799782710692 4.21328707561744e-06 0.0013776078836098278 7.821500528144089e-06
59852.40285046435 0.002563466127120239 6.590747049839861e-06 0.0011763299762541173 4.213546050607083e-06 4.1604162317336584e-05 1.4902370708876682e-07 0.0011763299762541173 4.213546050607083e-06 0.0013871361508661219 7.822526254066482e-06
59852.40305309132 0.002567645987574186 6.5962082286826665e-06 0.001181334253254371 4.21441124866324e-06 4.178115241093469e-05 1.4905430721040924e-07 0.001181334253254371 4.21441124866324e-06 0.001386311734319815 7.82759383009876e-06
59852.40325571829 0.002560092252044047 6.590729672939079e-06 0.0011680933134178147 4.208215628514808e-06 4.131284996067462e-05 1.488351819721553e-07 0.0011680933134178147 4.208215628514808e-06 0.0013919989386262323 7.81964170520849e-06
59852.40345834525 0.0025518551140315936 6.586797252439224e-06 0.0011735369456180459 4.211463932042555e-06 4.1505379065794836e-05 1.489500672084006e-07 0.0011735369456180459 4.211463932042555e-06 0.0013783181684135478 7.818076905200936e-06
59852.403660972224 0.0025710864051274656 6.599346317546249e-06 0.001181249844427109 4.214913554876268e-06 4.177816705935706e-05 1.4907207265857574e-07 0.001181249844427109 4.214913554876268e-06 0.0013898365607003566 7.830508801731273e-06
59852.40386359919 0.0025661327667555905 6.595372688423892e-06 0.0011785644579443487 4.213555420300869e-06 4.16831909409474e-05 1.4902403847389599e-07 0.0011785644579443487 4.213555420300869e-06 0.0013875683088112418 7.826428954456473e-06
59852.404066226154 0.002567925212587177 6.595284047299666e-06 0.0011714453667910451 4.211119837260059e-06 4.143140459708739e-05 1.4893789734495028e-07 0.0011714453667910451 4.211119837260059e-06 0.0013964798457961319 7.825043255364833e-06
59852.404268853126 0.0025606156956110315 6.591180342509089e-06 0.0011766072581556755 4.212641344275053e-06 4.161396915850612e-05 1.4899170964770255e-07 0.0011766072581556755 4.212641344275053e-06 0.001384008437455356 7.822404067994298e-06
59852.40447148009 0.0025565711654321906 6.589013536831668e-06 0.001181054404147811 4.2156871267529e-06 4.177125477346161e-05 1.490994321670208e-07 0.001181054404147811 4.2156871267529e-06 0.0013755167612843795 7.8222194637597e-06
59852.40467410706 0.0025696491898001177 6.595126798762986e-06 0.0011800216044265243 4.214831334302754e-06 4.173472695549122e-05 1.4906916470064271e-07 0.0011800216044265243 4.214831334302754e-06 0.0013896275853735934 7.826908755593235e-06
59852.40487673403 0.00256612599229156 6.59494574811899e-06 0.0011780845994983124 4.214060309275404e-06 4.1666219420131604e-05 1.4904189526856485e-07 0.0011780845994983124 4.214060309275404e-06 0.0013880413927932476 7.826341016774255e-06
59852.40507936099 0.0025710478612199885 6.597646138250555e-06 0.0011781366409298242 4.215739490369581e-06 4.166806000925842e-05 1.49101284151117e-07 0.0011781366409298242 4.215739490369581e-06 0.0013929112202901643 7.829520676020598e-06
59852.405281987965 0.0025658485631008866 6.593414330773965e-06 0.0011825099072802232 4.214996927108137e-06 4.182273266639697e-05 1.4907502134809097e-07 0.0011825099072802232 4.214996927108137e-06 0.0013833386558206634 7.825555036723371e-06
59852.40548461493 0.0025748938129007545 6.6019921815821894e-06 0.0011777177652983247 4.2141378144439115e-06 4.1653245314304226e-05 1.490446364531611e-07 0.0011777177652983247 4.2141378144439115e-06 0.0013971760476024298 7.832321385438577e-06
59852.405687241895 0.0025732991344859448 6.598069608704773e-06 0.0011811648071748907 4.215307613868248e-06 4.177515948179317e-05 1.4908600964445204e-07 0.0011811648071748907 4.215307613868248e-06 0.001392134327311054 7.829645000946671e-06
59852.40588986887 0.0025628989159327997 6.592981310562836e-06 0.0011764089324906226 4.211802888312425e-06 4.160695482296498e-05 1.4896205533414322e-07 0.0011764089324906226 4.211802888312425e-06 0.0013864899834421772 7.823470210298479e-06
59852.40609249583 0.0025589991099005606 6.589252256911178e-06 0.0011777390774466807 4.212657410426527e-06 4.165399907736173e-05 1.4899227787157444e-07 0.0011777390774466807 4.212657410426527e-06 0.00138126003245388 7.82078818040935e-06
59852.406295122804 0.0025617643948517743 6.5920062231650875e-06 0.0011767283930333894 4.213043586296232e-06 4.1618253428410344e-05 1.4900593604903364e-07 0.0011767283930333894 4.213043586296232e-06 0.001385036001818385 7.823316579704484e-06
59852.40649774977 0.0025736692276950987 6.601422807183523e-06 0.0011758569791871323 4.211847027086798e-06 4.158743346816356e-05 1.489636164239484e-07 0.0011758569791871323 4.211847027086798e-06 0.0013978122485079664 7.830609073295811e-06
59852.406700376734 0.0025633228964794187 6.593648009771744e-06 0.0011751570211877061 4.212227295120443e-06 4.1562677518037915e-05 1.489770656544494e-07 0.0011751570211877061 4.212227295120443e-06 0.0013881658752917126 7.824260531355316e-06
59852.406903003706 0.002565603118528218 6.5946038527528195e-06 0.0011773602712236916 4.213794380515228e-06 4.164060154783669e-05 1.490324899626332e-07 0.0011773602712236916 4.213794380515228e-06 0.0013882428473045265 7.82590972705436e-06
59852.40710563067 0.0025743608479418573 6.6018407733331826e-06 0.001181419771223313 4.214168849419691e-06 4.1784176990374754e-05 1.4904573409089533e-07 0.001181419771223313 4.214168849419691e-06 0.0013929410767185442 7.832210459880643e-06
59852.407308257636 0.0025694398797624666 6.59692322908038e-06 0.0011784296248076513 4.214233116186474e-06 4.167842219423674e-05 1.4904800706280868e-07 0.0011784296248076513 4.214233116186474e-06 0.0013910102549548153 7.828100462305211e-06
59852.40751088461 0.0025702786461158107 6.5997708973747135e-06 0.0011741010877394007 4.211557878111661e-06 4.152533151184372e-05 1.4895338987090777e-07 0.0011741010877394007 4.211557878111661e-06 0.00139617755837641 7.829060969140465e-06
59852.40771351157 0.0025633152000830947 6.595910006590407e-06 0.0011771032998668998 4.213841802102846e-06 4.163151304524415e-05 1.4903416715820625e-07 0.0011771032998668998 4.213841802102846e-06 0.0013862119002161948 7.827035936303654e-06
59852.407916138545 0.002562573141643189 6.593232989132131e-06 0.001175225632863285 4.212415231300068e-06 4.156510415966507e-05 1.489837125371101e-07 0.001175225632863285 4.212415231300068e-06 0.0013873475087799042 7.824011971480426e-06
59852.40811876551 0.0025689081986632577 6.594917016455521e-06 0.0011825014421153592 4.215869820620503e-06 4.182243327243426e-05 1.4910589364082116e-07 0.0011825014421153592 4.215869820620503e-06 0.0013864067565478985 7.827291281046934e-06
59852.408321392475 0.0025694352940187123 6.596396086368363e-06 0.0011775190294324338 4.214023894689671e-06 4.1646216470876185e-05 1.4904060736604925e-07 0.0011775190294324338 4.214023894689671e-06 0.0013919162645862784 7.827543593827591e-06
59852.40852401945 0.0025598791092278786 6.589920966064171e-06 0.0011778934461024323 4.212681636823105e-06 4.1659458751722023e-05 1.4899313470507864e-07 0.0011778934461024323 4.212681636823105e-06 0.0013819856631254463 7.82136464513698e-06
59852.40872664641 0.0025654157332989 6.592165533245854e-06 0.0011798549224435045 4.213602850965672e-06 4.1728831786264124e-05 1.4902571599050879e-07 0.0011798549224435045 4.213602850965672e-06 0.0013855608108553955 7.823752002931882e-06
59852.40892927338 0.0025651334119238664 6.593819197357709e-06 0.0011767161258821207 4.213101804441481e-06 4.161781956668544e-05 1.4900799509472122e-07 0.0011767161258821207 4.213101804441481e-06 0.0013884172860417457 7.824875617032587e-06
59852.40913190035 0.002567180709998407 6.597754463918161e-06 0.0011760068333018273 4.211437647920562e-06 4.159273347329609e-05 1.4894913759774725e-07 0.0011760068333018273 4.211437647920562e-06 0.0013911738766965796 7.827296533827929e-06
59852.409334527314 0.0025659599369754647 6.593438069432124e-06 0.0011695192245109339 4.209556192210841e-06 4.13632812493145e-05 1.4888259471410045e-07 0.0011695192245109339 4.209556192210841e-06 0.0013964407124645308 7.822645902175136e-06
59852.40953715428 0.002567388656223631 6.595891427283113e-06 0.001171342549777348 4.2118843682823215e-06 4.142776818909542e-05 1.4896493709858142e-07 0.001171342549777348 4.2118843682823215e-06 0.001396046106446283 7.825966627343094e-06
59852.40973978125 0.002570836338551243 6.599139785306172e-06 0.0011822414381474078 4.215138436978111e-06 4.1813237513162486e-05 1.49080026235936e-07 0.0011822414381474078 4.215138436978111e-06 0.0013885949004038352 7.830455794454181e-06
59852.409942408216 0.002554929543940919 6.586531673035209e-06 0.001173652116505131 4.211184567661599e-06 4.1509452402679255e-05 1.489401867145888e-07 0.001173652116505131 4.211184567661599e-06 0.001381277427435788 7.817702664006044e-06
59852.41014503519 0.0025668437898686675 6.597040328758117e-06 0.0011722115152201036 4.210764383603844e-06 4.145850155478222e-05 1.4892532574352214e-07 0.0011722115152201036 4.210764383603844e-06 0.001394632274648564 7.82633233344251e-06
59852.41034766215 0.0025565996715795646 6.589639689552538e-06 0.0011775626374603714 4.2144469099677416e-06 4.1647758789366134e-05 1.4905556847105112e-07 0.0011775626374603714 4.2144469099677416e-06 0.0013790370341191932 7.822078623681988e-06
59852.41055028912 0.002557775898704034 6.590218486246559e-06 0.0011718298627680958 4.21074637832144e-06 4.144500336049774e-05 1.4892468893692294e-07 0.0011718298627680958 4.21074637832144e-06 0.0013859460359359381 7.820573173304691e-06
59852.41075291609 0.0025559690196560315 6.589746227158227e-06 0.001175465588997157 4.212566793825144e-06 4.157359087184972e-05 1.4898907296489973e-07 0.001175465588997157 4.212566793825144e-06 0.0013805034306588746 7.821155562369562e-06
59852.410955543055 0.00256936495132568 6.5974461695462895e-06 0.0011708269297601936 4.210322238765328e-06 4.140953186143159e-05 1.4890968806871937e-07 0.0011708269297601936 4.210322238765328e-06 0.0013985380215654863 7.826436565532418e-06
59852.41115817002 0.002558646801039033 6.589523749415923e-06 0.0011787102179686493 4.2146876461048855e-06 4.1688346147252434e-05 1.490640827702083e-07 0.0011787102179686493 4.2146876461048855e-06 0.0013799365830703839 7.822110661346183e-06
59852.41136079699 0.0025702227613206364 6.599027637241769e-06 0.001179471302029785 4.214407553828991e-06 4.171526398957203e-05 1.490541765323793e-07 0.001179471302029785 4.214407553828991e-06 0.0013907514592908514 7.829967866271965e-06
59852.41156342396 0.00256143318273399 6.594220426525694e-06 0.0011712745580074906 4.210004047266843e-06 4.142536347214823e-05 1.488984343465341e-07 0.0011712745580074906 4.210004047266843e-06 0.0013901586247264993 7.823546325779115e-06
59852.41176605093 0.00256668541391583 6.5965075363602665e-06 0.0011704070384071772 4.209484990530683e-06 4.1394681242677345e-05 1.4888007646979966e-07 0.0011704070384071772 4.209484990530683e-06 0.0013962783755086527 7.825194921710314e-06
59852.411968677894 0.0025652510384731424 6.597080069719365e-06 0.0011732722360818801 4.212441271875189e-06 4.149601688109165e-05 1.4898463353405488e-07 0.0011732722360818801 4.212441271875189e-06 0.0013919788023912623 7.827268164263054e-06
59852.41217130486 0.002564170891297873 6.592755523929992e-06 0.0011778800430897968 4.213569045814772e-06 4.165898471711908e-05 1.4902452037787151e-07 0.0011778800430897968 4.213569045814772e-06 0.0013862908482080761 7.824230920809906e-06
59852.41237393183 0.002562927561346304 6.594584363065418e-06 0.001171302846032958 4.210043306034586e-06 4.1426363956389e-05 1.4889982284141098e-07 0.001171302846032958 4.210043306034586e-06 0.001391624715313346 7.823874204016419e-06
59852.412576558796 0.0025610206082378093 6.589132980222873e-06 0.0011772587540432086 4.213229484299962e-06 4.163701111204055e-05 1.49012510845968e-07 0.0011772587540432086 4.213229484299962e-06 0.0013837618541946007 7.820995852091682e-06
59852.41277918576 0.002550146544966154 6.5922297240233874e-06 0.0011780685057329683 4.222718193219845e-06 4.166565021961883e-05 1.4934810527444792e-07 0.0011780685057329683 4.222718193219845e-06 0.0013720780392331856 7.8287190314666e-06
59852.41298181273 0.002563690657981122 6.600953714162605e-06 0.0011772792751873747 4.219981311839294e-06 4.163773689904765e-05 1.4925130789658773e-07 0.0011772792751873747 4.219981311839294e-06 0.0013864113827937472 7.834592025676256e-06
59852.4131844397 0.002568932479994335 6.6013013058325e-06 0.0011794421150851462 4.221865608212785e-06 4.1714231712569136e-05 1.4931795124816352e-07 0.0011794421150851462 4.221865608212785e-06 0.0013894903649091888 7.835899957515777e-06
59852.41338706667 0.002562835064952269 6.603311014368947e-06 0.001174796671022085 4.218689066050934e-06 4.154993273801512e-05 1.4920560405105278e-07 0.001174796671022085 4.218689066050934e-06 0.0013880383939301841 7.835882451166809e-06
59852.413589693635 0.0025732635987196187 6.608453704300593e-06 0.0011802931218803199 4.222350823283196e-06 4.174432992102618e-05 1.493351122208121e-07 0.0011802931218803199 4.222350823283196e-06 0.0013929704768392988 7.842187630805865e-06
59852.4137923206 0.002565574759821546 6.602868602112651e-06 0.0011817573604555737 4.222160118942655e-06 4.179611676705228e-05 1.493283674344863e-07 0.0011817573604555737 4.222160118942655e-06 0.0013838173993659724 7.837379016403055e-06
59852.41399494757 0.002563287773648249 6.600808333509952e-06 0.0011708252592842981 4.217547038732276e-06 4.140947278043246e-05 1.4916521309707268e-07 0.0011708252592842981 4.217547038732276e-06 0.0013924625143639506 7.83315860171705e-06
59852.41419757454 0.002559404692151785 6.598448247431963e-06 0.001178383141106998 4.219973904174379e-06 4.167677816962958e-05 1.4925104590403482e-07 0.001178383141106998 4.219973904174379e-06 0.0013810215510447871 7.832477196005788e-06
59852.4144002015 0.002568863724574363 6.605602322296804e-06 0.001177581917358055 4.220306489738615e-06 4.164844067625917e-05 1.4926280871215684e-07 0.001177581917358055 4.220306489738615e-06 0.001391281807216308 7.838684131132138e-06
59852.414602828474 0.002579008719925934 6.613169421556375e-06 0.0011777291097417831 4.220012142236468e-06 4.1653646541916016e-05 1.492523982988339e-07 0.0011777291097417831 4.220012142236468e-06 0.0014012796101841507 7.84490358633116e-06
59852.41480545544 0.002570321283984873 6.60428970921769e-06 0.0011752763363328902 4.2199587570973e-06 4.156689742806942e-05 1.4925051018577027e-07 0.0011752763363328902 4.2199587570973e-06 0.0013950449476519827 7.837390795084859e-06
59852.415008082404 0.002564056192168844 6.599870497809828e-06 0.001176651153250944 4.21984500669803e-06 4.1615521629926e-05 1.492464870883653e-07 0.001176651153250944 4.21984500669803e-06 0.0013874050389179001 7.83360596841677e-06
59852.415210709376 0.0025623252437405146 6.602634632800554e-06 0.0011789086340370277 4.2208166760303156e-06 4.169536368015716e-05 1.4928085286109506e-07 0.0011789086340370277 4.2208166760303156e-06 0.0013834166097034869 7.836458224664565e-06
59852.41541333634 0.002566585831934188 6.6014067607159436e-06 0.001180396666671021 4.2221452281847954e-06 4.1747992068864286e-05 1.4932784078165969e-07 0.001180396666671021 4.2221452281847954e-06 0.001386189165263167 7.836139454368445e-06
59852.41561596331 0.0025703433601094536 6.606112323227767e-06 0.0011750739485339478 4.219248540188948e-06 4.155973942393094e-05 1.4922539140096322e-07 0.0011750739485339478 4.219248540188948e-06 0.0013952694115755059 7.838544397462347e-06
