WASP80b/WASP80b_WLP4/Results/345_radii/WASP80b_WLP4_nrca3_level3_asn_phot.ecsv
# %ECSV 0.9
# ---
# datatype:
# - {name: MJD, datatype: float64}
# - {name: aperture_sum, unit: Jy, datatype: float64}
# - {name: aperture_sum_err, unit: Jy, datatype: float64}
# - {name: annulus_sum, unit: Jy, datatype: float64}
# - {name: annulus_sum_err, unit: Jy, datatype: float64}
# - {name: annulus_mean, unit: Jy, datatype: float64}
# - {name: annulus_mean_err, unit: Jy, datatype: float64}
# - {name: aperture_bkg, unit: Jy, datatype: float64}
# - {name: aperture_bkg_err, unit: Jy, datatype: float64}
# - {name: net_aperture_sum, unit: Jy, datatype: float64}
# - {name: net_aperture_sum_err, unit: Jy, datatype: float64}
# meta: !!omap
# - {instrument: NIRCAM}
# - {detector: NRCA3}
# - {channel: SHORT}
# - {subarray: SUBGRISM256}
# - {filter: WLP4}
# - {pupil: CLEAR}
# - {target_name: UNKNOWN}
# - {xcenter: 1055.75}
# - {ycenter: 166.5}
# - ra_icrs: !numpy.ndarray
#     buffer: !!binary |
#       N3hKNXpxcnlja0E9
#     dtype: float64
#     order: C
#     shape: !!python/tuple []
# - dec_icrs: !numpy.ndarray
#     buffer: !!binary |
#       OGpMa01hd25BY0E9
#     dtype: float64
#     order: C
#     shape: !!python/tuple []
# - {apertures: Photometry measured in a circular aperture of r=3.0 pixels.  Background calculated as the mean in a circular annulus with
#     r_inner=4.0 pixels and r_outer=5.0 pixels.}
# - {number_of_integrations: 1227}
# - __serialized_columns__:
#     annulus_mean:
#       __class__: astropy.units.quantity.Quantity
#       unit: &id001 !astropy.units.Unit {unit: Jy}
#       value: !astropy.table.SerializedColumn {name: annulus_mean}
#     annulus_mean_err:
#       __class__: astropy.units.quantity.Quantity
#       unit: *id001
#       value: !astropy.table.SerializedColumn {name: annulus_mean_err}
#     annulus_sum:
#       __class__: astropy.units.quantity.Quantity
#       unit: *id001
#       value: !astropy.table.SerializedColumn {name: annulus_sum}
#     annulus_sum_err:
#       __class__: astropy.units.quantity.Quantity
#       unit: *id001
#       value: !astropy.table.SerializedColumn {name: annulus_sum_err}
#     aperture_bkg:
#       __class__: astropy.units.quantity.Quantity
#       unit: *id001
#       value: !astropy.table.SerializedColumn {name: aperture_bkg}
#     aperture_bkg_err:
#       __class__: astropy.units.quantity.Quantity
#       unit: *id001
#       value: !astropy.table.SerializedColumn {name: aperture_bkg_err}
#     aperture_sum:
#       __class__: astropy.units.quantity.Quantity
#       unit: *id001
#       value: !astropy.table.SerializedColumn {name: aperture_sum}
#     aperture_sum_err:
#       __class__: astropy.units.quantity.Quantity
#       unit: *id001
#       value: !astropy.table.SerializedColumn {name: aperture_sum_err}
#     net_aperture_sum:
#       __class__: astropy.units.quantity.Quantity
#       unit: *id001
#       value: !astropy.table.SerializedColumn {name: net_aperture_sum}
#     net_aperture_sum_err:
#       __class__: astropy.units.quantity.Quantity
#       unit: *id001
#       value: !astropy.table.SerializedColumn {name: net_aperture_sum_err}
# schema: astropy-2.0
MJD aperture_sum aperture_sum_err annulus_sum annulus_sum_err annulus_mean annulus_mean_err aperture_bkg aperture_bkg_err net_aperture_sum net_aperture_sum_err
[from data line 1076]
59852.41602121724 0.0025627146499420874 6.6024751552084435e-06 0.001181184655293159 4.222944112048177e-06 4.177586146537839e-05 1.4935609551850715e-07 0.001181184655293159 4.222944112048177e-06 0.0013815299946489284 7.837469945628317e-06
59852.416223844215 0.002562469955718316 6.599637093646619e-06 0.0011725488304009633 4.2185312687574e-06 4.147043163887417e-05 1.4920002311343668e-07 0.0011725488304009633 4.2185312687574e-06 0.0013899211253173528 7.832701694391298e-06
59852.41642647118 0.0025670221391139022 6.603645961989814e-06 0.0011770656344034893 4.219492072646252e-06 4.163018090198067e-05 1.4923400459971506e-07 0.0011770656344034893 4.219492072646252e-06 0.001389956504710413 7.836597051171441e-06
59852.416629098145 0.0025778515120942033 6.609526169316792e-06 0.001180021457102234 4.221058309177527e-06 4.173472174496032e-05 1.492893988854936e-07 0.001180021457102234 4.221058309177527e-06 0.0013978300549919694 7.842395643702257e-06
59852.41683172512 0.0025624703219923 6.6015023370787475e-06 0.0011745667396678915 4.219293287544275e-06 4.154180057988363e-05 1.4922697401491668e-07 0.0011745667396678915 4.219293287544275e-06 0.0013879035823244083 7.834683717468902e-06
59852.41703435208 0.0025608316014250213 6.600835070247227e-06 0.0011742101093587555 4.218659098918665e-06 4.152918736287132e-05 1.4920454418055704e-07 0.0011742101093587555 4.218659098918665e-06 0.0013866214920662658 7.833779944413486e-06
59852.417236979054 0.0025648417221189384 6.604361845734455e-06 0.0011771842582398938 4.220247508233127e-06 4.163437636196563e-05 1.4926072266812365e-07 0.0011771842582398938 4.220247508233127e-06 0.0013876574638790446 7.83760705956486e-06
59852.41743960602 0.00257573251400886 6.609551002115539e-06 0.0011768584266282195 4.220142561020669e-06 4.162285242605151e-05 1.4925701091976222e-07 0.0011768584266282195 4.220142561020669e-06 0.0013988740873806405 7.84192372348167e-06
59852.417642232984 0.002562099213567343 6.599374263410436e-06 0.0011770586643356164 4.220140376022722e-06 4.1629934386257194e-05 1.4925693364126804e-07 0.0011770586643356164 4.220140376022722e-06 0.0013850405492317266 7.833347015286712e-06
59852.417844859956 0.0025531995842391257 6.594771867193053e-06 0.0011724558253590654 4.218226847950791e-06 4.1467142258396274e-05 1.4918925642984739e-07 0.0011724558253590654 4.218226847950791e-06 0.0013807437588800604 7.828438779290147e-06
59852.41804748692 0.0025679510856827337 6.605391726149092e-06 0.001176363364842313 4.219889492420013e-06 4.1605343197081965e-05 1.4924806044893206e-07 0.001176363364842313 4.219889492420013e-06 0.0013915877208404207 7.83828215772536e-06
59852.418250113886 0.0025661122856145196 6.6036663086158905e-06 0.0011800091341297866 4.221856346448462e-06 4.1734285908965086e-05 1.4931762368025824e-07 0.0011800091341297866 4.221856346448462e-06 0.001386103151484733 7.837887452980922e-06
59852.41845274086 0.0025741746305443986 6.607442365696372e-06 0.0011794347983618927 4.221207539773698e-06 4.171397293641957e-05 1.4929467683816944e-07 0.0011794347983618927 4.221207539773698e-06 0.001394739832182506 7.840719846407062e-06
59852.41865536782 0.002562103369709526 6.601147103501139e-06 0.0011772156013309491 4.219763549528988e-06 4.163548489704857e-05 1.4924360613034229e-07 0.0011772156013309491 4.219763549528988e-06 0.001384887768378577 7.834637674838255e-06
59852.418857994795 0.002567287218295557 6.604148147141047e-06 0.001184542270156806 4.225651305166761e-06 4.1894612799278e-05 1.4945184288889092e-07 0.001184542270156806 4.225651305166761e-06 0.001382744948138751 7.84033811147479e-06
59852.41906062176 0.0025607896006393373 6.599032431388053e-06 0.0011841207064949013 4.223140189113386e-06 4.1879703034695764e-05 1.493630303260971e-07 0.0011841207064949013 4.223140189113386e-06 0.001376668894144436 7.834675621071746e-06
59852.419263248725 0.0025653033610150986 6.6051077769306604e-06 0.0011756980114203833 4.219744156428443e-06 4.15818111335257e-05 1.4924292023971706e-07 0.0011756980114203833 4.219744156428443e-06 0.0013896053495947153 7.837964626775365e-06
59852.4194658757 0.002572332988381934 6.606527133634274e-06 0.001189655629528259 4.225556925395365e-06 4.207546089256066e-05 1.4944850488730302e-07 0.001189655629528259 4.225556925395365e-06 0.0013826773588536752 7.84229125302055e-06
59852.41966850266 0.002558550819949717 6.5972726185740934e-06 0.001177635493793637 4.222392152300188e-06 4.165033555504942e-05 1.4933657393577823e-07 0.001177635493793637 4.222392152300188e-06 0.0013809153261560801 7.832790147297047e-06
59852.41987112963 0.0025606404072089843 6.596531051364642e-06 0.0011799121301774595 4.221504420290252e-06 4.173085509596235e-05 1.4930517683855103e-07 0.0011799121301774595 4.221504420290252e-06 0.0013807282770315248 7.831687013801563e-06
59852.4200737566 0.0025644085963407353 6.604169244770409e-06 0.0011738523725291915 4.2196079591709185e-06 4.15165350107044e-05 1.4923810324710138e-07 0.0011738523725291915 4.2196079591709185e-06 0.0013905562238115438 7.83710040401869e-06
59852.420276383564 0.0025694710659686136 6.6043828656121946e-06 0.001170746767690424 4.217057227185825e-06 4.140669670817552e-05 1.491478895573391e-07 0.001170746767690424 4.217057227185825e-06 0.0013987242982781895 7.835907394357857e-06
59852.420479010536 0.002551986484073712 6.5903713446479225e-06 0.001180802671416114 4.222868165616449e-06 4.1762351549331025e-05 1.493534094629472e-07 0.001180802671416114 4.222868165616449e-06 0.0013711838126575981 7.827235144323524e-06
59852.4206816375 0.0025751149758403992 6.60929218577251e-06 0.0011799821029657227 4.221934133492089e-06 4.173332987710324e-05 1.4932037483414753e-07 0.0011799821029657227 4.221934133492089e-06 0.0013951328728746765 7.842669891335422e-06
59852.420884264466 0.002566571878191647 6.603391031535659e-06 0.0011753886172190778 4.2187334805321386e-06 4.157086855208086e-05 1.4920717489199247e-07 0.0011753886172190778 4.2187334805321386e-06 0.0013911832609725693 7.835973793672896e-06
59852.42108689144 0.0025662785826689374 6.6049982679462875e-06 0.0011738636462779457 4.218476627119191e-06 4.151693373800249e-05 1.4919809056081008e-07 0.0011738636462779457 4.218476627119191e-06 0.0013924149363909917 7.837190004914029e-06
59852.4212895184 0.002567545944271786 6.603977569711593e-06 0.001175623551472029 4.219832110924733e-06 4.157917765156059e-05 1.492460309936841e-07 0.001175623551472029 4.219832110924733e-06 0.0013919223927997568 7.837059575226242e-06
59852.42149214537 0.002565970110795975 6.603282888609121e-06 0.0011850376545515166 4.223262444473354e-06 4.1912133438199944e-05 1.4936735422495454e-07 0.0011850376545515166 4.223262444473354e-06 0.0013809324562444585 7.83832192384933e-06
59852.42169477234 0.0025737650086076905 6.6104595645059895e-06 0.0011853510179085458 4.223527878960918e-06 4.1923216399812185e-05 1.4937674204956852e-07 0.0011853510179085458 4.223527878960918e-06 0.0013884139906991447 7.844511673668975e-06
59852.421897399305 0.0025723791673833113 6.605783092017784e-06 0.0011742766368624214 4.217948959266365e-06 4.153154029199577e-05 1.4917942812812388e-07 0.0011742766368624214 4.217948959266365e-06 0.0013981025305208898 7.837567459471353e-06
59852.42210002627 0.002566967964769035 6.604284375921684e-06 0.0011723899364146195 4.218104087765237e-06 4.146481191368435e-05 1.491849146764372e-07 0.0011723899364146195 4.218104087765237e-06 0.0013945780283544154 7.836387829431687e-06
59852.42230265324 0.0025593492126871347 6.599470354195147e-06 0.0011748121791917115 4.219834255898745e-06 4.155048122731609e-05 1.4924610685662117e-07 0.0011748121791917115 4.219834255898745e-06 0.0013845370334954232 7.833263055914638e-06
59852.42250528021 0.0025596009327692975 6.598685432227345e-06 0.001177921021482042 4.220231921758836e-06 4.166043403127147e-05 1.4926017140936172e-07 0.001177921021482042 4.220231921758836e-06 0.0013816799112872555 7.832816026622972e-06
59852.42270790718 0.0025682183284729543 6.6049978521326925e-06 0.0011800415044604534 4.221949578192639e-06 4.1735430775217336e-05 1.4932092107868912e-07 0.0011800415044604534 4.221949578192639e-06 0.0013881768240125009 7.839059565246235e-06
59852.422910534144 0.002571949169705832 6.608076050382597e-06 0.0011852513187050658 4.22327723679291e-06 4.19196902617997e-05 1.4936787739623835e-07 0.0011852513187050658 4.22327723679291e-06 0.001386697851000766 7.84236824603724e-06
59852.42311316111 0.0025591001617231565 6.60126088378811e-06 0.0011749106525317163 4.219550572802172e-06 4.1553964009277095e-05 1.4923607361948978e-07 0.0011749106525317163 4.219550572802172e-06 0.0013841895091914402 7.834618835161422e-06
59852.42331578808 0.0025661874621541437 6.605012763859949e-06 0.0011815913931367888 4.22237514336705e-06 4.179024687390199e-05 1.4933597236782582e-07 0.0011815913931367888 4.22237514336705e-06 0.0013845960690173549 7.839301337624211e-06
59852.423518415046 0.002581288604144351 6.61460182023035e-06 0.001182950785244616 4.222007935649256e-06 4.183832553469328e-05 1.493229850515084e-07 0.001182950785244616 4.222007935649256e-06 0.001398337818899735 7.84718473395905e-06
59852.42372104201 0.002558911569330494 6.59827937946893e-06 0.0011803349035956181 4.221816215966971e-06 4.174580764691964e-05 1.4931620435481428e-07 0.0011803349035956181 4.221816215966971e-06 0.0013785766657348757 7.833327704808894e-06
59852.42392366898 0.0025600879611133924 6.599923891411566e-06 0.0011814047116463144 4.222346567127628e-06 4.178364436679249e-05 1.4933496169010162e-07 0.0011814047116463144 4.222346567127628e-06 0.001378683249467078 7.83499878145234e-06
59852.42412629595 0.0025764129845190368 6.609851560079032e-06 0.001181024353067019 4.222726566268062e-06 4.17701919338942e-05 1.4934840141045067e-07 0.001181024353067019 4.222726566268062e-06 0.0013953886314520179 7.84356789348733e-06
59852.42432892292 0.002564412513282134 6.6035484381464e-06 0.001179212325905452 4.221546306669559e-06 4.170610458283194e-05 1.493066582661766e-07 0.001179212325905452 4.221546306669559e-06 0.0013852001873766822 7.837621143835747e-06
59852.424531549885 0.0025544850863130453 6.594736011406512e-06 0.0011762413161560627 4.2200759647389245e-06 4.1601026607812054e-05 1.4925465555811087e-07 0.0011762413161560627 4.2200759647389245e-06 0.0013782437701569826 7.829405099259397e-06
59852.42473417685 0.002573969339074268 6.609533443464659e-06 0.00117627426104366 4.220379828325462e-06 4.160219179485888e-05 1.4926540253407154e-07 0.00117627426104366 4.220379828325462e-06 0.001397695078030608 7.842036612743799e-06
59852.42493680382 0.002565283644082759 6.604436810081089e-06 0.001181224765515281 4.2216090940654355e-06 4.177728007429377e-05 1.4930887891604716e-07 0.001181224765515281 4.2216090940654355e-06 0.0013840588785674782 7.838403467636127e-06
59852.42513943079 0.0025635183876461308 6.600072283593327e-06 0.001177499025751322 4.220524140129531e-06 4.164550898538085e-05 1.4927050652006356e-07 0.001177499025751322 4.220524140129531e-06 0.0013860193618948089 7.83414182703332e-06
59852.42534205775 0.002569869230479141 6.602594901280156e-06 0.001181003256995625 4.222165257367913e-06 4.176944581299594e-05 1.4932854916910397e-07 0.001181003256995625 4.222165257367913e-06 0.0013888659734835162 7.837151197401729e-06
59852.425544684724 0.0025558626704769807 6.595166137347679e-06 0.0011746870646769743 4.219988013559643e-06 4.1546056206544313e-05 1.4925154492145899e-07 0.0011746870646769743 4.219988013559643e-06 0.0013811756058000064 7.829719995874984e-06
59852.42574731169 0.0025603073818068318 6.6013530240624245e-06 0.001175562726037551 4.220022775416836e-06 4.157702639187995e-05 1.4925277437065973e-07 0.001175562726037551 4.220022775416836e-06 0.0013847446557692807 7.83495079584645e-06
59852.42594993866 0.0025624654805970334 6.601445956400378e-06 0.001181072378813917 4.2220989148902035e-06 4.177189049723076e-05 1.493262027839341e-07 0.001181072378813917 4.2220989148902035e-06 0.0013813931017831163 7.836147520458759e-06
59852.426152565626 0.0025668590401541277 6.606004885239381e-06 0.0011725368094220327 4.219367416836842e-06 4.14700064837147e-05 1.4922959580232555e-07 0.0011725368094220327 4.219367416836842e-06 0.001394322230732095 7.838517840897663e-06
59852.42635519259 0.0025664341034160455 6.603608669447456e-06 0.0011775836443558394 4.22039839184347e-06 4.164850175631119e-05 1.4926605908421647e-07 0.0011775836443558394 4.22039839184347e-06 0.0013888504590602061 7.837053658427798e-06
59852.42655781956 0.0025773180209834197 6.608698472255524e-06 0.001184053173104357 4.222661070399131e-06 4.187731452960046e-05 1.4934608496794124e-07 0.001184053173104357 4.222661070399131e-06 0.0013932648478790627 7.842560934583603e-06
59852.42676044653 0.002553135955747222 6.594582605893013e-06 0.00118033441617214 4.222496209361546e-06 4.1745790407840545e-05 1.4934025420148458e-07 0.00118033441617214 4.222496209361546e-06 0.001372801539575082 7.830580692644658e-06
59852.42696307349 0.002565355719335937 6.602719853422193e-06 0.0011815296269540572 4.22286057042083e-06 4.178806234205807e-05 1.4935314083785244e-07 0.0011815296269540572 4.22286057042083e-06 0.0013838260923818796 7.837631074501436e-06
59852.427165700465 0.0025630474707663913 6.59953027072522e-06 0.0011737534501759445 4.218852481138658e-06 4.1513036348148504e-05 1.4921138367749434e-07 0.0011737534501759445 4.218852481138658e-06 0.0013892940205904468 7.832784693314907e-06
59852.42736832743 0.0025710172520810926 6.606245094771961e-06 0.001175543992408884 4.218826341138463e-06 4.1576363825301195e-05 1.492104591641069e-07 0.001175543992408884 4.218826341138463e-06 0.0013954732596722086 7.83842904853277e-06
59852.4275709544 0.002562722661562262 6.603710604589935e-06 0.0011740100265460465 4.219083210904974e-06 4.152211088094457e-05 1.4921954407367828e-07 0.0011740100265460465 4.219083210904974e-06 0.0013887126350162155 7.836431387418242e-06
59852.42777358137 0.002575406487484202 6.609957847380888e-06 0.0011782573044665271 4.221438050870575e-06 4.1672327608884475e-05 1.49302829500504e-07 0.0011782573044665271 4.221438050870575e-06 0.0013971491830176749 7.842963850579074e-06
59852.42797620833 0.002560359608803337 6.5947191623375015e-06 0.0011818685193244465 4.222928789657179e-06 4.180004820781887e-05 1.4935555359978106e-07 0.0011818685193244465 4.222928789657179e-06 0.0013784910894788906 7.830928961024796e-06
59852.428178835304 0.002562242258907105 6.598841683605415e-06 0.0011748352015206137 4.219302811188971e-06 4.155129547563748e-05 1.492273108449455e-07 0.0011748352015206137 4.219302811188971e-06 0.0013874070573864914 7.832447112990646e-06
59852.42838146227 0.002570558703498417 6.606149337095172e-06 0.001172028708319757 4.217068474950902e-06 4.145203608326634e-05 1.491482873656526e-07 0.001172028708319757 4.217068474950902e-06 0.00139852999517866 7.837402349403003e-06
59852.42858408923 0.002576200095435014 6.608779525982038e-06 0.0011831020752837709 4.222905205977256e-06 4.1843676325264855e-05 1.493547194977286e-07 0.0011831020752837709 4.222905205977256e-06 0.001393098020151243 7.842760687519999e-06
59852.428786716206 0.002565334139061917 6.6071424892063255e-06 0.0011743342993673672 4.219696294746725e-06 4.153357968592758e-05 1.4924122747899923e-07 0.0011743342993673672 4.219696294746725e-06 0.00139099983969455 7.839653607945621e-06
59852.42898934317 0.002550629394229452 6.593911818814621e-06 0.001177736623899917 4.220106580014671e-06 4.165391230089605e-05 1.4925573835199288e-07 0.001177736623899917 4.220106580014671e-06 0.001372892770329535 7.82872739472938e-06
59852.429191970135 0.0025702894959253953 6.60851474203321e-06 0.0011775913555215577 4.2207155920270245e-06 4.1648774483009204e-05 1.492772777458081e-07 0.0011775913555215577 4.2207155920270245e-06 0.0013926981404038376 7.841358760090646e-06
59852.42939459711 0.002567887058967866 6.6023513408487285e-06 0.0011813646009682702 4.222750366256397e-06 4.1782225741752156e-05 1.4934924316284823e-07 0.0011813646009682702 4.222750366256397e-06 0.001386522457999596 7.837261248913778e-06
