HATP14b/Results/506070_radii/HATP14b_WLP8_nrca3_level3_asn_phot.ecsv
# %ECSV 0.9
# ---
# datatype:
# - {name: MJD, datatype: float64}
# - {name: aperture_sum, unit: Jy, datatype: float64}
# - {name: aperture_sum_err, unit: Jy, datatype: float64}
# - {name: annulus_sum, unit: Jy, datatype: float64}
# - {name: annulus_sum_err, unit: Jy, datatype: float64}
# - {name: annulus_mean, unit: Jy, datatype: float64}
# - {name: annulus_mean_err, unit: Jy, datatype: float64}
# - {name: aperture_bkg, unit: Jy, datatype: float64}
# - {name: aperture_bkg_err, unit: Jy, datatype: float64}
# - {name: net_aperture_sum, unit: Jy, datatype: float64}
# - {name: net_aperture_sum_err, unit: Jy, datatype: float64}
# meta: !!omap
# - {instrument: NIRCAM}
# - {detector: NRCA3}
# - {channel: SHORT}
# - {subarray: SUBGRISM128}
# - {filter: F210M}
# - {pupil: WLP8}
# - {target_name: UNKNOWN}
# - {xcenter: 1051.8}
# - {ycenter: 56.2973}
# - ra_icrs: !numpy.ndarray
#     buffer: !!binary |
#       ZllmeEdOeEJjRUE9
#     dtype: float64
#     order: C
#     shape: !!python/tuple []
# - dec_icrs: !numpy.ndarray
#     buffer: !!binary |
#       ZXo0UCtmd2VRMEE9
#     dtype: float64
#     order: C
#     shape: !!python/tuple []
# - {apertures: Photometry measured in a circular aperture of r=50.0 pixels.  Background calculated as the mean in a circular annulus
#     with r_inner=60.0 pixels and r_outer=70.0 pixels.}
# - {number_of_integrations: 669}
# - __serialized_columns__:
#     annulus_mean:
#       __class__: astropy.units.quantity.Quantity
#       unit: &id001 !astropy.units.Unit {unit: Jy}
#       value: !astropy.table.SerializedColumn {name: annulus_mean}
#     annulus_mean_err:
#       __class__: astropy.units.quantity.Quantity
#       unit: *id001
#       value: !astropy.table.SerializedColumn {name: annulus_mean_err}
#     annulus_sum:
#       __class__: astropy.units.quantity.Quantity
#       unit: *id001
#       value: !astropy.table.SerializedColumn {name: annulus_sum}
#     annulus_sum_err:
#       __class__: astropy.units.quantity.Quantity
#       unit: *id001
#       value: !astropy.table.SerializedColumn {name: annulus_sum_err}
#     aperture_bkg:
#       __class__: astropy.units.quantity.Quantity
#       unit: *id001
#       value: !astropy.table.SerializedColumn {name: aperture_bkg}
#     aperture_bkg_err:
#       __class__: astropy.units.quantity.Quantity
#       unit: *id001
#       value: !astropy.table.SerializedColumn {name: aperture_bkg_err}
#     aperture_sum:
#       __class__: astropy.units.quantity.Quantity
#       unit: *id001
#       value: !astropy.table.SerializedColumn {name: aperture_sum}
#     aperture_sum_err:
#       __class__: astropy.units.quantity.Quantity
#       unit: *id001
#       value: !astropy.table.SerializedColumn {name: aperture_sum_err}
#     net_aperture_sum:
#       __class__: astropy.units.quantity.Quantity
#       unit: *id001
#       value: !astropy.table.SerializedColumn {name: net_aperture_sum}
#     net_aperture_sum_err:
#       __class__: astropy.units.quantity.Quantity
#       unit: *id001
#       value: !astropy.table.SerializedColumn {name: net_aperture_sum_err}
# schema: astropy-2.0
MJD aperture_sum aperture_sum_err annulus_sum annulus_sum_err annulus_mean annulus_mean_err aperture_bkg aperture_bkg_err net_aperture_sum net_aperture_sum_err
59650.41916485452 0.1401914125855983 2.1416896896663712e-05 0.010647215992622241 4.842795635434596e-06 2.607010854450632e-06 1.1857767134819573e-09 0.020475415370427387 9.313068529681914e-06 0.11971599721517093 2.3354158475973294e-05
59650.41948562732 0.1401424643344333 2.1417064631355066e-05 0.010720286740398205 4.845639881524877e-06 2.6249025016875025e-06 1.1864731378275543e-09 0.020615936039227317 9.318538233701687e-06 0.11952652829520599 2.335649400566361e-05
59650.41980640012 0.14034043584788872 2.142577793470856e-05 0.010708100155977516 4.845849552966574e-06 2.621918570687565e-06 1.1865244766681256e-09 0.020592500299956764 9.318941448012643e-06 0.11974793554793195 2.336464486823911e-05
59650.42012717292 0.1400131426243063 2.141064568605064e-05 0.010698508130004825 4.845901121634546e-06 2.6195699270755347e-06 1.1865371034503046e-09 0.020574054096163124 9.319040618527974e-06 0.11943908852814318 2.3350808695704164e-05
59650.42044794572 0.14025129152022692 2.1421137273760945e-05 0.01066634644072103 4.845023095191724e-06 2.6116950165713784e-06 1.186322115375627e-09 0.02051220469369429 9.317352106137931e-06 0.11973908682653263 2.3359755400497313e-05
59650.42076871852 0.14015103265929163 2.1466977059872514e-05 0.010597788033981755 4.840190991683348e-06 2.5949082329974395e-06 1.1851389566696427e-09 0.020380361603811067 9.308059599391053e-06 0.11977067105548056 2.339809987146197e-05
59650.42108949132 0.1396630308336388 2.1387516561213543e-05 0.010560604427431553 4.83845253495111e-06 2.5858036871752107e-06 1.1847132890045856e-09 0.020308854668137605 9.30471641336752e-06 0.11935417616550119 2.3323885014923532e-05
59650.42141026412 0.14004575532030802 2.1409740388281765e-05 0.010598211687062827 4.840214257659577e-06 2.5950119660466835e-06 1.18514465343137e-09 0.020381176321274667 9.308104341653032e-06 0.11966457899903335 2.3345616075159025e-05
59650.42173103692 0.1403483545808925 2.1429905264469947e-05 0.01072910371408735 4.847487469765367e-06 2.6270613708347925e-06 1.186925526752589e-09 0.02063289175786029 9.322091288010322e-06 0.11971546282303222 2.336968604038477e-05
59650.42205180972 0.13999358041423904 2.1407043571558684e-05 0.010668475606133253 4.843385625545158e-06 2.6122163507252486e-06 1.185921174778067e-09 0.02051629924256395 9.31420312604838e-06 0.11947728117167508 2.3345575476905713e-05
59650.42237258252 0.14022561314113496 2.1418655371782224e-05 0.010657510785345926 4.843454084937984e-06 2.609531573143064e-06 1.1859379373177122e-09 0.020495213048742165 9.314334778726894e-06 0.1197304000923928 2.3356276036761016e-05
59650.42269335532 0.1398164844835217 2.1396873252850253e-05 0.010579929074014753 4.839459742346828e-06 2.59053539952478e-06 1.1849599075211198e-09 0.02034601745002837 9.306653350666976e-06 0.11947046703349334 2.3333237700499676e-05
59650.42301412812 0.13988884514637195 2.140234411545534e-05 0.010598684865212368 4.83945453798591e-06 2.5951278254950873e-06 1.1849586332137879e-09 0.020382086279254554 9.306643342280596e-06 0.1195067588671174 2.333825066145236e-05
59650.42333490092 0.14021362005724508 2.1419522462292135e-05 0.010777616554536351 4.847913790528815e-06 2.638939922159234e-06 1.1870299129938896e-09 0.020726185681800676 9.322911135632338e-06 0.1194874343754444 2.3360492600874984e-05
59650.42365567372 0.14003243694231848 2.1409660711206413e-05 0.01059168416461103 4.839672113063478e-06 2.5934136776399965e-06 1.185011907289309e-09 0.020368623393482752 9.307061755891305e-06 0.11966381354883573 2.3345127335205305e-05
59650.42397644653 0.1400575983114848 2.141057609133833e-05 0.010630653346007494 4.841196821868297e-06 2.6029554281745993e-06 1.1853852379709438e-09 0.02044356412693749 9.309993888208264e-06 0.1196140341845473 2.33471359006081e-05
59650.42429721933 0.1402353795129362 2.142018720976509e-05 0.010703629157781907 4.853787923506416e-06 2.6208238299746633e-06 1.1884682165319885e-09 0.020583902226503668 9.334207545204646e-06 0.11965147728643252 2.3365612566297922e-05
59650.42461799213 0.14003343363758036 2.140850555664678e-05 0.010597601397078278 4.841078755041113e-06 2.5948625342501294e-06 1.1853563288645413e-09 0.020380002686689 9.309766836617524e-06 0.11965343095089137 2.3345146577418603e-05
59650.42493876493 0.14039728708205104 2.1430957648561274e-05 0.010719982804652712 4.847381259981325e-06 2.6248280818778446e-06 1.1868995208877658e-09 0.020615351547409063 9.321887038425627e-06 0.11978193553464198 2.3370569605629955e-05
59650.42525953773 0.14021240579095678 2.141977714335305e-05 0.010760259586348842 4.846899065653592e-06 2.6346900032605713e-06 1.1867814537942435e-09 0.0206928068968247 9.320959741641526e-06 0.11951959889413208 2.335994741809604e-05
59650.42558031053 0.14026169269280056 2.142172411270841e-05 0.01072008621109095 4.846321629041786e-06 2.6248534013329114e-06 1.1866400662694877e-09 0.02061555040594414 9.31984928661882e-06 0.11964614228685642 2.3361289662308508e-05
59650.425901083334 0.1399538387403833 2.1405005729262133e-05 0.01061913130358937 4.841305409326723e-06 2.6001342127817393e-06 1.1854118260182764e-09 0.02042140635305648 9.310202710243697e-06 0.11953243238732683 2.33421109751362e-05
59650.426221856134 0.13997585874206436 2.140597596118919e-05 0.010609897608241128 4.841267978340092e-06 2.597873307769928e-06 1.1854026609005115e-09 0.020403649246617552 9.3101307275771e-06 0.11957220949544681 2.3342971983352608e-05
59650.426542628935 0.139950826924933 2.140429321968029e-05 0.010611227406198956 4.8407897915802695e-06 2.5981989137980848e-06 1.185285575075055e-09 0.020406206550382607 9.309211137654366e-06 0.11954462037455038 2.3341062106071346e-05
59650.426863401735 0.14020362257235613 2.142081217359148e-05 0.010715558022865381 4.846608931883606e-06 2.623744657426219e-06 1.1867104134501646e-09 0.020606842351664195 9.320401792083859e-06 0.11959678022069194 2.33606738717479e-05
59650.427184174536 0.1402228345369704 2.1421429359212467e-05 0.010712109720062436 4.8460814665563825e-06 2.622900327524117e-06 1.1865812615822611e-09 0.02060021100012007 9.31938743568535e-06 0.11962262353685033 2.336083512993788e-05
59650.427504947336 0.1401557156065935 2.141459680605506e-05 0.010641754138911637 4.842431408547457e-06 2.6056734990406512e-06 1.1856875311596572e-09 0.0204649118055993 9.312368093360495e-06 0.11969080380099421 2.3351769865946824e-05
59650.42782572014 0.14026211137908545 2.142453656601653e-05 0.01070992055185894 4.846289621050985e-06 2.622364301461277e-06 1.1866322289926347e-09 0.020596001061267192 9.319787732790356e-06 0.11966611031781826 2.3363844085527727e-05
59650.42814649294 0.139844162615578 2.1397831949144827e-05 0.010602743234918537 4.840404713293464e-06 2.5961215325714433e-06 1.1851912872091742e-09 0.020389890836381805 9.30847060248743e-06 0.1194542717791962 2.3334841698224906e-05
59650.42846726574 0.1402614644426795 2.142426852203694e-05 0.010753610896179606 4.8496023676719046e-06 2.6330620464828477e-06 1.187443367454066e-09 0.020680020954191553 9.326158399369047e-06 0.11958144348848795 2.3366140293049357e-05
59650.42878803854 0.14024455710308537 2.1421211656279997e-05 0.010667557143753479 4.8447381318149345e-06 2.6119914617594256e-06 1.1862523410217558e-09 0.02051453296875669 9.316804099644105e-06 0.11973002413432868 2.335960503635049e-05
59650.429108811346 0.14039127948320237 2.1429847796406108e-05 0.010750994808968602 4.847700223059243e-06 2.6324214876964e-06 1.1869776201962495e-09 0.020674990017247312 9.322500428960083e-06 0.11971628946595506 2.3369796550785217e-05
59650.42942958415 0.13956298516785565 2.1386242611648756e-05 0.010555439064049044 4.839061851793245e-06 2.5845389285364532e-06 1.1848624825235627e-09 0.020298921277017393 9.305888176525473e-06 0.11926406389083825 2.3323184340872018e-05
59650.42975035695 0.13994472553180004 2.1404132377609004e-05 0.010582500033506893 4.839375645949126e-06 2.5911649086196466e-06 1.1849393162020576e-09 0.020350961602897875 9.306491626825244e-06 0.11959376392890217 2.3339830103031565e-05
59650.43007112975 0.14016409674232744 2.1417173491349005e-05 0.0106907878571422 4.8450005641365274e-06 2.617679589247681e-06 1.1863165985620768e-09 0.020559207417581153 9.317308777185631e-06 0.11960488932474628 2.33561033395548e-05
59650.43039190255 0.14027419547310704 2.143054583381685e-05 0.01079249226169918 4.915322623073817e-06 2.6425822949699292e-06 1.203535219005568e-09 0.020754792810959963 9.452543505911188e-06 0.11951940266214708 2.3422614573665095e-05
59650.43071267535 0.14005528387818167 2.1410199477589994e-05 0.010744287802313235 4.846515533342869e-06 2.630779251907859e-06 1.1866875444664173e-09 0.020662091927525453 9.320222179505519e-06 0.11939319195065622 2.3350871143183104e-05
59650.43103344815 0.14016332402242337 2.142020481141769e-05 0.010681923105889852 4.844331497644305e-06 2.6155090215844635e-06 1.1861527751167006e-09 0.020542159819018947 9.316022110854433e-06 0.11962116420340443 2.3358369851789964e-05
59650.43135422095 0.1400137701473273 2.1407620711559913e-05 0.010601557164998835 4.840842964004049e-06 2.5958311188936386e-06 1.1852985945428713e-09 0.02038760993269007 9.30931339231548e-06 0.11962616021463723 2.334415430822786e-05
59650.43167499375 0.14024858495334774 2.1422270133320836e-05 0.010709258015774197 4.845236126264001e-06 2.622202077010718e-06 1.1863742768343733e-09 0.02059472695341192 9.317761781276927e-06 0.11965385799993583 2.3360957648983374e-05
59650.43199576655 0.14008217769282033 2.1414976885231824e-05 0.010684772804205015 4.849061657800902e-06 2.616206780927816e-06 1.1873109726098372e-09 0.02054764000808657 9.325118572694042e-06 0.11953453768473377 2.3357205984231435e-05
59650.43231653935 0.1399955009011373 2.1405015466705254e-05 0.010633987149756576 4.841920514178301e-06 2.6037717225530067e-06 1.1855624367531204e-09 0.02044997528799342 9.311385604189043e-06 0.11954552561314388 2.3342591736989918e-05
59650.43263731215 0.14008501910760768 2.1412161330661376e-05 0.010669727767072607 4.843873211780257e-06 2.612522947037625e-06 1.186040562100374e-09 0.0205187072443704 9.31514079188511e-06 0.11956631186323728 2.3350642407071208e-05
59650.43295808495 0.1402105328029249 2.141869654886022e-05 0.01065727453607641 4.844014427823659e-06 2.609473726621456e-06 1.186075139379376e-09 0.020494758723223868 9.315412361199345e-06 0.11971577407970102 2.3356743551089102e-05
59650.43327885775 0.13999740041526434 2.140650258144474e-05 0.01060334957392011 4.840702275602673e-06 2.596269996954966e-06 1.1852641464590027e-09 0.02039105687292329 9.30904283769745e-06 0.11960634354234105 2.3343021041062498e-05
59650.43359963055 0.1398307560369779 2.139757583313235e-05 0.010565516240045095 4.8381420347398715e-06 2.5870063629551897e-06 1.184637261860817e-09 0.020318300461625183 9.304119297576677e-06 0.11951245557535271 2.3332871392912366e-05
59650.43392040335 0.14012667279515756 2.141507863322736e-05 0.010680717983448405 4.84383600211218e-06 2.615213942825099e-06 1.186031451173289e-09 0.02053984227586232 9.315069234831116e-06 0.11958683051929524 2.3353289012835177e-05
59650.43424117616 0.14003176673466855 2.1408082773223414e-05 0.010626335341326985 4.848325425514514e-06 2.601898148498912e-06 1.1871307033673104e-09 0.020435260271782666 9.323702741374067e-06 0.11959650646288589 2.3350319930028614e-05
59650.43456194896 0.13999188447180488 2.1408251920288845e-05 0.010783121728041651 4.886786072934724e-06 2.640287884583768e-06 1.1965479374464505e-09 0.020736772553926253 9.397665524874471e-06 0.11925511191787863 2.3380106235857123e-05
59650.43488272176 0.1400837876896484 2.141193036978332e-05 0.010736513903119117 4.845330598805048e-06 2.628875783471179e-06 1.1863974087911334e-09 0.020647142121382918 9.317943459240478e-06 0.1194366455682655 2.3351548823794357e-05
59650.43520349456 0.14001987210770128 2.140865100123537e-05 0.010670714075960066 4.8438391394131444e-06 2.612764448475863e-06 1.1860322193532222e-09 0.020520603992230897 9.315075268102203e-06 0.11949926811547039 2.3347397391210557e-05
59650.43552426736 0.140392712510527 2.1429909294406315e-05 0.010744020923476441 4.847801980115723e-06 2.630713905621578e-06 1.187002535793993e-09 0.020661578698993155 9.32269611560716e-06 0.11973113381153386 2.3369931006112084e-05
59650.43584504016 0.1400431749435715 2.1409269422757102e-05 0.01074363379435347 4.845951413545502e-06 2.6306191156007546e-06 1.1865494176137294e-09 0.020660834219910523 9.31913733374135e-06 0.11938234072366097 2.3349585389495338e-05
59650.436165812964 0.14027807018286148 2.142375484838918e-05 0.010727060339494433 4.846076159145485e-06 2.626561042885483e-06 1.1865799620427547e-09 0.020628962191335448 9.319377229125934e-06 0.11964910799152603 2.3362963505142703e-05
59650.436486585764 0.13977618971054834 2.1393809859410412e-05 0.010573306350925984 4.839351905110487e-06 2.5889138008843087e-06 1.1849335031684846e-09 0.02033328144408843 9.306445971366323e-06 0.11944290826645991 2.3330345837954623e-05
59650.436807358565 0.140308722625829 2.14246929042431e-05 0.010707009092548554 4.845490635239377e-06 2.6216514197061094e-06 1.1864365943135922e-09 0.02059040210105491 9.318251221614188e-06 0.11971832052477409 2.336337458224387e-05
59650.437128131365 0.140330006968151 2.1426949746199862e-05 0.010772243955119897 4.848456878492538e-06 2.6376244209986476e-06 1.1871628901230592e-09 0.02071585375984596 9.323955535562574e-06 0.11961415320830505 2.336771966314476e-05
59650.437448904166 0.14025345488569008 2.1421567583136578e-05 0.010723253905564448 4.846292550969923e-06 2.6256290232308527e-06 1.1866329463942992e-09 0.020621642126085478 9.319793367249853e-06 0.1196318127596046 2.336112381986625e-05
59650.437769676966 0.14001190122335688 2.1409592279130896e-05 0.010671869363309746 4.843723045055291e-06 2.6130473249256985e-06 1.1860037932133491e-09 0.02052282569867259 9.314852009721714e-06 0.1194890755246843 2.3348171438501088e-05
59650.43809044977 0.14026816989158475 2.1422426657593735e-05 0.010722608713034008 4.846214170856865e-06 2.6254710454147522e-06 1.1866137547290173e-09 0.02062040137121925 9.319642636263203e-06 0.1196477685203655 2.3361851441348513e-05
59650.43841122257 0.13990639605635333 2.1403010194433593e-05 0.010563368973851902 4.839083474419965e-06 2.5864805967570654e-06 1.1848677769049858e-09 0.020314171103561353 9.305929758499933e-06 0.11959222495279198 2.333857695004481e-05
59650.43873199537 0.14003764655671702 2.1407785596912887e-05 0.010698153388637097 4.868052423031583e-06 2.6194830673183147e-06 1.1919609328553153e-09 0.020573371901225188 9.361639275060738e-06 0.11946427465549184 2.3365221464384853e-05
59650.43905276817 0.13996289811142715 2.14062659697009e-05 0.010674480751042152 4.8433716717762594e-06 2.613686733027148e-06 1.1859177581453055e-09 0.020527847598157987 9.314176291877422e-06 0.11943505051326916 2.3344851739982118e-05
59650.439373540976 0.1402228493879207 2.142073407279383e-05 0.010767209397357761 4.848076992140182e-06 2.636391690607685e-06 1.1870698735218428e-09 0.020706171917995696 9.323224984884966e-06 0.119516677469925 2.3361728795963153e-05
59650.439694313776 0.14022416306775476 2.1419334955660105e-05 0.010690083086570264 4.844698000856675e-06 2.61750702352419e-06 1.1862425148057895e-09 0.020557852089558203 9.316726924724374e-06 0.11966631097819655 2.335785329461265e-05
59650.44001508658 0.1401561681068149 2.1416893006447746e-05 0.010744553962481659 4.848421229870539e-06 2.630844422225488e-06 1.1871541614239737e-09 0.020662603774003193 9.323886980520268e-06 0.11949356433281169 2.3358471150208988e-05
59650.44033585938 0.13997453034699767 2.140540231705283e-05 0.010598444759553162 4.840597795418655e-06 2.595069034721969e-06 1.1852385640932463e-09 0.020381624537602235 9.308841914266645e-06 0.11959290580939544 2.3341931928178055e-05
59650.44065663218 0.13952194812954022 2.1378680133951712e-05 0.010537152466670266 4.837373404771337e-06 2.580061386436201e-06 1.1844490599240465e-09 0.020263754743596665 9.302641163021803e-06 0.11925819338594355 2.3314954361477297e-05
