HATP14b/Results/506070_radii/HATP14b_WLP8_nrca3_level3_asn_phot.ecsv
# %ECSV 0.9
# ---
# datatype:
# - {name: MJD, datatype: float64}
# - {name: aperture_sum, unit: Jy, datatype: float64}
# - {name: aperture_sum_err, unit: Jy, datatype: float64}
# - {name: annulus_sum, unit: Jy, datatype: float64}
# - {name: annulus_sum_err, unit: Jy, datatype: float64}
# - {name: annulus_mean, unit: Jy, datatype: float64}
# - {name: annulus_mean_err, unit: Jy, datatype: float64}
# - {name: aperture_bkg, unit: Jy, datatype: float64}
# - {name: aperture_bkg_err, unit: Jy, datatype: float64}
# - {name: net_aperture_sum, unit: Jy, datatype: float64}
# - {name: net_aperture_sum_err, unit: Jy, datatype: float64}
# meta: !!omap
# - {instrument: NIRCAM}
# - {detector: NRCA3}
# - {channel: SHORT}
# - {subarray: SUBGRISM128}
# - {filter: F210M}
# - {pupil: WLP8}
# - {target_name: UNKNOWN}
# - {xcenter: 1051.8}
# - {ycenter: 56.2973}
# - ra_icrs: !numpy.ndarray
#     buffer: !!binary |
#       ZllmeEdOeEJjRUE9
#     dtype: float64
#     order: C
#     shape: !!python/tuple []
# - dec_icrs: !numpy.ndarray
#     buffer: !!binary |
#       ZXo0UCtmd2VRMEE9
#     dtype: float64
#     order: C
#     shape: !!python/tuple []
# - {apertures: Photometry measured in a circular aperture of r=50.0 pixels.  Background calculated as the mean in a circular annulus
#     with r_inner=60.0 pixels and r_outer=70.0 pixels.}
# - {number_of_integrations: 669}
# - __serialized_columns__:
#     annulus_mean:
#       __class__: astropy.units.quantity.Quantity
#       unit: &id001 !astropy.units.Unit {unit: Jy}
#       value: !astropy.table.SerializedColumn {name: annulus_mean}
#     annulus_mean_err:
#       __class__: astropy.units.quantity.Quantity
#       unit: *id001
#       value: !astropy.table.SerializedColumn {name: annulus_mean_err}
#     annulus_sum:
#       __class__: astropy.units.quantity.Quantity
#       unit: *id001
#       value: !astropy.table.SerializedColumn {name: annulus_sum}
#     annulus_sum_err:
#       __class__: astropy.units.quantity.Quantity
#       unit: *id001
#       value: !astropy.table.SerializedColumn {name: annulus_sum_err}
#     aperture_bkg:
#       __class__: astropy.units.quantity.Quantity
#       unit: *id001
#       value: !astropy.table.SerializedColumn {name: aperture_bkg}
#     aperture_bkg_err:
#       __class__: astropy.units.quantity.Quantity
#       unit: *id001
#       value: !astropy.table.SerializedColumn {name: aperture_bkg_err}
#     aperture_sum:
#       __class__: astropy.units.quantity.Quantity
#       unit: *id001
#       value: !astropy.table.SerializedColumn {name: aperture_sum}
#     aperture_sum_err:
#       __class__: astropy.units.quantity.Quantity
#       unit: *id001
#       value: !astropy.table.SerializedColumn {name: aperture_sum_err}
#     net_aperture_sum:
#       __class__: astropy.units.quantity.Quantity
#       unit: *id001
#       value: !astropy.table.SerializedColumn {name: net_aperture_sum}
#     net_aperture_sum_err:
#       __class__: astropy.units.quantity.Quantity
#       unit: *id001
#       value: !astropy.table.SerializedColumn {name: net_aperture_sum_err}
# schema: astropy-2.0
MJD aperture_sum aperture_sum_err annulus_sum annulus_sum_err annulus_mean annulus_mean_err aperture_bkg aperture_bkg_err net_aperture_sum net_aperture_sum_err
[from data line 138]
59650.46343150104 0.14022396432558487 2.141569050714392e-05 0.010665517750590967 4.836062990430987e-06 2.6114921086783155e-06 1.1841282000474847e-09 0.020510611058828784 9.300121135444207e-06 0.11971335326675608 2.3347891832705374e-05
59650.46375227384 0.1398509137560589 2.1393229467224827e-05 0.010616278907495173 4.834791784022784e-06 2.599435792877051e-06 1.183816940380476e-09 0.020415920975952254 9.297676507736123e-06 0.11943499278010665 2.3326316800554794e-05
59650.46407304664 0.14044011410321675 2.1520289780105264e-05 0.010780412612449747 4.840708061336567e-06 2.6396245474486004e-06 1.185265563117693e-09 0.020731562716249513 9.309053964108784e-06 0.11970855138696723 2.3447416871083955e-05
59650.46439381944 0.13956416310452005 2.137720682516647e-05 0.010529058116823971 4.828070065494616e-06 2.578079454452889e-06 1.1821711023345833e-09 0.020248188686199948 9.284750125951186e-06 0.1193159744183201 2.3306470272164648e-05
59650.46471459224 0.13994744187000296 2.140021581545703e-05 0.010598562204598504 4.832044262192604e-06 2.5950977915827503e-06 1.1831441993335129e-09 0.02038185039345866 9.292392811908855e-06 0.1195655914765443 2.3330619389955177e-05
59650.46503536504 0.14014768265703526 2.141179596289021e-05 0.010654527616084323 4.835267662383155e-06 2.608801132936812e-06 1.1839334609856506e-09 0.020489476184777543 9.298591658429145e-06 0.11965820647225771 2.334371035603915e-05
59650.46535613784 0.1402519040208951 2.141749975779959e-05 0.010798644349764155 4.878324863043664e-06 2.6440886568558943e-06 1.1944761784022962e-09 0.020766623749546454 9.381393967391662e-06 0.11948528027134865 2.3382041156553426e-05
59650.46567691065 0.14007158595867855 2.1406502551138766e-05 0.010636621816277645 4.83381316568193e-06 2.6044168305533555e-06 1.1835773220014801e-09 0.020455041954380086 9.295794549388328e-06 0.11961654400429847 2.333774084559918e-05
59650.46599768345 0.1398074855287716 2.1391520082344133e-05 0.010565506885514657 4.830747914688569e-06 2.587004072463252e-06 1.1828267837746945e-09 0.020318282472143574 9.289899835939558e-06 0.11948920305662802 2.3321650250252924e-05
59650.46631845625 0.14031177342045492 2.1422158479092658e-05 0.01076604763619971 4.839927056760689e-06 2.6361072290215374e-06 1.185074331211803e-09 0.02070393776192252 9.307552032232095e-06 0.1196078356585324 2.3356784854428686e-05
59650.46663922905 0.13998594227727923 2.140099451638944e-05 0.010588846565906827 4.8315133101026354e-06 2.5927188809318655e-06 1.183014193718646e-09 0.020363166472897747 9.291371750197377e-06 0.11962277580438148 2.3330927013106376e-05
59650.46696000185 0.1400033237284728 2.140425331674242e-05 0.010658476626455922 4.834715726649775e-06 2.60976806296906e-06 1.1837983174468253e-09 0.02049707043549216 9.29753024355726e-06 0.11950625329298063 2.333636922653438e-05
59650.467280774654 0.14020601860527668 2.141424889815737e-05 0.010773040933176816 4.840256717202221e-06 2.6378195640714085e-06 1.1851550498099748e-09 0.020717386409955418 9.308185994619655e-06 0.11948863219532126 2.3349783347660158e-05
59650.467601547454 0.13956586042013402 2.137872050713643e-05 0.010595280039369832 4.858079109448602e-06 2.5942941410901545e-06 1.1895189295387968e-09 0.02037553853724968 9.342459825862697e-06 0.11919032188288434 2.3330907528857814e-05
59650.467922320255 0.14024837244959093 2.141715670699607e-05 0.010768263775258049 4.839509678551575e-06 2.6366498589995583e-06 1.1849721345885426e-09 0.02070819956780394 9.306749381829953e-06 0.11954017288178699 2.335187755766587e-05
59650.468243093055 0.14005741359702994 2.140509142836247e-05 0.01064150541479192 4.833534920675504e-06 2.6056125980050837e-06 1.1835091926658442e-09 0.020464433489984467 9.295259462837508e-06 0.11959298010704547 2.333623336226364e-05
59650.468563865856 0.1398290957126529 2.139287982190792e-05 0.010558943352187376 4.829970557236186e-06 2.5853969666583518e-06 1.1826364448807004e-09 0.020305660292668032 9.288404917761897e-06 0.11952343541998486 2.332230205170361e-05
59650.468884638656 0.13996248900593536 2.140011216730918e-05 0.010590189609123307 4.83143405293317e-06 2.5930477301113867e-06 1.182994787302806e-09 0.020365749248314052 9.291219332563789e-06 0.1195967397576213 2.333005695362147e-05
59650.46920541146 0.14027253026049813 2.1419682917327258e-05 0.010818708937978061 4.853530107406236e-06 2.649001546694889e-06 1.1884050892908313e-09 0.020805209496111657 9.333711745011995e-06 0.11946732076438647 2.3364952198064007e-05
59650.46952618426 0.14029299329214862 2.1421204544376364e-05 0.010768981781809489 4.8410572048623315e-06 2.63682566560238e-06 1.1853510522222682e-09 0.020709580349633633 9.309725393966023e-06 0.11958341294251498 2.3356776126920136e-05
59650.46984695706 0.14025480364764614 2.141740118904043e-05 0.010705814624150586 4.836727248565246e-06 2.6213589496293345e-06 1.1842908461483405e-09 0.020588105046443435 9.301398554933166e-06 0.11966669860120271 2.3349969780923127e-05
59650.47016772986 0.14017213656579033 2.141160090390797e-05 0.010652435308609341 4.835947885879332e-06 2.60828882358741e-06 1.1841000162653796e-09 0.020485452516556427 9.299899780537177e-06 0.11968668404923391 2.3344052544411993e-05
59650.47048850266 0.1402443092109637 2.1418353861854424e-05 0.010737706100635996 4.838986403243382e-06 2.629167697514184e-06 1.1848440086625475e-09 0.02064943480891538 9.30574308316035e-06 0.11959487440204833 2.3352574515059386e-05
59650.470809275466 0.14026466798190776 2.1420644619010614e-05 0.010741946209296324 4.83885442710057e-06 2.6302059040565497e-06 1.184811693807934e-09 0.020657588864031393 9.305489282885714e-06 0.11960707911787637 2.3354574427461727e-05
59650.47113004827 0.14018061761958012 2.141511572451022e-05 0.010701958832451187 4.837481329398398e-06 2.620414844539347e-06 1.1844754856746281e-09 0.02058069006240613 9.302848710381535e-06 0.11959992755717398 2.334845124676179e-05
59650.47145082107 0.14032316948840284 2.1423550789641223e-05 0.010773577889993606 4.840281680962081e-06 2.6379510399662066e-06 1.1851611622804055e-09 0.020718419019218472 9.308234001850157e-06 0.11960475046918437 2.3358333602154424e-05
59650.47177159387 0.14033895371942262 2.1424208900520607e-05 0.011047309341635276 5.509407094734607e-06 2.704975214748502e-06 1.3489990348193398e-09 0.021244825656990915 1.0595013643720398e-05 0.1190941280624317 2.3900858585493695e-05
59650.47209236667 0.14025122850122304 2.141887034976391e-05 0.01072481887926522 4.83768457976549e-06 2.6260122129236015e-06 1.184525252290948e-09 0.020624651690894655 9.303239576472097e-06 0.11962657681032839 2.3352050738152147e-05
59650.47241313947 0.140028332586784 2.1404057899189458e-05 0.010748665814145002 4.838501604006437e-06 2.6318512245600754e-06 1.1847253037472136e-09 0.020670511181048085 9.304810776935457e-06 0.1193578214057359 2.3339091630704673e-05
59650.47273391227 0.13992302265201362 2.139843887234595e-05 0.010629063112282941 4.833496934301399e-06 2.6025660534700854e-06 1.183499891559369e-09 0.020440505985159504 9.295186412118077e-06 0.11948251666685411 2.333010237031871e-05
59650.47305468507 0.13988971476193746 2.139868521546883e-05 0.010604563499394227 4.8324739463402515e-06 2.5965672311699674e-06 1.1832494091120765e-09 0.0203933913449889 9.293219127577409e-06 0.11949632341694856 2.332954458843753e-05
59650.47337545787 0.13999906638943393 2.1402654907418507e-05 0.010598709380208553 4.83292979262067e-06 2.595133828084046e-06 1.183361024787182e-09 0.02038213342347799 9.294095755039751e-06 0.11961693296595595 2.3333534944150522e-05
59650.47369623067 0.14035474878965398 2.1516228887229986e-05 0.010621312415471288 4.832900316438062e-06 2.600668266223961e-06 1.1833538074330814e-09 0.02042560079898325 9.294039070073199e-06 0.11992914799067073 2.343773171114725e-05
59650.47401700347 0.140205019654085 2.1414963893715535e-05 0.010769239334647962 4.839679962353e-06 2.636888728382919e-06 1.1850138292173506e-09 0.020710075643553774 9.307076850678847e-06 0.11949494401053122 2.334999696089021e-05
59650.47433777627 0.1402733142745291 2.141924369539141e-05 0.010716974881395131 4.837305063962433e-06 2.624091580562637e-06 1.1844323264201204e-09 0.020609567079606022 9.302509738389295e-06 0.11966374719492308 2.335210243030362e-05
59650.47465854907 0.1402871659799435 2.1420058917884645e-05 0.010767911537305237 4.839972034037906e-06 2.63656361221289e-06 1.1850853440671813e-09 0.020707522187125457 9.307638526995973e-06 0.11957964379281805 2.3354893684084055e-05
59650.47497932187 0.1401928819592321 2.1415910366600854e-05 0.010702745439205493 4.8375588079297705e-06 2.6206074481596812e-06 1.1844944565842457e-09 0.020582202767702874 9.302997707557252e-06 0.11961067919152923 2.334923945607431e-05
59650.47530009467 0.14021002070338706 2.1415803244405405e-05 0.010728034708499885 4.838055957887257e-06 2.626799620798734e-06 1.1846161856199256e-09 0.020630835977884395 9.303953765167803e-06 0.11957918472550266 2.334952214216525e-05
59650.47562086747 0.1403012903213642 2.142034385720213e-05 0.010767873363613506 4.839985663785278e-06 2.6365542652409897e-06 1.1850886813620542e-09 0.02070744877617982 9.307664738048612e-06 0.11959384154518439 2.3355165463697545e-05
59650.47594164028 0.13986135363332425 2.1395011525188614e-05 0.010599454816172835 4.831809145084045e-06 2.595316350881698e-06 1.1830866300257704e-09 0.02038356695417853 9.291940663623164e-06 0.11947778667914571 2.3325665680945687e-05
59650.47626241308 0.1398276699358678 2.1391909125179336e-05 0.010603254003549802 4.831475208334231e-06 2.5962465961905852e-06 1.1830048643574426e-09 0.020390873083749622 9.291298477565829e-06 0.11943679685211817 2.3322564254797283e-05
59650.47658318588 0.1399758523660246 2.140077966874832e-05 0.010595468319546598 4.831889774581806e-06 2.594340242199106e-06 1.1831063724613514e-09 0.02037590061451269 9.292095720349627e-06 0.11959995175151192 2.3331018265529074e-05
59650.47690395868 0.14025210257150905 2.141798415321687e-05 0.010728162070398277 4.837752286248458e-06 2.6268308058382584e-06 1.1845418304777845e-09 0.020631080904612072 9.303369781247036e-06 0.11962102166689698 2.3351289781810114e-05
59650.47722473148 0.14021358484252466 2.141405064163146e-05 0.010691851617642526 4.836776806991467e-06 2.6179400550044394e-06 1.1843029807152711e-09 0.020561253110851014 9.301493859598976e-06 0.11965233173167365 2.3346934550439683e-05
59650.47754550428 0.1398788190151109 2.1396548748668572e-05 0.010622839000543303 4.8329742215857814e-06 2.6010420563166707e-06 1.1833719033862804e-09 0.020428536539506353 9.294181195357273e-06 0.11945028247560455 2.3327968245140497e-05
59650.477866277084 0.14025238801706144 2.1417784217055282e-05 0.010698305701831109 4.837260991926637e-06 2.6195203617763533e-06 1.1844215352165065e-09 0.02057366481121367 9.302424984474304e-06 0.11967872320584777 2.3350729996300203e-05
59650.478187049885 0.14023807818710615 2.141695303747883e-05 0.010660960308663078 4.835490141826066e-06 2.6103762018926575e-06 1.1839879359134592e-09 0.020501846747428998 9.299019503511667e-06 0.11973623143967715 2.3348611117928706e-05
59650.478507822685 0.1403200637465611 2.142254207518822e-05 0.010782379717868967 4.840815605195554e-06 2.640106200604065e-06 1.1852918956357805e-09 0.02073534561128648 9.30926077922222e-06 0.11958471813527463 2.335781764674891e-05
59650.478828595486 0.13997190379713112 2.140276648724871e-05 0.010628587501733506 4.83375105595087e-06 2.602449598439425e-06 1.1835621142003844e-09 0.020439591349487512 9.295675107597828e-06 0.1195323124476436 2.333426641258967e-05
59650.479149368286 0.13992326323641863 2.1397618640391466e-05 0.010599593546609158 4.831892519992089e-06 2.5953503195504643e-06 1.183107044685378e-09 0.020383833743479154 9.292100999984787e-06 0.11953942949293947 2.332812089461015e-05
59650.47947014109 0.140005335179343 2.1402835078016864e-05 0.010591024725524818 4.832225587187293e-06 2.5932522115011676e-06 1.183188597439991e-09 0.02036735524139388 9.292741513821718e-06 0.11963797993794911 2.3333160827875308e-05
59650.47979091389 0.139825707591519 2.1390801944168136e-05 0.010613428883356483 4.8326162642910785e-06 2.5987379537545837e-06 1.183284256197253e-09 0.02041044016030093 9.293492815944382e-06 0.11941526743121807 2.3322423041670374e-05
59650.48011168669 0.14021923961682914 2.1416065776526894e-05 0.010827870221647374 4.866551105703416e-06 2.6512447214349476e-06 1.1915933296646578e-09 0.020822827349321872 9.358752126352724e-06 0.11939641226750727 2.3371651946472207e-05
59650.48043245949 0.14015750184335368 2.1413969482750596e-05 0.01072790402753409 4.838462758755058e-06 2.6267676230730815e-06 1.1847157923414097e-09 0.02063058466833479 9.30473607452896e-06 0.1195269171750189 2.334815201305693e-05
59650.48075323229 0.14013478442609778 2.1411125435382356e-05 0.010695769815052679 4.847348820460469e-06 2.6188994403672634e-06 1.1868915779491569e-09 0.02056878810587054 9.321824654731672e-06 0.11956599632022724 2.3352359780185823e-05
59650.481074005096 0.14010472432205312 2.1408841801466914e-05 0.010685157984122928 4.83599131833291e-06 2.616301093678455e-06 1.1841106508648835e-09 0.020548380738697938 9.299983304486367e-06 0.11955634358335518 2.3341555148360664e-05
59650.4813947779 0.1399473049737588 2.1399828223956827e-05 0.01060262834176609 4.8323717672486265e-06 2.596093400551229e-06 1.1832243901774415e-09 0.020389669888011712 9.293022629324283e-06 0.11955763508574707 2.3330514730798212e-05
59650.4817155507 0.14033653557873238 2.1423792068047972e-05 0.010742193401568154 4.839717839420747e-06 2.630266430013405e-06 1.1850231035597534e-09 0.020658064233784915 9.307149691193745e-06 0.11967847134494747 2.3358122825887423e-05
59650.4820363235 0.1399110905339413 2.1400111273094144e-05 0.010689097333301369 4.857876425085477e-06 2.6172656581312457e-06 1.1894693015106754e-09 0.02055595641019494 9.3420700482413e-06 0.11935513412374635 2.3350354071984824e-05
59650.4823570963 0.13982701561627714 2.139269401280455e-05 0.010566208546451706 4.830439809789291e-06 2.587175876780953e-06 1.1827513431320622e-09 0.020319631820099434 9.289307326517867e-06 0.1195073837961777 2.3322491027589274e-05
59650.4826778691 0.1398649853407833 2.139454782164869e-05 0.010604752654136934 4.8321695226158805e-06 2.596613546419677e-06 1.1831748698189564e-09 0.02039375510410949 9.292633697338232e-06 0.1194712302366738 2.3325516447138287e-05
59650.4829986419 0.14038812416723 2.142502194491229e-05 0.010757596270716166 4.839939605420474e-06 2.6340378804175647e-06 1.185077403798317e-09 0.020687685135992628 9.307576164270144e-06 0.11970043903123738 2.3359420784635544e-05
59650.4833194147 0.13990136135602457 2.139698302718701e-05 0.010632119928045438 4.841018425959996e-06 2.6033145262988896e-06 1.1853415570622768e-09 0.02044638447701046 9.309650819153839e-06 0.11945497687901412 2.3334534086634355e-05
59650.4836401875 0.14012738602983582 2.141081079987312e-05 0.010688749571944857 4.836117402276423e-06 2.6171805074560068e-06 1.184141522992352e-09 0.020555287638355495 9.300225773608506e-06 0.11957209839148032 2.3343457724768525e-05
59650.4839609603 0.14027891097691986 2.1418986149174165e-05 0.010704333382588456 4.836658824939827e-06 2.6209962620654483e-06 1.1842740923664793e-09 0.020585256504977802 9.301266971038129e-06 0.11969365447194205 2.335137115727981e-05
59650.4842817331 0.14029627536417966 2.142035708715698e-05 0.010771717083640435 4.840615405592897e-06 2.6374954145366007e-06 1.1852428760105992e-09 0.02071484054546238 9.308875779986342e-06 0.11958143481871727 2.3355660256745744e-05
59650.4846025059 0.13979294016469987 2.138979864206497e-05 0.010592431239749867 4.839756284682879e-06 2.5935966017956992e-06 1.185032517026687e-09 0.020370060076442053 9.307223624390153e-06 0.11942288008825781 2.3326977891327684e-05
