HATP14b/Results/506070_radii/HATP14b_WLP8_nrca3_level3_asn_phot.ecsv
# %ECSV 0.9
# ---
# datatype:
# - {name: MJD, datatype: float64}
# - {name: aperture_sum, unit: Jy, datatype: float64}
# - {name: aperture_sum_err, unit: Jy, datatype: float64}
# - {name: annulus_sum, unit: Jy, datatype: float64}
# - {name: annulus_sum_err, unit: Jy, datatype: float64}
# - {name: annulus_mean, unit: Jy, datatype: float64}
# - {name: annulus_mean_err, unit: Jy, datatype: float64}
# - {name: aperture_bkg, unit: Jy, datatype: float64}
# - {name: aperture_bkg_err, unit: Jy, datatype: float64}
# - {name: net_aperture_sum, unit: Jy, datatype: float64}
# - {name: net_aperture_sum_err, unit: Jy, datatype: float64}
# meta: !!omap
# - {instrument: NIRCAM}
# - {detector: NRCA3}
# - {channel: SHORT}
# - {subarray: SUBGRISM128}
# - {filter: F210M}
# - {pupil: WLP8}
# - {target_name: UNKNOWN}
# - {xcenter: 1051.8}
# - {ycenter: 56.2973}
# - ra_icrs: !numpy.ndarray
#     buffer: !!binary |
#       ZllmeEdOeEJjRUE9
#     dtype: float64
#     order: C
#     shape: !!python/tuple []
# - dec_icrs: !numpy.ndarray
#     buffer: !!binary |
#       ZXo0UCtmd2VRMEE9
#     dtype: float64
#     order: C
#     shape: !!python/tuple []
# - {apertures: Photometry measured in a circular aperture of r=50.0 pixels.  Background calculated as the mean in a circular annulus
#     with r_inner=60.0 pixels and r_outer=70.0 pixels.}
# - {number_of_integrations: 669}
# - __serialized_columns__:
#     annulus_mean:
#       __class__: astropy.units.quantity.Quantity
#       unit: &id001 !astropy.units.Unit {unit: Jy}
#       value: !astropy.table.SerializedColumn {name: annulus_mean}
#     annulus_mean_err:
#       __class__: astropy.units.quantity.Quantity
#       unit: *id001
#       value: !astropy.table.SerializedColumn {name: annulus_mean_err}
#     annulus_sum:
#       __class__: astropy.units.quantity.Quantity
#       unit: *id001
#       value: !astropy.table.SerializedColumn {name: annulus_sum}
#     annulus_sum_err:
#       __class__: astropy.units.quantity.Quantity
#       unit: *id001
#       value: !astropy.table.SerializedColumn {name: annulus_sum_err}
#     aperture_bkg:
#       __class__: astropy.units.quantity.Quantity
#       unit: *id001
#       value: !astropy.table.SerializedColumn {name: aperture_bkg}
#     aperture_bkg_err:
#       __class__: astropy.units.quantity.Quantity
#       unit: *id001
#       value: !astropy.table.SerializedColumn {name: aperture_bkg_err}
#     aperture_sum:
#       __class__: astropy.units.quantity.Quantity
#       unit: *id001
#       value: !astropy.table.SerializedColumn {name: aperture_sum}
#     aperture_sum_err:
#       __class__: astropy.units.quantity.Quantity
#       unit: *id001
#       value: !astropy.table.SerializedColumn {name: aperture_sum_err}
#     net_aperture_sum:
#       __class__: astropy.units.quantity.Quantity
#       unit: *id001
#       value: !astropy.table.SerializedColumn {name: net_aperture_sum}
#     net_aperture_sum_err:
#       __class__: astropy.units.quantity.Quantity
#       unit: *id001
#       value: !astropy.table.SerializedColumn {name: net_aperture_sum_err}
# schema: astropy-2.0
MJD aperture_sum aperture_sum_err annulus_sum annulus_sum_err annulus_mean annulus_mean_err aperture_bkg aperture_bkg_err net_aperture_sum net_aperture_sum_err
[from data line 206]
59650.4852440515 0.1400036516498882 2.1402366092052133e-05 0.01064474763284844 4.846558107989961e-06 2.6064064672824325e-06 1.186697969028779e-09 0.020470668524708538 9.32030405382685e-06 0.11953298312517967 2.334372168258532e-05
59650.4855648243 0.1403119289618534 2.1421607915579486e-05 0.010710508494347695 4.837331899489367e-06 2.6225082613894913e-06 1.1844388971997543e-09 0.020597131719899416 9.302561345171862e-06 0.119714797241954 2.3354291538591005e-05
59650.4858855971 0.14027952370835814 2.141911334995492e-05 0.01071055690744454 4.837132815910433e-06 2.622520115518219e-06 1.1843901508371762e-09 0.020597224822008733 9.30217849213545e-06 0.1196822988863494 2.3351850920168285e-05
59650.486206369904 0.13999893427830207 2.1401854546499373e-05 0.010589245321465792 4.8315822363257595e-06 2.592816517729242e-06 1.1830310705634442e-09 0.020363933310511142 9.291504300626462e-06 0.11963500096779092 2.333176868988024e-05
59650.48652714271 0.14005178887098635 2.140522023092978e-05 0.010644989673397987 4.834844495718894e-06 2.6064657318207235e-06 1.1838298470373908e-09 0.02047113398730382 9.29777787638249e-06 0.11958065488368252 2.3337354746696405e-05
59650.48684791551 0.13987152074978906 2.1395251117641866e-05 0.010607073788285942 4.832520070256982e-06 2.5971818848402828e-06 1.1832607027264495e-09 0.020398218823626812 9.293307827417274e-06 0.11947330192616225 2.3326430090395115e-05
59650.48716868831 0.14012316435753158 2.140905959559918e-05 0.010653255302586574 4.835318967807526e-06 2.608489602194767e-06 1.1839460233116446e-09 0.020487029428051105 9.298690322706782e-06 0.11963613492948047 2.3341239780386948e-05
59650.48748946111 0.1400365892166239 2.140632109274421e-05 0.010672719306846375 4.8349878761672525e-06 2.6132554367952426e-06 1.1838649542790816e-09 0.0205244602054738 9.298053608013947e-06 0.1195121290111501 2.3338474320811265e-05
59650.48781023391 0.14035719594843243 2.1424565520679968e-05 0.010720601510445675 4.8377478914555416e-06 2.624979574316721e-06 1.1845407543962207e-09 0.02061654136624168 9.303361329722196e-06 0.11974065458219076 2.3357323043989423e-05
59650.488131006714 0.1402352178141743 2.141576070461446e-05 0.010710376888014187 4.83717411376494e-06 2.6224760370840757e-06 1.1844002627720744e-09 0.020596878630796515 9.302257911086424e-06 0.1196383391833778 2.3348807438532675e-05
59650.488451779514 0.14004066452142122 2.1405259274059788e-05 0.010744692812953212 4.838126086642614e-06 2.6308784202853313e-06 1.1846333569092609e-09 0.02066287079414079 9.304088628158873e-06 0.11937779372728043 2.3339905522310023e-05
59650.488772552315 0.14020675012827455 2.1417863720046794e-05 0.010638412734583137 4.8341220309619945e-06 2.6048553436318063e-06 1.183652948826206e-09 0.0204584860280445 9.29638852108076e-06 0.11974826410023005 2.334839878589919e-05
59650.489093325115 0.1399951781365614 2.1416755479545113e-05 0.010554860463311923 4.830442253669301e-06 2.584397255971239e-06 1.1827519415252681e-09 0.02029780858329216 9.289312026287117e-06 0.11969736955326923 2.3344565388808334e-05
59650.489414097916 0.13988057193555326 2.139625872121477e-05 0.01056047733926305 4.831298425217167e-06 2.5857725691594787e-06 1.182961578346772e-09 0.02030861026781356 9.290958510033013e-06 0.1195719616677397 2.3326418441336295e-05
59650.489734870716 0.14032602287356294 2.142481709692558e-05 0.010778806376889704 4.841463317280292e-06 2.6392312546345223e-06 1.185450490374221e-09 0.02072847380171097 9.310506379385176e-06 0.11959754907185197 2.336040061037667e-05
59650.49005564352 0.1403373184135822 2.142837281246082e-05 0.010735992599943211 4.8384749161919804e-06 2.6287481404291866e-06 1.184718769135535e-09 0.020646139615275408 9.304759454215347e-06 0.1196911787983068 2.3361372174823548e-05
59650.49037641632 0.14022975687638492 2.141725099871402e-05 0.010704624425423644 4.837370975163223e-06 2.6210675249975585e-06 1.1844484650253678e-09 0.020585816202737778 9.302636490698507e-06 0.11964394067364714 2.3350325180176658e-05
59650.49069718912 0.14009113352961636 2.140952415094128e-05 0.01065236393016683 4.834538051394212e-06 2.6082713463074777e-06 1.18375481299269e-09 0.020485315250320827 9.297188560373486e-06 0.11960581827929553 2.334106765974679e-05
59650.49101796192 0.13999504100905769 2.1402833016161593e-05 0.010658784904596225 4.834539163221078e-06 2.6098435460304082e-06 1.1837550852276769e-09 0.020497663278069664 9.297190698502073e-06 0.11949737773098802 2.333493124056744e-05
59650.49133873472 0.14000306818414732 2.1405360623656485e-05 0.010670127236804598 4.835051008816552e-06 2.6126207587029513e-06 1.1838804125455532e-09 0.020519475455393458 9.29817501695491e-06 0.11948359272875386 2.3337641741930738e-05
59650.49165950753 0.13994005417130384 2.140003510762579e-05 0.010625533610841372 4.8334139451642425e-06 2.601701841776123e-06 1.183479571357213e-09 0.020433718482387255 9.295026817623544e-06 0.11950633568891658 2.3331502869467222e-05
59650.49198028033 0.14027591712620963 2.1420046311661586e-05 0.01070914300587145 4.838680436847977e-06 2.6221739164037534e-06 1.1847690916406264e-09 0.02059450578052202 9.305154686246112e-06 0.1196814113456876 2.335389234643114e-05
59650.49230105313 0.14009214034269435 2.1408496652842563e-05 0.010923907983049808 5.273391899565161e-06 2.674759928282144e-06 1.2912098271947003e-09 0.021007515352018863 1.0141138268394542e-05 0.11908462499067549 2.368895131307985e-05
59650.49262182593 0.13994347850539415 2.139962843202684e-05 0.010584557466288167 4.831274516242859e-06 2.5916686787692145e-06 1.1829557241445483e-09 0.020354918204400326 9.290912531236268e-06 0.11958856030099382 2.3329491050854384e-05
59650.49294259873 0.13989863331823016 2.139640920909869e-05 0.010604646143049012 4.833160377979083e-06 2.5965874667794663e-06 1.1834174844788683e-09 0.020393550275094256 9.294539188421314e-06 0.1195050830431359 2.3327982891118185e-05
59650.49326337153 0.13997771533356546 2.140129764806693e-05 0.010604043519371767 4.832553537041474e-06 2.5964399121070694e-06 1.1832688971944205e-09 0.020392391383407243 9.29337218661822e-06 0.11958532395015821 2.333200179196299e-05
59650.49358414433 0.14003502544914365 2.1405692413833507e-05 0.010643073511820474 4.834239442143647e-06 2.605996552456379e-06 1.1836816973953355e-09 0.020467449061193223 9.296614311814707e-06 0.11956757638795043 2.33373242977486e-05
59650.49390491713 0.14036838397210027 2.1432537614018578e-05 0.010733457034055895 4.838949703213772e-06 2.628127297591492e-06 1.1848350225223567e-09 0.02064126352703057 9.305672506180333e-06 0.11972712044506971 2.3365556046638432e-05
59650.49422568993 0.13991957621567633 2.1397824599872168e-05 0.01058332404197359 4.831404237570249e-06 2.5913666701898378e-06 1.1829874868991307e-09 0.020352546234564596 9.291161995327401e-06 0.11956702998111174 2.332793580303047e-05
59650.49454646273 0.13974589423245315 2.1387662022753766e-05 0.010567930616068 4.830334434429582e-06 2.587597531999079e-06 1.1827255415791733e-09 0.020322943492438465 9.28910468159535e-06 0.11942295074001469 2.331779476248087e-05
59650.49486723553 0.13984777719205205 2.1392430162911596e-05 0.010599173236218 4.832137063258211e-06 2.5952474049714093e-06 1.183166922023229e-09 0.020383025454265385 9.29257127549656e-06 0.11946475173778666 2.3323549240740216e-05
59650.49518800833 0.14021157257324762 2.1414775053652943e-05 0.010708714318947005 4.837149478200938e-06 2.6220689507990393e-06 1.1843942306616331e-09 0.020593681382590396 9.302210535001804e-06 0.11961789119065723 2.3347884517361632e-05
59650.49550878113 0.14011304166797958 2.1410356016291233e-05 0.010687537754477911 4.836061435714146e-06 2.6168837893944847e-06 1.1841278193692226e-09 0.020552957220149833 9.300118145604129e-06 0.11956008444782976 2.3342997713801314e-05
59650.49582955393 0.14001760158832652 2.1450202293697896e-05 0.010591192496696406 4.831924225396258e-06 2.593293290903116e-06 1.1831148078727568e-09 0.02036767787826232 9.29216197191588e-06 0.1196499237100642 2.33763866444941e-05
59650.49615032673 0.1399008886056501 2.1394683635764787e-05 0.010592767556473589 4.8317826893692295e-06 2.593678950209584e-06 1.1830801522445613e-09 0.02037070683937229 9.29188978724852e-06 0.1195301817662778 2.3325344663966595e-05
59650.496471099534 0.14003795767685062 2.14025319787722e-05 0.010967045861377889 5.21161084091882e-06 2.6853223999289296e-06 1.2760825027746764e-09 0.021090472810342095 1.00223285402285e-05 0.11894748486650852 2.3632931355856925e-05
59650.49679187234 0.14020288290969257 2.1425221482786144e-05 0.010718719252817952 4.83754402772436e-06 2.6245186964619143e-06 1.184490837595398e-09 0.020612921640034525 9.302969284085309e-06 0.11958996126965804 2.3357768581075455e-05
59650.49711264514 0.1398670913461854 2.1392284293494502e-05 0.010582264796086122 4.831459060000461e-06 2.5911073098530064e-06 1.183000910377224e-09 0.020350509223242542 9.29126742307781e-06 0.11951658212294287 2.332289599558422e-05
59650.49743341794 0.13968424941859992 2.138310368667883e-05 0.010561083685819898 4.8300175050915e-06 2.585921035392939e-06 1.1826479402395322e-09 0.02030977631888442 9.288495202099038e-06 0.1193744730997155 2.3313370978789716e-05
59650.49775419074 0.13989490723237769 2.1394115306713104e-05 0.010647511818371739 4.836412917570166e-06 2.607083288497288e-06 1.1842138810227498e-09 0.0204759842660995 9.30079407225032e-06 0.11941892296627818 2.332837199916322e-05
59650.49807496354 0.1398786064223686 2.1394232643726144e-05 0.010619572975550808 4.832029404380275e-06 2.600242357821567e-06 1.1831405613423195e-09 0.02042225572221309 9.292364239192837e-06 0.1194563507001555 2.3325120011860758e-05
59650.498395736344 0.14005379190976075 2.1403192140284597e-05 0.010641918335703634 4.8339839072729834e-06 2.6057137032423223e-06 1.1836191287217993e-09 0.020465227568660836 9.296122898601891e-06 0.1195885643410999 2.3334835219899258e-05
59650.498716509144 0.14012521858045462 2.1409131175978948e-05 0.010696514546607947 4.83644918175875e-06 2.619081790687721e-06 1.1842227604456272e-09 0.02057022028193836 9.30086381107452e-06 0.11955499829851626 2.334217139304802e-05
59650.499037281945 0.14024532133115072 2.147178403418284e-05 0.010665370403284493 4.83474534999926e-06 2.611456030136505e-06 1.183805570835289e-09 0.020510327698624025 9.29758721153704e-06 0.1197349936325267 2.339834689816198e-05
59650.499358054745 0.13980707340929302 2.1388247782968452e-05 0.010585503817030854 4.831575031914797e-06 2.591900396305518e-06 1.1830293065363415e-09 0.02035673810967472 9.291490445989994e-06 0.1194503352996183 2.331928253470887e-05
59650.499678827546 0.14000892413975777 2.1400717404149492e-05 0.01067039309000647 4.837912913503037e-06 2.6126858538586663e-06 1.1845811606648024e-09 0.020519986711550905 9.303678679813534e-06 0.11948893742820686 2.3335576752878508e-05
59650.499999600346 0.13987983950369232 2.1393514364866055e-05 0.010696756805902725 4.835619608489408e-06 2.6191411087866036e-06 1.1840196363125923e-09 0.020570686165197548 9.299268477864247e-06 0.11930915333849476 2.3327212673252024e-05
59650.50032037315 0.13995736774222295 2.13962249059575e-05 0.010684378876537365 4.834754781471171e-06 2.616110326257774e-06 1.1838078801666355e-09 0.02054688245487955 9.29760534898302e-06 0.1194104852873434 2.332903567342109e-05
59650.50064114595 0.13991943351562633 2.1396328215609747e-05 0.010682936455507195 4.8358244538310994e-06 2.615757144047049e-06 1.1840697934644377e-09 0.02054410856828307 9.299662411213653e-06 0.11937532494734326 2.3329950322978357e-05
59650.50096191875 0.13996965709539483 2.139726054532641e-05 0.010647521369870315 4.834815809084418e-06 2.6070856272176147e-06 1.1838228230071176e-09 0.02047600263436599 9.297722709777727e-06 0.11949365446102883 2.333003228528625e-05
59650.50128269155 0.13984761858618244 2.1363110116196918e-05 0.010625620200908632 4.831478643134486e-06 2.6017230436795494e-06 1.1830057053811953e-09 0.020433885001747372 9.291305082950935e-06 0.11941373358443508 2.3296154703753685e-05
59650.50160346435 0.1398077915531552 2.1363348794345134e-05 0.010702965071064888 4.834556692693125e-06 2.620661225845963e-06 1.183759377384794e-09 0.02058262513666325 9.297224409025241e-06 0.11922516641649195 2.329873501760605e-05
59650.501924237156 0.1399557515396853 2.137115025438e-05 0.010716003448044147 4.835582645836885e-06 2.6238537214554163e-06 1.184010585868194e-09 0.02060769893854644 9.299197395840164e-06 0.11934805260113887 2.330667576901706e-05
59650.50224500996 0.13972226213121627 2.135774440433198e-05 0.010641305619133058 4.832697091168064e-06 2.6055636772870586e-06 1.1833040469618792e-09 0.020464049267563574 9.293648252246278e-06 0.11925821286365271 2.3292169153542878e-05
59650.50256578276 0.13972668479390027 2.1358750885373453e-05 0.010628040894551724 4.831398090571502e-06 2.6023157596164864e-06 1.1829859817833836e-09 0.02043854018183024 9.291150174175966e-06 0.11928814461207003 2.329209546053191e-05
59650.50288655556 0.13994514507332423 2.1369850860473917e-05 0.010741529272411305 4.835570964291314e-06 2.6301038154931527e-06 1.1840077255978547e-09 0.020656787062329433 9.29917493132945e-06 0.1192883580109948 2.3305475326677288e-05
59650.50320732836 0.13980402539519277 2.1360259189545415e-05 0.01061965577936266 4.830787780918195e-06 2.6002626326461255e-06 1.1828365451708598e-09 0.02042241496031281 9.289976501765762e-06 0.11938161043487996 2.3293010454810675e-05
59650.50352810116 0.13991369366835937 2.136904507287701e-05 0.010744467628441542 4.836844549680598e-06 2.63082328301127e-06 1.1843195677673227e-09 0.02066243774700297 9.30162413400115e-06 0.11925125592135641 2.330571386713743e-05
59650.50384887396 0.1391226829246594 2.1320350585012605e-05 0.01049565433580529 4.824191455435719e-06 2.5699004131189165e-06 1.1812214100835072e-09 0.020183950645779408 9.277291260453308e-06 0.11893873227888 2.3251354416444877e-05
59650.50416964676 0.13987962047897043 2.1366886072347207e-05 0.010743814788070715 4.836433108444989e-06 2.6306634325927054e-06 1.1842188248343396e-09 0.02066118228475138 9.300832900855748e-06 0.11921843819421905 2.3303418484812606e-05
59650.50449041956 0.1394952487438495 2.1344052886776468e-05 0.010590794019420188 4.828610267837191e-06 2.5931957222443164e-06 1.1823033729085687e-09 0.020366911575808055 9.285788976609983e-06 0.11912833716804144 2.3276478912233318e-05
59650.50481119236 0.1397630347188858 2.135792013276794e-05 0.010645462309221546 4.831535438052001e-06 2.6065814584785724e-06 1.1830196118302184e-09 0.02047204290234913 9.291414303946157e-06 0.11929099181653666 2.3291439031654298e-05
59650.50513196516 0.14006431592867782 2.140334631224244e-05 0.010675218213059483 4.832403778059403e-06 2.613867303373918e-06 1.183232228144776e-09 0.02052926579434516 9.293084188575776e-06 0.11953505013433266 2.3333766243316557e-05
59650.50545273796 0.13945455520989392 2.1340050553141706e-05 0.010565846414304168 4.829508283071906e-06 2.5870872073635174e-06 1.1825232553140715e-09 0.0203189354121234 9.287515928984435e-06 0.11913561979777051 2.3273498012584685e-05
59650.50577351076 0.13933553041278546 2.1332768127259002e-05 0.010532770444144485 4.8260159257658526e-06 2.578988431750481e-06 1.1816681385012998e-09 0.020255327777200932 9.280799857242024e-06 0.11908020263558453 2.3264140688226185e-05
59650.50609428356 0.13986171464776412 2.1364124329521956e-05 0.010705558710590417 4.8351614188382445e-06 2.62129628823225e-06 1.183907446854352e-09 0.020587612904981574 9.298387343919702e-06 0.11927410174278255 2.3299910205081006e-05
59650.50641505636 0.1397234562219719 2.1355417013530323e-05 0.010706740262822655 4.834851604608863e-06 2.621585595737299e-06 1.1838315876758192e-09 0.0205898851208128 9.297791547324736e-06 0.1191335711011591 2.329168872107138e-05
59650.50673582916 0.1397884296926109 2.1390526716778022e-05 0.010693552345650734 4.833295323906503e-06 2.6183564846496102e-06 1.1834505264964053e-09 0.020564523741636028 9.2947986998202e-06 0.11922390595097487 2.3322691013075094e-05
