HATP14b/Results/506070_radii/HATP14b_WLP8_nrca3_level3_asn_phot.ecsv
# %ECSV 0.9
# ---
# datatype:
# - {name: MJD, datatype: float64}
# - {name: aperture_sum, unit: Jy, datatype: float64}
# - {name: aperture_sum_err, unit: Jy, datatype: float64}
# - {name: annulus_sum, unit: Jy, datatype: float64}
# - {name: annulus_sum_err, unit: Jy, datatype: float64}
# - {name: annulus_mean, unit: Jy, datatype: float64}
# - {name: annulus_mean_err, unit: Jy, datatype: float64}
# - {name: aperture_bkg, unit: Jy, datatype: float64}
# - {name: aperture_bkg_err, unit: Jy, datatype: float64}
# - {name: net_aperture_sum, unit: Jy, datatype: float64}
# - {name: net_aperture_sum_err, unit: Jy, datatype: float64}
# meta: !!omap
# - {instrument: NIRCAM}
# - {detector: NRCA3}
# - {channel: SHORT}
# - {subarray: SUBGRISM128}
# - {filter: F210M}
# - {pupil: WLP8}
# - {target_name: UNKNOWN}
# - {xcenter: 1051.8}
# - {ycenter: 56.2973}
# - ra_icrs: !numpy.ndarray
#     buffer: !!binary |
#       ZllmeEdOeEJjRUE9
#     dtype: float64
#     order: C
#     shape: !!python/tuple []
# - dec_icrs: !numpy.ndarray
#     buffer: !!binary |
#       ZXo0UCtmd2VRMEE9
#     dtype: float64
#     order: C
#     shape: !!python/tuple []
# - {apertures: Photometry measured in a circular aperture of r=50.0 pixels.  Background calculated as the mean in a circular annulus
#     with r_inner=60.0 pixels and r_outer=70.0 pixels.}
# - {number_of_integrations: 669}
# - __serialized_columns__:
#     annulus_mean:
#       __class__: astropy.units.quantity.Quantity
#       unit: &id001 !astropy.units.Unit {unit: Jy}
#       value: !astropy.table.SerializedColumn {name: annulus_mean}
#     annulus_mean_err:
#       __class__: astropy.units.quantity.Quantity
#       unit: *id001
#       value: !astropy.table.SerializedColumn {name: annulus_mean_err}
#     annulus_sum:
#       __class__: astropy.units.quantity.Quantity
#       unit: *id001
#       value: !astropy.table.SerializedColumn {name: annulus_sum}
#     annulus_sum_err:
#       __class__: astropy.units.quantity.Quantity
#       unit: *id001
#       value: !astropy.table.SerializedColumn {name: annulus_sum_err}
#     aperture_bkg:
#       __class__: astropy.units.quantity.Quantity
#       unit: *id001
#       value: !astropy.table.SerializedColumn {name: aperture_bkg}
#     aperture_bkg_err:
#       __class__: astropy.units.quantity.Quantity
#       unit: *id001
#       value: !astropy.table.SerializedColumn {name: aperture_bkg_err}
#     aperture_sum:
#       __class__: astropy.units.quantity.Quantity
#       unit: *id001
#       value: !astropy.table.SerializedColumn {name: aperture_sum}
#     aperture_sum_err:
#       __class__: astropy.units.quantity.Quantity
#       unit: *id001
#       value: !astropy.table.SerializedColumn {name: aperture_sum_err}
#     net_aperture_sum:
#       __class__: astropy.units.quantity.Quantity
#       unit: *id001
#       value: !astropy.table.SerializedColumn {name: net_aperture_sum}
#     net_aperture_sum_err:
#       __class__: astropy.units.quantity.Quantity
#       unit: *id001
#       value: !astropy.table.SerializedColumn {name: net_aperture_sum_err}
# schema: astropy-2.0
MJD aperture_sum aperture_sum_err annulus_sum annulus_sum_err annulus_mean annulus_mean_err aperture_bkg aperture_bkg_err net_aperture_sum net_aperture_sum_err
[from data line 412]
59650.551323248495 0.13911262302108368 2.1320711025950925e-05 0.010543172648742436 4.82424642896887e-06 2.5815354506440464e-06 1.1812348705597228e-09 0.02027533201681238 9.277396978786289e-06 0.1188372910042713 2.325172710475715e-05
59650.551644021296 0.139052932123767 2.1326045149677934e-05 0.01048964501363125 4.820973172332708e-06 2.568429007997947e-06 1.1804334013694867e-09 0.020172394256983174 9.271102254485978e-06 0.11888053786678382 2.32541079970666e-05
59650.5519647941 0.13940307648887917 2.133917858775966e-05 0.010678931174572377 4.830448605573093e-06 2.614776435955898e-06 1.1827534968127858e-09 0.020536406104946878 9.289324241486716e-06 0.1188666703839323 2.327342019694942e-05
59650.5522855669 0.13909299848717996 2.1319036288079262e-05 0.010533524248271671 4.823327931004292e-06 2.5791730035242734e-06 1.1810099728808268e-09 0.02025677740052245 9.275630636546715e-06 0.1188362210866575 2.324948670310991e-05
59650.5526063397 0.13897318783542106 2.13132242444576e-05 0.010507192261924817 4.822599582995854e-06 2.5727255176957652e-06 1.1808316341333898e-09 0.020206138965240032 9.27422996729972e-06 0.11876704887018102 2.3243598455938256e-05
59650.5529271125 0.13943860343643183 2.1340666423557874e-05 0.010611249188211345 4.828054920092245e-06 2.598204247205688e-06 1.182167393925887e-09 0.02040624843886797 9.284721000177394e-06 0.11903235499756386 2.3272947545437936e-05
59650.5532478853 0.1391500984449642 2.132474740043614e-05 0.010635758223186959 4.83670055340456e-06 2.6042053765391975e-06 1.18428430973791e-09 0.02045338119843646 9.301347218085694e-06 0.11869671724652775 2.32649932680798e-05
59650.5535686581 0.13872744386202257 2.129885854372829e-05 0.010463590564172266 4.819204676268859e-06 2.562049478119585e-06 1.1800003784611788e-09 0.02012228954648513 9.267701300517038e-06 0.11860515431553745 2.32278208762973e-05
59650.5538894309 0.13940431846897033 2.133805414046514e-05 0.010596579902203427 4.827367890213308e-06 2.594612417390628e-06 1.181999172077757e-09 0.020378038273468128 9.283399788871747e-06 0.11902628019550221 2.327002505674297e-05
59650.55421020371 0.1392866948297978 2.1331405042483e-05 0.01059207892520235 4.8263904404202725e-06 2.593510336254529e-06 1.1817598398220864e-09 0.02036938254846606 9.281520077731294e-06 0.11891731228133175 2.326317811563584e-05
59650.55453097651 0.13909379247514628 2.132039451339356e-05 0.010568989366271713 4.824701574563745e-06 2.5878567709658796e-06 1.1813463146693396e-09 0.02032497955052253 9.278272258776433e-06 0.11876881292462374 2.3251786131708736e-05
59650.55485174931 0.13913506139777598 2.1323702318983964e-05 0.01056391686792958 4.824951299326537e-06 2.586614750681301e-06 1.1814074607161254e-09 0.020315224746018424 9.27875249870488e-06 0.11881983665175756 2.325501082607497e-05
59650.55517252211 0.13930273573970628 2.1332378044863692e-05 0.01062116593728592 4.828265460638334e-06 2.6006324004897197e-06 1.1822189455699353e-09 0.020425319110165232 9.28512588584295e-06 0.11887741662954104 2.3265509144760476e-05
59650.55549329491 0.13942070716266605 2.133974556864449e-05 0.010617234262220797 4.828470522120732e-06 2.599669715072419e-06 1.1822691556446452e-09 0.020417758196578456 9.285520234847563e-06 0.1190029489660876 2.3272422026214756e-05
59650.55581406771 0.13917988291954939 2.1324018372313058e-05 0.01054662238567626 4.8236613137402854e-06 2.582380131698484e-06 1.1810916028967882e-09 0.0202819661263005 9.276271757192857e-06 0.11889791679324889 2.3254310939179398e-05
59650.55613484051 0.13902333207912349 2.131677175530908e-05 0.010531245581586815 4.827577801686727e-06 2.578615063421883e-06 1.1820505696909975e-09 0.020252395349205414 9.28380346478217e-06 0.11877093672991806 2.3250672352442723e-05
59650.55645561331 0.13932180025931565 2.1332630166671607e-05 0.010582339162767119 4.826104324533458e-06 2.5911255188143634e-06 1.181689783271804e-09 0.020350652236090613 9.280969854872037e-06 0.11897114802322503 2.326408199940481e-05
59650.55677638611 0.13931674417066647 2.133352818454666e-05 0.010589762896846665 4.826192388464096e-06 2.592943248006609e-06 1.181711346056218e-09 0.02036492864778205 9.2811392085848e-06 0.11895181552288442 2.3264973024054355e-05
59650.55709715891 0.138880727273576 2.1309150610855495e-05 0.010501105370057943 4.8220179277202085e-06 2.5712351193439518e-06 1.1806892136529369e-09 0.020194433403957584 9.27311139946194e-06 0.11868629386961842 2.3239416833968836e-05
59650.55741793171 0.13917167778222306 2.13258602369436e-05 0.010611197446462734 4.827158543327235e-06 2.598191578044064e-06 1.18194791270585e-09 0.02040614893550526 9.282997198706222e-06 0.1187655288467178 2.3258683364215604e-05
59650.55773870451 0.13960996107958779 2.1350313257703608e-05 0.010709208341137448 4.835064832360671e-06 2.622189913989202e-06 1.1838837972922878e-09 0.020594631425264322 9.298201600693597e-06 0.11901532965432346 2.3287173061778354e-05
59650.55805947731 0.13906588433427225 2.1318221361878526e-05 0.010552004594414618 4.824805492344135e-06 2.5836979857376566e-06 1.1813717593284538e-09 0.02029231652772042 9.2784721006618e-06 0.11877356780655182 2.324987325894086e-05
59650.55838025011 0.1395228239200174 2.134631196664165e-05 0.010676243504073216 4.832081062399256e-06 2.6141183497322922e-06 1.1831532100024288e-09 0.020531237507833106 9.292463581537031e-06 0.11899158641218431 2.328121375683365e-05
59650.558701022914 0.13918068491289204 2.132548953807661e-05 0.01053251041610637 4.82313404311226e-06 2.578924762908007e-06 1.1809624987017152e-09 0.020254827723281483 9.275257775215885e-06 0.11892585718961056 2.325525555299958e-05
59650.559021795714 0.13919832390847714 2.1326735868841555e-05 0.010540529748482998 4.823932576360518e-06 2.58088832658191e-06 1.1811580225689204e-09 0.020270249516313458 9.276793416077918e-06 0.11892807439216369 2.3257010962372606e-05
59650.55934256852 0.13919516976431834 2.132738643533066e-05 0.010548283464081949 4.824522508248425e-06 2.582786852989451e-06 1.1813024696089943e-09 0.0202851605078499 9.277927900477742e-06 0.11891000925646844 2.3258060071476073e-05
59650.55966334132 0.1392665134261657 2.1330365818389182e-05 0.010550803089797608 4.8245906453836765e-06 2.583403792816203e-06 1.181319153242661e-09 0.020290005941918477 9.278058933430147e-06 0.11897650748424722 2.326084442832006e-05
59650.55998411412 0.13917267105137807 2.132586461145687e-05 0.010569356381489863 4.825456222507832e-06 2.587946636021508e-06 1.1815310930548713e-09 0.02032568534901897 9.279723504822754e-06 0.1188469857023591 2.3257380973621005e-05
59650.56030488692 0.13942380993093967 2.133903398854354e-05 0.010594451831595707 4.8265897653554105e-06 2.5940913513037557e-06 1.1818086452816384e-09 0.020373945829991746 9.281903394914253e-06 0.11904986410094792 2.327032664568199e-05
59650.560625659724 0.13957942778037252 2.135027943693e-05 0.010662669336223465 4.830277813471012e-06 2.6107946637143743e-06 1.1827116777246517e-09 0.02050513333889128 9.288995795136562e-06 0.11907429444148124 2.328346784559939e-05
59650.560946432524 0.13923319840907675 2.1348861568139067e-05 0.010512995205503875 4.822979652418017e-06 2.5741463902420583e-06 1.1809246955599366e-09 0.02021729847212284 9.27496087003465e-06 0.11901589993695391 2.3276571684770055e-05
59650.561267205325 0.139628034058324 2.1352296825832686e-05 0.010689607913411291 4.831575860376538e-06 2.617390675590228e-06 1.1830295093883126e-09 0.020556938295021716 9.29149203918565e-06 0.11907109576330228 2.3286313663882374e-05
59650.561587978125 0.13958513715343804 2.1350615528653455e-05 0.010667082210016294 4.830199836165105e-06 2.6118751724487886e-06 1.1826925846882148e-09 0.02051361963464672 9.28884583877905e-06 0.11907151751879132 2.328371620830706e-05
59650.561908750926 0.1395611257531016 2.1349725187777272e-05 0.010696202695032415 4.831504558731557e-06 2.6190054326573256e-06 1.1830120509125445e-09 0.02056962056737003 9.29135492063761e-06 0.11899150518573157 2.3283900915758682e-05
59650.562229523726 0.1395673218267561 2.1349881472278116e-05 0.010681375373574453 4.8305130099440265e-06 2.61537490726833e-06 1.1827692664650795e-09 0.02054110648764318 9.289448096046205e-06 0.11902621533911292 2.3283283376909297e-05
59650.56255029653 0.1393739631677941 2.133797407344001e-05 0.010593086137289119 4.826792123911013e-06 2.593756955919685e-06 1.1818581935345631e-09 0.02037131949478677 9.282292545982719e-06 0.11900264367300734 2.3269509931840084e-05
59650.56287106933 0.13936923672305213 2.1339286206182757e-05 0.010606652878026458 4.827587986479225e-06 2.597078823381214e-06 1.1820530634757212e-09 0.020397409380820113 9.283823050921588e-06 0.11897182734223201 2.3271323688827947e-05
59650.56319184213 0.13957302243086514 2.1350446756228492e-05 0.010686369239642729 4.830922972132963e-06 2.616597674145107e-06 1.1828696472479256e-09 0.020550710076236017 9.290236484871083e-06 0.11902231235462912 2.328411627344653e-05
59650.56351261493 0.13935014262674106 2.133639920428498e-05 0.010545569356512581 4.8244435949047145e-06 2.582122293549839e-06 1.1812831473801828e-09 0.020279941070216502 9.277776144047528e-06 0.11907020155652456 2.3266264444118872e-05
59650.56383338773 0.1396299090535762 2.1355699318502213e-05 0.010688960940113516 4.830913289059676e-06 2.617232261746552e-06 1.1828672763110364e-09 0.020555694115602915 9.2902178635763e-06 0.11907421493797328 2.3288925293688158e-05
59650.56415416053 0.13958080810887388 2.135008402914438e-05 0.010652732151321646 4.829008700571037e-06 2.6083615066412317e-06 1.1824009306610015e-09 0.020486023367926244 9.286555193405842e-06 0.11909478474094765 2.328231507843881e-05
59650.56447493334 0.13964872310754764 2.1356244776870638e-05 0.010692141809525168 4.8311941011452815e-06 2.6180111095776203e-06 1.1829360342056581e-09 0.020561811172163786 9.29075788681785e-06 0.11908691193538386 2.328964089635309e-05
59650.56479570614 0.13975241361603785 2.1364439244727454e-05 0.010725567988819497 4.833121997307927e-06 2.6261956352135716e-06 1.1834080868272782e-09 0.020626092286191344 9.294465379438322e-06 0.1191263213298465 2.3298634100119004e-05
59650.56511647894 0.13921700094111122 2.133003844195531e-05 0.01052413149879497 4.823461038733857e-06 2.576873153511287e-06 1.1810425648087098e-09 0.020238714420759557 9.275886612949724e-06 0.11897828652035167 2.325967782217955e-05
59650.56543725174 0.13949426201335702 2.1346347522761814e-05 0.010621069288275027 4.828013598532723e-06 2.6006087356161374e-06 1.1821572761867268e-09 0.020425133246682745 9.284641535639853e-06 0.11906912876667428 2.3278125375722336e-05
59650.56575802454 0.13969405992546485 2.1358157068086952e-05 0.010688057560962727 4.846275938737592e-06 2.617011065966038e-06 1.1866288788267742e-09 0.020553956848005248 9.319761420649216e-06 0.1191401030774596 2.3302978914355438e-05
59650.56607879734 0.13977792762617683 2.1363237949593577e-05 0.010701346537491 4.832621755635168e-06 2.6202649218169716e-06 1.1832856007734933e-09 0.02057951257209808 9.29350337622148e-06 0.11919841505407874 2.329714876749503e-05
59650.56639957014 0.13986720930593222 2.1370398786747097e-05 0.01080618003067079 4.8796303936966815e-06 2.6459337966495164e-06 1.1947958424896589e-09 0.020781115443597675 9.38390460326285e-06 0.11908609386233454 2.3339914522288628e-05
59650.56672034294 0.1393696789827794 2.1340906400906007e-05 0.010522955703096634 4.82404149543875e-06 2.5765852555152006e-06 1.1811846918146091e-09 0.020236453275185837 9.27700287584375e-06 0.11913322570759358 2.3270089565161632e-05
59650.56704111574 0.13930156064050325 2.1335532978725476e-05 0.010532913992429496 4.824373529573113e-06 2.579023580087607e-06 1.1812659916203923e-09 0.020255603831595186 9.277641403025216e-06 0.11904595680890806 2.3265416340341087e-05
59650.56736188854 0.13961057600691734 2.13542211045093e-05 0.010845912228903277 4.958680250554928e-06 2.655662374724297e-06 1.2141514970584232e-09 0.02085752351712169 9.535923558759479e-06 0.11875305248979565 2.3386675631623544e-05
59650.56768266134 0.1399367187874474 2.1372808291786955e-05 0.010715543521291181 4.833240770513728e-06 2.623741106661271e-06 1.1834371688931397e-09 0.020606814464021506 9.294693789449478e-06 0.1193299043234259 2.3306399698733133e-05
59650.56800343414 0.1394044541964212 2.1342914084983283e-05 0.010514130916902984 4.823927925119188e-06 2.5744244734468184e-06 1.1811568836949987e-09 0.02021948253250574 9.276784471383055e-06 0.11918497166391545 2.327184375522214e-05
59650.56832420694 0.13977399000703894 2.1364754390251508e-05 0.010697140516804392 4.831732874533932e-06 2.6192350618430937e-06 1.1830679548949044e-09 0.020571424070777677 9.291793989488331e-06 0.11920256593626126 2.329785753452155e-05
59650.56864497974 0.13953839294230524 2.1351563691825923e-05 0.010628818854349444 4.828988713769533e-06 2.602506245997e-06 1.1823960368175307e-09 0.020440036258364314 9.286516757249102e-06 0.11909835668394093 2.328365661937075e-05
59650.56896575254 0.13995071441396306 2.1374685938194654e-05 0.010709279391925904 4.8329888662598885e-06 2.6222073110418074e-06 1.1833754891897791e-09 0.02059476806139597 9.294209358192095e-06 0.11935594635256709 2.33079284053809e-05
59650.569286525344 0.13950080839579485 2.134838388737367e-05 0.01055988351591821 4.825595689865209e-06 2.5856271692815483e-06 1.1815652421615276e-09 0.020307468299842712 9.27999171127925e-06 0.11919334009595213 2.327813868770627e-05
59650.569607298145 0.13965225737796394 2.1358895576825178e-05 0.01062204271057673 4.82894156440673e-06 2.6008470817254174e-06 1.1823844921188326e-09 0.02042700521264756 9.286426085397558e-06 0.11922525216531638 2.3290344130159914e-05
59650.56992807095 0.13986768267809824 2.137018628422236e-05 0.01081885604459013 4.948722368754897e-06 2.6490375663017695e-06 1.2117132722719618e-09 0.020805492393442558 9.51677378606711e-06 0.11906219028465567 2.3393457314333416e-05
59650.57024884375 0.1398709356057125 2.137829871125272e-05 0.01069693291988014 4.831948485581993e-06 2.6191842309559165e-06 1.1831207480704184e-09 0.02057102484592335 9.292208626119217e-06 0.11929991075978916 2.3310443945555267e-05
59650.57056961655 0.13984457180607202 2.136889605830153e-05 0.010737266080636094 4.833304195534732e-06 2.6290599569633475e-06 1.183452698747922e-09 0.020648588616607875 9.294815760643717e-06 0.11919598318946414 2.3302860742295257e-05
59650.570890389354 0.13955487623796953 2.13516247274339e-05 0.010568242118280747 4.8259033547356175e-06 2.5876738044866828e-06 1.181640575061437e-09 0.020323542535155285 9.280583374491573e-06 0.11923133370281425 2.328134674523912e-05
59650.571211162154 0.14005810383640172 2.1407357953360807e-05 0.010745825241008217 4.83475819829534e-06 2.631155699550947e-06 1.183808716788876e-09 0.02066504854040042 9.297611919798731e-06 0.11939305529600129 2.3339249387126907e-05
59650.571531934955 0.1395307045264758 2.135184875752664e-05 0.010551056307483254 4.828906314664879e-06 2.583465794118278e-06 1.1823758610870505e-09 0.02029049289900626 9.28635829743246e-06 0.11924021162746956 2.3283854831032264e-05
59650.571852707755 0.13997022006502666 2.137734859926127e-05 0.010735859017853108 4.833838261432902e-06 2.628715432352343e-06 1.1835834667904308e-09 0.020645882726640592 9.29584281044789e-06 0.11932433733838607 2.3311021571155853e-05
59650.572173480556 0.1396472679707153 2.135847557619547e-05 0.010564921237490624 4.825727879213186e-06 2.586860674343349e-06 1.1815976092202268e-09 0.02031715622594351 9.28024592156382e-06 0.11933011174477179 2.328749542788233e-05
59650.572494253356 0.1392422373328735 2.1334577460290142e-05 0.01050017098862192 4.822844102879297e-06 2.5710063325373727e-06 1.180891505745904e-09 0.02019263651658062 9.274700197844802e-06 0.11904960081629287 2.3263367322230515e-05
