HD189733b/Results/ROEBA_Results/303050_radii/HD189733b_nrca1_level3_asn_phot.ecsv
# %ECSV 0.9
# ---
# datatype:
# - {name: MJD, datatype: float64}
# - {name: aperture_sum, unit: Jy, datatype: float64}
# - {name: aperture_sum_err, unit: Jy, datatype: float64}
# - {name: annulus_sum, unit: Jy, datatype: float64}
# - {name: annulus_sum_err, unit: Jy, datatype: float64}
# - {name: annulus_mean, unit: Jy, datatype: float64}
# - {name: annulus_mean_err, unit: Jy, datatype: float64}
# - {name: aperture_bkg, unit: Jy, datatype: float64}
# - {name: aperture_bkg_err, unit: Jy, datatype: float64}
# - {name: net_aperture_sum, unit: Jy, datatype: float64}
# - {name: net_aperture_sum_err, unit: Jy, datatype: float64}
# meta: !!omap
# - {instrument: NIRCAM}
# - {detector: NRCA1}
# - {channel: SHORT}
# - {subarray: SUBGRISM64}
# - {filter: WLP4}
# - {pupil: CLEAR}
# - {target_name: UNKNOWN}
# - {xcenter: 1981.2}
# - {ycenter: 29.2}
# - ra_icrs: !numpy.ndarray
#     buffer: !!binary |
#       TW93WjUrbkNja0E9
#     dtype: float64
#     order: C
#     shape: !!python/tuple []
# - dec_icrs: !numpy.ndarray
#     buffer: !!binary |
#       U1ZQa09iSzFOa0E9
#     dtype: float64
#     order: C
#     shape: !!python/tuple []
# - {apertures: Photometry measured in a circular aperture of r=30.0 pixels.  Background calculated as the mean in a circular annulus
#     with r_inner=30.0 pixels and r_outer=50.0 pixels.}
# - {number_of_integrations: 7350}
# - __serialized_columns__:
#     annulus_mean:
#       __class__: astropy.units.quantity.Quantity
#       unit: &id001 !astropy.units.Unit {unit: Jy}
#       value: !astropy.table.SerializedColumn {name: annulus_mean}
#     annulus_mean_err:
#       __class__: astropy.units.quantity.Quantity
#       unit: *id001
#       value: !astropy.table.SerializedColumn {name: annulus_mean_err}
#     annulus_sum:
#       __class__: astropy.units.quantity.Quantity
#       unit: *id001
#       value: !astropy.table.SerializedColumn {name: annulus_sum}
#     annulus_sum_err:
#       __class__: astropy.units.quantity.Quantity
#       unit: *id001
#       value: !astropy.table.SerializedColumn {name: annulus_sum_err}
#     aperture_bkg:
#       __class__: astropy.units.quantity.Quantity
#       unit: *id001
#       value: !astropy.table.SerializedColumn {name: aperture_bkg}
#     aperture_bkg_err:
#       __class__: astropy.units.quantity.Quantity
#       unit: *id001
#       value: !astropy.table.SerializedColumn {name: aperture_bkg_err}
#     aperture_sum:
#       __class__: astropy.units.quantity.Quantity
#       unit: *id001
#       value: !astropy.table.SerializedColumn {name: aperture_sum}
#     aperture_sum_err:
#       __class__: astropy.units.quantity.Quantity
#       unit: *id001
#       value: !astropy.table.SerializedColumn {name: aperture_sum_err}
#     net_aperture_sum:
#       __class__: astropy.units.quantity.Quantity
#       unit: *id001
#       value: !astropy.table.SerializedColumn {name: net_aperture_sum}
#     net_aperture_sum_err:
#       __class__: astropy.units.quantity.Quantity
#       unit: *id001
#       value: !astropy.table.SerializedColumn {name: net_aperture_sum_err}
# schema: astropy-2.0
MJD aperture_sum aperture_sum_err annulus_sum annulus_sum_err annulus_mean annulus_mean_err aperture_bkg aperture_bkg_err net_aperture_sum net_aperture_sum_err
[from data line 6115]
59866.46369783246 3.375761996367996 0.0006954374434925288 0.3489246992691943 0.00019235572848654673 6.941636331943164e-05 3.826795627584552e-08 0.1962701433389218 0.00010820009727368253 3.179491853029074 0.0007038043043783253
59866.46372937043 3.3762146454373876 0.0006954458356596151 0.34896080956098596 0.0001923503155991466 6.942354723372555e-05 3.8266879416112855e-08 0.1962904553780546 0.00010819705252451995 3.179924190059333 0.0007038121287043114
59866.463760908395 3.3770495098698126 0.0006954947597431413 0.3486173716274954 0.00019234379396351487 6.93552224277752e-05 3.826558197792806e-08 0.19609727154046616 0.0001081933841044771 3.1809522383293465 0.0007038599073637799
59866.46379244635 3.375977784384153 0.0006954240276849491 0.3483827288957585 0.00019232570510860695 6.930854173950456e-05 3.826198331458623e-08 0.19596528500386415 0.0001081832091235914 3.1800124993802887 0.0007037884518929218
59866.46382398432 3.3754847941549286 0.0006953842053911482 0.34895782576106443 0.00019235692591218958 6.942295362559218e-05 3.8268194496108075e-08 0.19628877699059874 0.00010820077082560663 3.17919601716433 0.0007037518027790294
59866.46385552228 3.3774739920452026 0.0006955491803856417 0.34922067332331136 0.00019235729847864102 6.947524548660624e-05 3.826826861584855e-08 0.19643662874436266 0.00010820098039423558 3.18103736330084 0.0007039148488939637
59866.46388706024 3.375978227507219 0.0006954858879084666 0.34886948132461315 0.00019235191016596327 6.940537805839731e-05 3.826719664510156e-08 0.19623908324509487 0.00010819794946835433 3.1797391442621246 0.0007038518427545564
59866.46391859821 3.376640405193332 0.0006954577177269459 0.34894651925382203 0.000192361147614609 6.942070426744625e-05 3.826903437711847e-08 0.19628241708027486 0.00010820314553321756 3.180357988113057 0.0007038248062190299
59866.46395013617 3.376264501121162 0.0006955066530602781 0.3490738061161796 0.00019235577881049256 6.944602718411483e-05 3.8267966287476436e-08 0.196354015940351 0.00010820012558090206 3.1799104851808107 0.0007038726956110977
59866.46398167413 3.3761068042003037 0.0006955007172411813 0.34881366454907475 0.0001923365686157551 6.939427366372933e-05 3.8264144540663655e-08 0.19620768630885455 0.00010818931984636224 3.1798991178914493 0.000703865169341271
59866.4640132121 3.3774613327079215 0.00069556288972646 0.3487673161131837 0.00019234883731907438 6.938505293538352e-05 3.82665853216369e-08 0.1961816153136658 0.00010819622099197933 3.1812797173942555 0.000703927663756418
59866.46404475006 3.3761496528435795 0.0006954884492390989 0.3487212006066023 0.00019234450916139404 6.93758785468515e-05 3.826572426202526e-08 0.19615567534121375 0.00010819378640328414 3.179993977502366 0.0007038537336984767
59866.46407628802 3.3770598265503766 0.0006955272418257748 0.34884563418089387 0.00019234791534774828 6.940063381989538e-05 3.826640190126947e-08 0.1962256692267528 0.0001081957023831084 3.180834157323624 0.0007038923597652869
59866.46410782598 3.3771934861994497 0.0006955545546299383 0.34900922496329084 0.0001923610986452279 6.943317917197382e-05 3.826902463496964e-08 0.1963176890418511 0.00010820311798794069 3.1808757971575985 0.0007039204878455833
59866.46413936395 3.3760431623026905 0.0006954385902963555 0.3485807048948614 0.00019233322026576192 6.934792781309304e-05 3.826347840759789e-08 0.19607664650335954 0.00010818743639949109 3.179966515799331 0.0007038034912303832
59866.46417090191 3.3756903260830766 0.00069540919987874 0.3488611690686084 0.0001923528855828139 6.940372438760806e-05 3.8267390698118255e-08 0.1962344076010922 0.00010819849814033283 3.1794559184819846 0.0007037761506870014
59866.46420243987 3.3760431887057316 0.000695446847177589 0.34863382555497935 0.00019233835232113078 6.935849583264063e-05 3.8264499397573106e-08 0.1961065268746759 0.00010819032318063605 3.179936661831056 0.0007038120937289863
59866.46423397784 3.376821752556136 0.0006955142537614359 0.348715604898749 0.0001923544477702371 6.937476531614531e-05 3.8267701485431296e-08 0.19615252775554629 0.00010819937687075835 3.1806692248005897 0.0007038800908823515
59866.464265515795 3.3761472499681573 0.0006954514051645723 0.34846589392142185 0.0001923434183747499 6.932508689566291e-05 3.826550725691742e-08 0.19601206533079976 0.00010819317283579681 3.1801351846373573 0.000703817035594944
59866.46429705376 3.3763293465016644 0.0006954425742701189 0.34861193731003826 0.00019233415545346117 6.935414130466815e-05 3.8263664457279203e-08 0.1960942147368965 0.0001081879624425719 3.1802351317647677 0.0007038075087159308
59866.46432859173 3.376063064583529 0.0006954426116253039 0.34905170848045536 0.00019235399496331834 6.944163099916964e-05 3.826761140235706e-08 0.19634158602025611 0.00010819912216686655 3.179721478563273 0.0007038092611651994
59866.464360129685 3.374929044020919 0.0006953814975092685 0.34837562369373765 0.0001923194768866967 6.930712820447544e-05 3.8260744249206614e-08 0.1959612883277274 0.00010817970574876688 3.1789677556931917 0.0007037458886658753
59866.46439166765 3.376191080868722 0.0006954365542461934 0.34874592763265094 0.00019234784380310803 6.938079783238102e-05 3.8266387667915536e-08 0.19616958429336614 0.00010819566213924825 3.180021496575356 0.0007038027438761298
59866.464423205616 3.376504669797045 0.0006955030247748489 0.3492301564099258 0.00019235902315698045 6.94771320867443e-05 3.826861172970225e-08 0.19644196298058325 0.00010820195052580149 3.1800627068164617 0.0007038693909871007
59866.464454743575 3.376538772952099 0.0006954410788801316 0.34931359661852546 0.0001923657676726765 6.949373198880837e-05 3.826995350846698e-08 0.19648889809792056 0.00010820574431588052 3.1800498748541783 0.0007038087647201582
59866.46448628154 3.376390281555345 0.0006954859746435311 0.34892650835685823 0.00019235087521656693 6.94167232259869e-05 3.826699074846121e-08 0.19627116095073277 0.00010819736730931889 3.1801191206046124 0.0007038518389679251
59866.4645178195 3.3769449106560594 0.0006954797245967665 0.349025282256998 0.00019235368594100867 6.943637366905653e-05 3.826754992432193e-08 0.19632672126956136 0.00010819894834181738 3.180618189386498 0.0007038459062518368
59866.464549357464 3.377022635265884 0.0006955029475858453 0.3491439716827376 0.00019236072965158986 6.945998618005552e-05 3.826895122601781e-08 0.19639348407153986 0.00010820291042901929 3.1806291511943443 0.0007038694622768552
59866.46458089543 3.3771776161416307 0.0006955595863575753 0.34860655658848566 0.00019232095598272557 6.935307084412753e-05 3.8261038506011997e-08 0.19609118808102316 0.00010818053774028313 3.1810864280606075 0.0007039219892287058
59866.46461243339 3.377444294566952 0.0006955755726377411 0.34858487926380344 0.0001923403725708541 6.934875827740731e-05 3.826490131348529e-08 0.19607899458588945 0.00010819145957110542 3.181365299981062 0.0007039394641405236
59866.464643971354 3.377314614248397 0.0006955685463765393 0.34840458691429055 0.00019233207483596574 6.931289025412402e-05 3.826325053158035e-08 0.19597758013928843 0.00010818679209523073 3.181337034109109 0.0007039318040067721
59866.46467550932 3.376300421774065 0.0006954982872822122 0.34857190335147614 0.0001923438741823972 6.934617680167228e-05 3.8265597936967624e-08 0.19607169563520532 0.00010819342922759841 3.1802287261388598 0.0007038633999154367
59866.46470704728 3.377145307230956 0.000695522444246829 0.34897229504593763 0.00019236319181543943 6.942583219835539e-05 3.826944105795201e-08 0.1962969159633399 0.00010820429539618467 3.1808483912676158 0.0007038889400986977
59866.464738585244 3.376345226298949 0.0006955123284027528 0.34895331341217906 0.00019235160488718326 6.942205592230459e-05 3.8267135911817985e-08 0.1962862387943507 0.00010819777774904058 3.1800589875045984 0.0007038779425937778
59866.4647701232 3.376013369863349 0.0006954176491843337 0.3489037836752418 0.00019234903858647697 6.941220229422508e-05 3.82666253625144e-08 0.19625837831732348 0.00010819633420489328 3.1797549915460257 0.0007037841668668329
59866.46480166117 3.376553105478391 0.0006955481876832781 0.3486527016822121 0.000192339167712347 6.936225111883503e-05 3.826466161450137e-08 0.19611714469624428 0.00010819078183819518 3.1804359607821464 0.0007039123004069843
59866.464833199134 3.37697982959476 0.0006954858792551331 0.348814369565965 0.00019235155750268516 6.939441392238314e-05 3.8267126484971614e-08 0.1962080828808553 0.0001081977510952604 3.1807717467139045 0.0007038518037096712
59866.46486473709 3.3764228353862764 0.0006954619725582096 0.3488116541673884 0.00019234210302489902 6.939387371100073e-05 3.8265245576379094e-08 0.196206555469156 0.0001081924329515057 3.1802162799171203 0.0007038273636500089
59866.46489627506 3.3763694659104626 0.0006954573334097482 0.34859649373397167 0.00019233329906160774 6.935106890283063e-05 3.826349408353333e-08 0.19608552772535903 0.00010818748072215434 3.1802839381851036 0.000703822018395563
59866.464927813024 3.376743401457105 0.0006955127609756922 0.34969402653542697 0.00019238717764159425 6.956941611602702e-05 3.827421288644786e-08 0.19670288992617765 0.00010821778742339675 3.1800405115309274 0.000703881446122034
59866.46495935098 3.3766684868112646 0.0006954569321059201 0.3488188189594974 0.00019234751477450733 6.939529910110118e-05 3.8266322209755265e-08 0.19621058566471725 0.00010819547706066037 3.1804579011465473 0.0007038228510573966
59866.46499088895 3.376763386163643 0.0006955253973668931 0.3483992631529499 0.0001923308474944909 6.93118311254575e-05 3.826300635975212e-08 0.1959745855235343 0.00010818610171565112 3.1807888006401086 0.0007038890615621213
59866.465022426906 3.3758633150894197 0.0006954091193198123 0.34856608930414884 0.00019234841112915186 6.93450201337079e-05 3.826650053384582e-08 0.19606842523358373 0.00010819598126014793 3.179794889855836 0.0007037756841451708
59866.46505396487 3.37646220268079 0.0006954513815356524 0.3484208223402595 0.00019233902397964404 6.931612018949422e-05 3.826463301978867e-08 0.19598671256639597 0.00010819070098854976 3.180475490114394 0.0007038166322702536
59866.46508550284 3.3762888363445525 0.0006954773598800283 0.3486382864325771 0.0001923377273583022 6.935938329604089e-05 3.826437506516883e-08 0.1961090361183246 0.00010818997163904497 3.180179800226228 0.0007038421897477814
59866.465117040796 3.375947350587989 0.0006954096074848673 0.3488971579184066 0.00019235560651116604 6.941088414178503e-05 3.826793200961455e-08 0.1962546513291037 0.00010820002866253089 3.179692699258885 0.0007037767887511138
59866.46514857876 3.3776951881132913 0.0006955887522912768 0.3489622580249795 0.00019235489316077545 6.942383539648113e-05 3.826779009306353e-08 0.19629127013905096 0.00010819962740293619 3.18140391797424 0.000703953742574233
59866.46518011673 3.376759669904908 0.0006954950979222005 0.3489082282100835 0.00019234961913861134 6.941308650633734e-05 3.8266740859691786e-08 0.19626087836817196 0.00010819666076546888 3.1804987915367358 0.0007038607452007884
59866.465211654686 3.377072540855121 0.0006955463241021585 0.3494729775550345 0.00019238815007786405 6.95254398186584e-05 3.827440634649684e-08 0.19657854987470685 0.00010821833441879852 3.1804939909804144 0.0007039146943177162
59866.46524319265 3.3767430584084415 0.000695470284697662 0.34903605905148655 0.00019236645433821486 6.943851764419846e-05 3.8270090116235334e-08 0.1963327832164612 0.00010820613056524584 3.1804102751919805 0.0007038376827005997
59866.46527473061 3.3757457293336355 0.0006954656497911964 0.34854252170442046 0.00019234536919610196 6.934033150871592e-05 3.826589536049401e-08 0.1960551684587365 0.00010819427017280736 3.179690560874899 0.000703831279595982
59866.465306268576 3.3764207380243487 0.0006954579855936045 0.34931650405334835 0.00019237331185446174 6.949431040458811e-05 3.827145437574536e-08 0.19649053353000845 0.00010820998791813472 3.1799302044943403 0.0007038261228536186
59866.46533780654 3.3762829490773822 0.0006954769580193697 0.34892974303739815 0.0001923540158989778 6.941736674523346e-05 3.8267615567374176e-08 0.19627298045853644 0.000108199133943175 3.1800099686188457 0.0007038432010909312
59866.4653693445 3.3767091130464504 0.0006954426514044894 0.34898197261541164 0.00019235885424878096 6.942775748962902e-05 3.826857812648365e-08 0.19630235959616904 0.00010820185551493928 3.1804067534502813 0.0007038097206840653
59866.465400882465 3.376791136142382 0.0006954935891054326 0.3489604584316517 0.00019234543237455049 6.942347737876404e-05 3.8265907929446983e-08 0.19629025786780407 0.00010819430571068465 3.180500878274578 0.000703858892303687
59866.46543242043 3.3758299387104627 0.0006954455668571099 0.3488080704778783 0.00019234361215592004 6.939316075862568e-05 3.8265545808456305e-08 0.19620453964380655 0.00010819328183770503 3.1796253990666563 0.000703811283438977
59866.46546395839 3.377397451932343 0.0006955246690233179 0.3491408390027821 0.0001923502325726722 6.945936295318046e-05 3.8266862898520596e-08 0.1963917219390649 0.0001081970058221281 3.181005729993278 0.0007038900178926175
59866.465495496355 3.377075539242238 0.0006955074377582089 0.34907060623933706 0.00019235328118540017 6.944539058884387e-05 3.8267469400752134e-08 0.1963522160096271 0.0001081987206667876 3.180723323232611 0.000703873255018912
59866.465527034314 3.3766470698886395 0.0006955193621823405 0.3489846105294122 0.0001924008182697467 6.942828228594482e-05 3.8276926603194544e-08 0.19630384342279436 0.00010822546027673253 3.1803432264658453 0.0007038891485330913
59866.46555857228 3.375687445067694 0.0006953952573544767 0.34880947698207543 0.00019234613432709397 6.939344057374499e-05 3.826604757846837e-08 0.19620533080241742 0.00010819470055899035 3.1794821142652765 0.0007037617900825169
59866.465590110245 3.3766769490515656 0.0006955025983534515 0.3489077136642946 0.00019234212814482623 6.941298414070516e-05 3.826525057382982e-08 0.19626058893616574 0.00010819244708146474 3.1804163601154 0.0007038675087840595
59866.4656216482 3.37649000601505 0.0006954977654909028 0.34884818079797036 0.0001923542789348109 6.940114045326524e-05 3.826766789669049e-08 0.19622710169885832 0.00010819928190083113 3.1802629043161916 0.0007038637839857186
59866.46565318617 3.37691636904239 0.0006955209898338026 0.34864853551466274 0.0001923443719554063 6.936142228613599e-05 3.82656969657613e-08 0.19611480122699776 0.00010819370922491605 3.1808015678153923 0.0007038858757037524
59866.465684724135 3.376525079173133 0.0006954761476041724 0.3490911033629523 0.00019235709171272724 6.944946836202204e-05 3.826822748107699e-08 0.19636374564166068 0.00010820086408840906 3.1801613335314722 0.0007038426662797723
59866.46571626209 3.37741001919337 0.0006955261713502594 0.3489248948550331 0.00019235574591761447 6.941640222999794e-05 3.826795974364626e-08 0.1962702533559561 0.00010820010707865813 3.181139765837414 0.0007038919790741925
59866.46574780006 3.376127916929864 0.0006954661629111596 0.3489514392342896 0.00019235557406365497 6.942168306646042e-05 3.8267925554387334e-08 0.1962851845692879 0.00010820001041080593 3.179842732360576 0.0007038326690395026
59866.46577933802 3.3756698247589285 0.0006954031263778529 0.34910834048398987 0.00019235452510446067 6.945289757829428e-05 3.826771687058624e-08 0.19637344152224429 0.00010819942037125912 3.179296383236684 0.0007037702911780011
59866.46581087598 3.3754275074246607 0.0006954373056902425 0.34866263333438485 0.00019233401198688634 6.936422695825549e-05 3.826363591551101e-08 0.19612273125059146 0.00010818788174262356 3.179304776174069 0.0007038022903498252
59866.46584241395 3.3785800289070242 0.0006956760978487769 0.34933337368820905 0.00019236517006597224 6.94976665118084e-05 3.826983461839073e-08 0.19650002269961755 0.00010820540816210939 3.1820800062074066 0.0007040409387767374
