HD189733b/Results/ROEBA_Results/303050_radii/HD189733b_nrca1_level3_asn_phot.ecsv
# %ECSV 0.9
# ---
# datatype:
# - {name: MJD, datatype: float64}
# - {name: aperture_sum, unit: Jy, datatype: float64}
# - {name: aperture_sum_err, unit: Jy, datatype: float64}
# - {name: annulus_sum, unit: Jy, datatype: float64}
# - {name: annulus_sum_err, unit: Jy, datatype: float64}
# - {name: annulus_mean, unit: Jy, datatype: float64}
# - {name: annulus_mean_err, unit: Jy, datatype: float64}
# - {name: aperture_bkg, unit: Jy, datatype: float64}
# - {name: aperture_bkg_err, unit: Jy, datatype: float64}
# - {name: net_aperture_sum, unit: Jy, datatype: float64}
# - {name: net_aperture_sum_err, unit: Jy, datatype: float64}
# meta: !!omap
# - {instrument: NIRCAM}
# - {detector: NRCA1}
# - {channel: SHORT}
# - {subarray: SUBGRISM64}
# - {filter: WLP4}
# - {pupil: CLEAR}
# - {target_name: UNKNOWN}
# - {xcenter: 1981.2}
# - {ycenter: 29.2}
# - ra_icrs: !numpy.ndarray
#     buffer: !!binary |
#       TW93WjUrbkNja0E9
#     dtype: float64
#     order: C
#     shape: !!python/tuple []
# - dec_icrs: !numpy.ndarray
#     buffer: !!binary |
#       U1ZQa09iSzFOa0E9
#     dtype: float64
#     order: C
#     shape: !!python/tuple []
# - {apertures: Photometry measured in a circular aperture of r=30.0 pixels.  Background calculated as the mean in a circular annulus
#     with r_inner=30.0 pixels and r_outer=50.0 pixels.}
# - {number_of_integrations: 7350}
# - __serialized_columns__:
#     annulus_mean:
#       __class__: astropy.units.quantity.Quantity
#       unit: &id001 !astropy.units.Unit {unit: Jy}
#       value: !astropy.table.SerializedColumn {name: annulus_mean}
#     annulus_mean_err:
#       __class__: astropy.units.quantity.Quantity
#       unit: *id001
#       value: !astropy.table.SerializedColumn {name: annulus_mean_err}
#     annulus_sum:
#       __class__: astropy.units.quantity.Quantity
#       unit: *id001
#       value: !astropy.table.SerializedColumn {name: annulus_sum}
#     annulus_sum_err:
#       __class__: astropy.units.quantity.Quantity
#       unit: *id001
#       value: !astropy.table.SerializedColumn {name: annulus_sum_err}
#     aperture_bkg:
#       __class__: astropy.units.quantity.Quantity
#       unit: *id001
#       value: !astropy.table.SerializedColumn {name: aperture_bkg}
#     aperture_bkg_err:
#       __class__: astropy.units.quantity.Quantity
#       unit: *id001
#       value: !astropy.table.SerializedColumn {name: aperture_bkg_err}
#     aperture_sum:
#       __class__: astropy.units.quantity.Quantity
#       unit: *id001
#       value: !astropy.table.SerializedColumn {name: aperture_sum}
#     aperture_sum_err:
#       __class__: astropy.units.quantity.Quantity
#       unit: *id001
#       value: !astropy.table.SerializedColumn {name: aperture_sum_err}
#     net_aperture_sum:
#       __class__: astropy.units.quantity.Quantity
#       unit: *id001
#       value: !astropy.table.SerializedColumn {name: net_aperture_sum}
#     net_aperture_sum_err:
#       __class__: astropy.units.quantity.Quantity
#       unit: *id001
#       value: !astropy.table.SerializedColumn {name: net_aperture_sum_err}
# schema: astropy-2.0
MJD aperture_sum aperture_sum_err annulus_sum annulus_sum_err annulus_mean annulus_mean_err aperture_bkg aperture_bkg_err net_aperture_sum net_aperture_sum_err
[from data line 5623]
59866.44818115469 3.3755933086593832 0.0006954298186710143 0.3487078891073062 0.00019235864882678638 6.937323030821034e-05 3.8268537259076334e-08 0.19614818762285974 0.00010820173996506733 3.1794451210365233 0.0007037970227475163
59866.44821269265 3.3759525202366154 0.0006953993953478094 0.34907501144016384 0.00019235830443494994 6.944626697570249e-05 3.826846874449742e-08 0.19635469393509217 0.00010820154624465933 3.1795978263015234 0.0007037669313486064
59866.44824423061 3.375270822896188 0.0006954328139365141 0.3487807562793881 0.0001923402658183614 6.938772677149279e-05 3.8264880075751666e-08 0.1961891754071558 0.0001081913995228283 3.179081647489032 0.0007037983927449439
59866.44827576858 3.376092217467011 0.0006954583457356077 0.34890541712846146 0.00019235069051116833 6.941252725941785e-05 3.826695400248971e-08 0.19625929713475954 0.00010819726341253218 3.1798329203322515 0.0007038245224935466
59866.44830730654 3.3759001230718866 0.000695443825059623 0.34919408333102847 0.0001923565741500728 6.946995557572049e-05 3.826812451525848e-08 0.1964216718737035 0.00010820057295941596 3.1794784511981833 0.0007038106832112634
59866.4483388445 3.3762960037242675 0.0006954506917675635 0.34891863941833345 0.00019235063230956106 6.941515775040802e-05 3.8266942423647846e-08 0.19626673467281258 0.0001081972306741281 3.180029269051455 0.0007038169544743386
59866.448370382466 3.3759359774173063 0.0006954222130232538 0.34895990889981965 0.0001923604177800947 6.942336805287972e-05 3.826888918115523e-08 0.19628994875614855 0.00010820273500130327 3.179646028661158 0.0007037896605008644
59866.448401920425 3.3768992923856835 0.0006955237659712695 0.3489563772522649 0.0001923540867763396 6.942266545392273e-05 3.826762966797728e-08 0.196287962204399 0.00010819917381169102 3.1806113301812844 0.000703889458824601
59866.44843345839 3.3754906998168765 0.0006953690245985004 0.3489727904292328 0.00019235408859895285 6.942593075173058e-05 3.826763003057467e-08 0.19629719461644343 0.00010819917483691098 3.179193505200433 0.0007037365571053263
59866.448464996356 3.376773281368709 0.0006954990395994787 0.3484793962464395 0.0001923412437123753 6.932777309787516e-05 3.8265074621584325e-08 0.1960196603886222 0.00010819194958821109 3.1807536209800866 0.0007038639158526989
59866.448496534314 3.376560716202783 0.0006954905071714219 0.3488954136163993 0.00019235108115978118 6.941053712392665e-05 3.8267031719561895e-08 0.1962536701592246 0.0001081974831523769 3.1803070460435583 0.000703856335430797
59866.44852807228 3.3760709732490604 0.0006954380259060246 0.3486746637273073 0.0001923476650293986 6.936662032888167e-05 3.82663521020161e-08 0.19612949834661036 0.0001081955615790367 3.17994147490245 0.0007038041825831043
59866.448559610246 3.3765488646602675 0.0006954513291638379 0.34889739589072377 0.00019236272760415538 6.941093148487327e-05 3.826934870605139e-08 0.1962547851885321 0.0001082040342773374 3.1802940794717354 0.0007038186302376771
59866.448591148204 3.377063782139744 0.0006955321048663691 0.3487666664048661 0.00019238602632158685 6.938492368002064e-05 3.827398383861004e-08 0.1961812498527372 0.0001082171398058926 3.1808825322870065 0.0007039004604683889
59866.44862268617 3.376920977326645 0.0006955029986490481 0.3490545560814633 0.0001923589970211307 6.94421975113901e-05 3.826860653014015e-08 0.1963431877958231 0.00010820193582438602 3.180577789530822 0.0007038693629118703
59866.44865422413 3.3758294426421904 0.0006954171056806924 0.34874577640393567 0.00019234990789677772 6.938076774638405e-05 3.8266798306303707e-08 0.1961694992272138 0.00010819682319193746 3.179659943414977 0.0007037837049990137
59866.448685762094 3.3761306099462765 0.000695504871257825 0.3494938882081076 0.00019242894778397586 6.952959986090825e-05 3.8282522792239973e-08 0.19659031211706054 0.00010824128312848642 3.1795402978292158 0.0007038772629632703
59866.44871730006 3.3777720130425135 0.0006955866627539895 0.349130832175623 0.0001923611902814052 6.945737215817168e-05 3.826904286540787e-08 0.19638609309878793 0.00010820316953329042 3.1813859199437258 0.000703952222312198
59866.44874883802 3.3767240415750104 0.0006955097090388582 0.34803403510369313 0.00019231613303637035 6.923917131371372e-05 3.826007901132112e-08 0.19576914474582735 0.00010817782483295831 3.180954896829183 0.0007038722875301367
59866.448780375984 3.3757511608273614 0.0006954006296807175 0.3484739185001252 0.00019233712109084633 6.93266833348715e-05 3.8264254452090785e-08 0.1960165791563204 0.00010818963061360106 3.179734581671041 0.0007037663191235041
59866.44881191395 3.3760615723476004 0.0006954919741276506 0.348712326600716 0.00019233965516035232 6.937411311947421e-05 3.826475858920081e-08 0.19615068371290273 0.00010819105602769818 3.179910888634698 0.0007038567969980578
59866.44884345191 3.376310272798965 0.0006954811803117906 0.3489577485266697 0.00019236458410320002 6.942293826029755e-05 3.826971804480114e-08 0.1962887335462517 0.00010820507855805001 3.180021539252713 0.0007038482870573993
59866.448874989874 3.376900163963235 0.0006955168218553354 0.3493369541512339 0.00019236992339417784 6.94983788222946e-05 3.82707802629908e-08 0.19650203671006905 0.00010820808190922504 3.180398127253166 0.0007038839666267587
59866.44890652783 3.3755963193541323 0.0006954293239427466 0.3488971888478516 0.0001923530097321229 6.94108902950026e-05 3.8267415396838514e-08 0.1962546687269165 0.00010819856797431913 3.1793416506272156 0.0007037960462457564
59866.4489380658 3.3766305530128893 0.0006954966658638902 0.3490126347730901 0.00019236087196063936 6.943385753207951e-05 3.8268979537503656e-08 0.19631960705986318 0.00010820299047785965 3.180310945953026 0.0007038632675286724
59866.44896960376 3.3753592956308407 0.0006954151201163987 0.34814340909961716 0.00019232086611934207 6.9260930578835e-05 3.826102062825989e-08 0.19583066761853463 0.00010818048719212991 3.179528628012306 0.0007037792317876621
59866.44900114172 3.376733976486888 0.0006955085458244632 0.3487201850753454 0.0001923557182332109 6.937567651332726e-05 3.826795423600917e-08 0.19615510410488177 0.00010820009150618112 3.1805788723820063 0.0007038745606404634
59866.44903267969 3.3760367446145914 0.0006954623207345292 0.3487807604646864 0.0001923597044524617 6.938772760413144e-05 3.826874726913168e-08 0.1961891777613861 0.0001082023337545097 3.1798475668532054 0.0007038292297080163
59866.44906421765 3.3752264945980324 0.0006953354876625292 0.3486735934455274 0.00019235237077796607 6.936640740308696e-05 3.8267288280947925e-08 0.19612889631310917 0.0001081982085626059 3.179097598284923 0.000703703270376829
59866.44909575561 3.3745457098300022 0.0006953155156805701 0.349003859362789 0.00019236169208222085 6.943211171967066e-05 3.826914269550819e-08 0.19631467089156882 0.00010820345179624922 3.1782310389384336 0.0007036843421071414
59866.44912729358 3.3752398272893434 0.0006953938226740538 0.34904203027409086 0.00019236446931872127 6.943970558119068e-05 3.8269695209154666e-08 0.19633614202917613 0.00010820501399178071 3.1789036852601673 0.0007037619580981873
59866.449158831536 3.3760002489375225 0.0006955418466516099 0.34831780043585225 0.0001923376911529905 6.929562463282778e-05 3.826436786235093e-08 0.1959287627451669 0.00010818995127355715 3.1800714861923556 0.0007039059070643648
59866.4491903695 3.3758143718136067 0.0006954693948057073 0.3488284411724971 0.00019235113976750785 6.939721337955418e-05 3.826704337919864e-08 0.19621599815952964 0.00010819751611922315 3.179598373654077 0.0007038354790757469
59866.44922190747 3.377587434191809 0.0006955801681591336 0.348634882096007 0.00019234006500825268 6.935870602479955e-05 3.826484012584988e-08 0.19610712117900395 0.00010819128656714212 3.181480313012805 0.0007039439784708313
59866.449253445426 3.377642804312461 0.0006955653636631595 0.34905074241845013 0.00019236028978389874 6.944143880724031e-05 3.8268863717121125e-08 0.1963410426103782 0.00010820266300344303 3.1813017617020827 0.0007039310984811652
59866.44928498339 3.3769870908186754 0.0006955195658112691 0.3489724060970476 0.00019235922423118727 6.942585429127175e-05 3.826865173214468e-08 0.19629697842958926 0.00010820206363004284 3.1806901123890863 0.000703885752803746
59866.44931652136 3.3760409755487775 0.0006954355645945821 0.3487752769586734 0.00019234378077734307 6.938663669527212e-05 3.8265579354622534e-08 0.19618609328925377 0.00010819337668725547 3.179854882259524 0.0007038014146490298
59866.449348059316 3.3768908919916485 0.0006954812821447632 0.3489554790352622 0.00019235985729778207 6.942248675932779e-05 3.826877767674202e-08 0.196287456957335 0.00010820241973000241 3.1806034350343135 0.0007038479789337691
59866.44937959728 3.3769566067249492 0.0006955502186965597 0.34859324745041437 0.00019235057497227431 6.935042307523711e-05 3.826693101675708e-08 0.19608370169085806 0.0001081971984219043 3.180872905034091 0.0007039152935369291
59866.44941113524 3.3755764794963166 0.0006954287981382626 0.3487017333261068 0.00019233780773736535 6.937200565445225e-05 3.826439105607536e-08 0.19614472499593508 0.000108190016852268 3.1794317545003814 0.0007037942121291723
59866.449442673205 3.3778246546820143 0.0006955555112457387 0.3488485568650621 0.0001923525241593604 6.940121526943597e-05 3.826731879520678e-08 0.19622731323659742 0.00010819829483964022 3.181597341445417 0.0007039206917192637
59866.44947421117 3.376085356538298 0.0006954287918469389 0.34892511437138496 0.00019236428637390838 6.941644590138855e-05 3.8269658813440555e-08 0.19627037683390403 0.00010820491108532345 3.1798149797043944 0.0007037964956666634
59866.44950574913 3.375963200802607 0.0006954267227025739 0.3487218859089226 0.00019234825592145434 6.937601488341624e-05 3.826646965625548e-08 0.19615606082376896 0.00010819589395581805 3.179807139978838 0.0007037930648406115
59866.449537287095 3.37571253593007 0.000695389938828703 0.3489367045916011 0.00019235834340739993 6.94187517024372e-05 3.826847649781999e-08 0.1962768963327756 0.00010820156816666244 3.1794356395972945 0.0007037575906360884
59866.44956882506 3.375388810533381 0.0006954013898674285 0.34918974233016986 0.0001923688135954817 6.946909196103973e-05 3.827055947555539e-08 0.19641923006072054 0.00010820745764745847 3.1789695804726605 0.0007037698110320432
59866.44960036302 3.376165820271354 0.0006954320777588554 0.3490083993262814 0.00019235485039563653 6.943301491670975e-05 3.826778158520947e-08 0.1963172246210333 0.00010819960334754555 3.1798485956503204 0.000703798926498588
59866.449631900985 3.375314569625825 0.000695380339425554 0.3488784680385907 0.0001923429122679922 6.940716590833691e-05 3.826540657017715e-08 0.19624413827170725 0.00010819288815074561 3.179070431354118 0.0007037467708671909
59866.44966343894 3.376348927645811 0.000695497240101903 0.34841458935451936 0.00019233070867925818 6.931488017638076e-05 3.8262978743339044e-08 0.1959832065119171 0.00010818602363208272 3.180365721133894 0.0007038612268755011
59866.44969497691 3.3764104777303827 0.000695460859936777 0.3487839383738582 0.0001923461027423009 6.938835982907316e-05 3.826604129487344e-08 0.1961909653352952 0.00010819468279254425 3.1802195123950874 0.000703826610102645
59866.449726514875 3.3758047689889907 0.0006954556680472398 0.3486724635806605 0.00019235399950345627 6.936618262361371e-05 3.8267612305588806e-08 0.19612826076412151 0.00010819912472069414 3.179676508224869 0.000703822162772214
59866.44975805283 3.375752132972333 0.0006954503621889082 0.34896823302093555 0.00019234995066728987 6.942502408415784e-05 3.826680681522674e-08 0.19629463107427625 0.00010819684725035053 3.1794575018980566 0.000703816569870019
59866.4497895908 3.376788224117741 0.0006955309136489549 0.34911487519938833 0.0001923575823058273 6.945419761861599e-05 3.8268325081473144e-08 0.1963771172996559 0.00010820114004702785 3.1804111068180854 0.0007038968237950974
59866.449821128765 3.3766941530935344 0.0006955116794856997 0.34909356222475485 0.00019236964785686994 6.944995753703486e-05 3.82707254465851e-08 0.19636512875142462 0.00010820792691948933 3.1803290243421096 0.0007038788615587431
59866.44985266672 3.376010013346465 0.0006954167705403287 0.34867649641425347 0.00019233498677022324 6.936698493036495e-05 3.8263829842494154e-08 0.19613052923301758 0.00010818843005825057 3.1798794841134477 0.0007037820835650828
59866.44988420469 3.375489399240904 0.0006953455902422716 0.34879854327014537 0.00019234715491993888 6.939126538086998e-05 3.826625061896356e-08 0.19619918058945676 0.00010819527464246562 3.179290218651447 0.0007037128017340112
59866.44991574265 3.375338196917739 0.0006953815846402593 0.34892240058477325 0.00019235763440432165 6.941590601069637e-05 3.8268335446139274e-08 0.19626885032893496 0.00010820116935243091 3.179069346588804 0.0007037492744621706
59866.44994728061 3.3753299447119716 0.000695368216139556 0.34830820976510013 0.00019233929970700512 6.929371662950556e-05 3.826468787400425e-08 0.1959233679928688 0.00010819085608519037 3.179406576719103 0.0007037344793013589
59866.44997881858 3.3762654283134026 0.0006954789046665453 0.3490851674391455 0.0001923653420056276 6.944828744750245e-05 3.8269868824698305e-08 0.19636040668451935 0.00010820550487816552 3.1799050216288833 0.00070384610400436
59866.45001035654 3.3768988393699724 0.0006955069781711416 0.348997681826832 0.00019235350776433005 6.943088273794106e-05 3.8267514477197994e-08 0.196311196027593 0.00010819884811743564 3.1805876433423794 0.0007038728204858409
59866.4500418945 3.3773366994723775 0.0006955597780859133 0.3493723428121318 0.0001923649417365036 6.950541917268374e-05 3.826978919368624e-08 0.19652194283182414 0.00010820527972678327 3.180814756640553 0.0007039259815148723
59866.45007343247 3.3754846672682746 0.0006953535023891299 0.3491842460814238 0.00019237670554014127 6.946799851709422e-05 3.827212952805936e-08 0.19641613842080086 0.00010821189686632946 3.179068528847474 0.0007037231756225162
59866.45010497043 3.375652831545005 0.0006954050369668465 0.34879960729695875 0.00019235771104065424 6.939147706227864e-05 3.8268350692453214e-08 0.19619977910453928 0.000108201212460368 3.179453052440466 0.0007037724545737457
59866.45013650839 3.376957136414502 0.0006955372015713473 0.3487561630834863 0.00019234984059695887 6.938283411062503e-05 3.826678491743016e-08 0.19617534173446102 0.00010819678533578935 3.180781794680041 0.0007039023676098127
59866.45016804635 3.3762167018741547 0.0006954761231318055 0.3485128065999808 0.00019233845908142174 6.933441987652084e-05 3.8264520636858144e-08 0.19603845371248918 0.00010819038323329971 3.1801782481616656 0.000703841030965526
59866.45019958432 3.3760015968276544 0.000695448645486788 0.3490246399798447 0.00019235430515172176 6.943624589207679e-05 3.8267673112379184e-08 0.1963263599886626 0.00010819929664784348 3.179675236838992 0.0007038152501221441
59866.45023112228 3.3772731240770755 0.0006955009626404687 0.34903001429479175 0.00019234731333003422 6.943731507806374e-05 3.82662821336507e-08 0.19632938304082034 0.00010819536374814425 3.180943741036255 0.0007038663408420749
59866.45026266024 3.3768463305924783 0.0006955136867143329 0.3489207049293955 0.0001924096913960535 6.941556867077743e-05 3.827869185558505e-08 0.19626789652278495 0.00010823045141028009 3.180578434069693 0.0007038843079792561
59866.45029419821 3.375707598508992 0.000695378994693913 0.34863194266847175 0.00019234232470358357 6.935812124427193e-05 3.826528967795212e-08 0.19610546775101537 0.00010819255764576576 3.1796021307579765 0.0007037453913109836
59866.45032573617 3.3753412594745953 0.0006953691117564167 0.3489380683606784 0.00019235739943765267 6.941902301567458e-05 3.826828870100574e-08 0.1962776634528816 0.00010820103718367963 3.1790635960217135 0.0007037369295642597
