HD189733b/Results/ROEBA_Results/303050_radii/HD189733b_nrca1_level3_asn_phot.ecsv
# %ECSV 0.9
# ---
# datatype:
# - {name: MJD, datatype: float64}
# - {name: aperture_sum, unit: Jy, datatype: float64}
# - {name: aperture_sum_err, unit: Jy, datatype: float64}
# - {name: annulus_sum, unit: Jy, datatype: float64}
# - {name: annulus_sum_err, unit: Jy, datatype: float64}
# - {name: annulus_mean, unit: Jy, datatype: float64}
# - {name: annulus_mean_err, unit: Jy, datatype: float64}
# - {name: aperture_bkg, unit: Jy, datatype: float64}
# - {name: aperture_bkg_err, unit: Jy, datatype: float64}
# - {name: net_aperture_sum, unit: Jy, datatype: float64}
# - {name: net_aperture_sum_err, unit: Jy, datatype: float64}
# meta: !!omap
# - {instrument: NIRCAM}
# - {detector: NRCA1}
# - {channel: SHORT}
# - {subarray: SUBGRISM64}
# - {filter: WLP4}
# - {pupil: CLEAR}
# - {target_name: UNKNOWN}
# - {xcenter: 1981.2}
# - {ycenter: 29.2}
# - ra_icrs: !numpy.ndarray
#     buffer: !!binary |
#       TW93WjUrbkNja0E9
#     dtype: float64
#     order: C
#     shape: !!python/tuple []
# - dec_icrs: !numpy.ndarray
#     buffer: !!binary |
#       U1ZQa09iSzFOa0E9
#     dtype: float64
#     order: C
#     shape: !!python/tuple []
# - {apertures: Photometry measured in a circular aperture of r=30.0 pixels.  Background calculated as the mean in a circular annulus
#     with r_inner=30.0 pixels and r_outer=50.0 pixels.}
# - {number_of_integrations: 7350}
# - __serialized_columns__:
#     annulus_mean:
#       __class__: astropy.units.quantity.Quantity
#       unit: &id001 !astropy.units.Unit {unit: Jy}
#       value: !astropy.table.SerializedColumn {name: annulus_mean}
#     annulus_mean_err:
#       __class__: astropy.units.quantity.Quantity
#       unit: *id001
#       value: !astropy.table.SerializedColumn {name: annulus_mean_err}
#     annulus_sum:
#       __class__: astropy.units.quantity.Quantity
#       unit: *id001
#       value: !astropy.table.SerializedColumn {name: annulus_sum}
#     annulus_sum_err:
#       __class__: astropy.units.quantity.Quantity
#       unit: *id001
#       value: !astropy.table.SerializedColumn {name: annulus_sum_err}
#     aperture_bkg:
#       __class__: astropy.units.quantity.Quantity
#       unit: *id001
#       value: !astropy.table.SerializedColumn {name: aperture_bkg}
#     aperture_bkg_err:
#       __class__: astropy.units.quantity.Quantity
#       unit: *id001
#       value: !astropy.table.SerializedColumn {name: aperture_bkg_err}
#     aperture_sum:
#       __class__: astropy.units.quantity.Quantity
#       unit: *id001
#       value: !astropy.table.SerializedColumn {name: aperture_sum}
#     aperture_sum_err:
#       __class__: astropy.units.quantity.Quantity
#       unit: *id001
#       value: !astropy.table.SerializedColumn {name: aperture_sum_err}
#     net_aperture_sum:
#       __class__: astropy.units.quantity.Quantity
#       unit: *id001
#       value: !astropy.table.SerializedColumn {name: net_aperture_sum}
#     net_aperture_sum_err:
#       __class__: astropy.units.quantity.Quantity
#       unit: *id001
#       value: !astropy.table.SerializedColumn {name: net_aperture_sum_err}
# schema: astropy-2.0
MJD aperture_sum aperture_sum_err annulus_sum annulus_sum_err annulus_mean annulus_mean_err aperture_bkg aperture_bkg_err net_aperture_sum net_aperture_sum_err
[from data line 3023]
59866.36618245098 3.3125639865330294 0.0006857077548092444 0.3424056109746241 0.0001904126310158052 6.811943191126493e-05 3.7881389316623174e-08 0.19260315617322604 0.00010710710494639041 3.1199608303598034 0.0006940223749530933
59866.36621398895 3.3129126003815315 0.0006857540430400715 0.3423563039354387 0.00019040197545566487 6.810962258749545e-05 3.787926946028849e-08 0.19257542096368424 0.00010710111119381147 3.1203371794178474 0.0006940671837543924
59866.36624552691 3.3133438523764616 0.0006858048142070834 0.342556576140146 0.00019042572098783604 6.814946547667431e-05 3.788399348381523e-08 0.19268807407883212 0.00010711446805565777 3.1206557782976296 0.0006941194079237799
59866.36627706487 3.3137556560375225 0.0006858607290431738 0.34250082616555794 0.0001904167278737107 6.813837437163313e-05 3.788220436060668e-08 0.19265671471812632 0.00010710940942896226 3.121098941319396 0.0006941738724785419
59866.36630860284 3.3129891737828903 0.0006857802980678231 0.34188925980018814 0.00019038995120887974 6.801670710903645e-05 3.787687731239748e-08 0.1923127086376058 0.00010709434755499485 3.1206764651452845 0.0006940920807041543
59866.3663401408 3.3138605956153064 0.0006858514628561573 0.3423178395055674 0.00019041622677222315 6.810197033231143e-05 3.7882104669633267e-08 0.19255378472188164 0.00010710912755937552 3.121306810893425 0.0006941646737687402
59866.36637167876 3.3118905786103916 0.0006856497828980284 0.34229911677426716 0.000190409637339883 6.809824556326816e-05 3.7880793743721884e-08 0.1925432531855253 0.00010710542100368418 3.1193473254248665 0.000693964837723418
59866.36640321672 3.312042289160612 0.0006856831952991754 0.3418995470452588 0.00019039888324224105 6.80187536914162e-05 3.787865428397412e-08 0.19231849521295807 0.00010709937182376058 3.119723793947654 0.0006939969162472778
59866.36643475469 3.3123863525374553 0.0006856921062851732 0.3425501596331699 0.000190418082690394 6.814818895317103e-05 3.788247389282185e-08 0.19268446479365808 0.00010711017151334663 3.119701887743797 0.0006940073871821652
59866.36646629265 3.3121892192654014 0.000685698095111936 0.3422209191585287 0.00019041647834558921 6.808268864191468e-05 3.788215471856421e-08 0.19249926702667236 0.00010710926906939392 3.119689952238729 0.0006940131649765136
59866.36649783061 3.311350736889776 0.0006856060424737562 0.3424437537160597 0.0001904114488492143 6.812702016856813e-05 3.788115413205255e-08 0.19262461146528356 0.00010710643997768304 3.1187261254244922 0.0006939217787050779
59866.36652936858 3.3117961202810124 0.0006856688477134762 0.34254365869861175 0.00019041004162712903 6.814689563333397e-05 3.788087417411393e-08 0.1926808080179691 0.00010710564841526007 3.1191153122630433 0.0006939837092087821
59866.36656090654 3.3115453070796765 0.0006856531780533563 0.34201526123579346 0.0001904083780183933 6.804177429817803e-05 3.7880543209671846e-08 0.19238358444513382 0.00010710471263534621 3.1191617226345425 0.0006939680828707957
59866.3665924445 3.311348981304712 0.0006856738508015188 0.34191066554392 0.00019040300320692958 6.802096564644332e-05 3.787947392490605e-08 0.192324749368455 0.00010710168930389789 3.119024231936257 0.0006939880413412987
59866.36662398247 3.311323309147496 0.0006856468148178935 0.3425688699150682 0.00019041739899272635 6.815191124548447e-05 3.788233787549261e-08 0.19269498932722587 0.00010710978693340857 3.11862831982027 0.0006939625790536857
59866.366655520425 3.3101439072903265 0.0006855084728722071 0.341839471570734 0.00019039662419976757 6.800680205550468e-05 3.7878204861753734e-08 0.19228470275853787 0.00010709810111236925 3.1178592045317886 0.0006938240912806796
59866.36668705839 3.3111806222962827 0.0006856007373991332 0.34185404982217854 0.0001903871092053637 6.800970230647847e-05 3.787631191376265e-08 0.1922929030249754 0.00010709274892801707 3.1188877192713074 0.0006939144241152467
59866.36671859636 3.3110341017464444 0.0006856358065926345 0.3419416060764555 0.00019039302446261037 6.802712106981196e-05 3.787748871680074e-08 0.19234215341800623 0.00010709607626021832 3.118691948328438 0.0006939495866648145
59866.366750134315 3.3112465983353845 0.0006856506581271832 0.3420643530508116 0.00019039663776782313 6.805154080445989e-05 3.787820756103262e-08 0.19241119859108152 0.0001070981087444005 3.118835399744303 0.0006939645739422631
59866.36678167228 3.3118518622288855 0.0006856551621245229 0.3421512818733421 0.0001904176737728088 6.80688347442135e-05 3.7882392541253094e-08 0.19246009605375491 0.00010710994149720494 3.1193917661751307 0.0006939708501915195
59866.36681321025 3.3108627272707487 0.0006856391090085009 0.34227040169774825 0.00019041251350385857 6.80925328803066e-05 3.78813659383642e-08 0.19252710095498338 0.00010710703884592043 3.1183356263157656 0.0006939545414307141
59866.366844748205 3.309527714937493 0.0006854883591895371 0.34182020946134106 0.00019039400986275615 6.800296998059934e-05 3.7877684755930896e-08 0.1922738678220043 0.00010709663054780034 3.1172538471154887 0.0006938039916713192
59866.36687628617 3.309218024066504 0.0006854943609826627 0.3420077623022776 0.0001903943206264347 6.804028243275682e-05 3.787774658040036e-08 0.19237936629503113 0.0001070968053523695 3.116838657771473 0.0006938099485130725
59866.36690782413 3.309965938185269 0.0006855161049786441 0.34236553643494516 0.00019040700097169055 6.811145933491239e-05 3.788026925493484e-08 0.19258061424465664 0.00010710393804657593 3.1173853239406126 0.0006938325329142301
59866.366939362095 3.309965410959001 0.0006855256091499972 0.34221490044477776 0.00019040296347138454 6.808149125685905e-05 3.7879466019770544e-08 0.19249588150018748 0.00010710166695265381 3.1174695294588135 0.0006938415725974568
59866.36697090006 3.30862248799367 0.0006853978995372132 0.34176868781390163 0.0001903812580902138 6.799272007451657e-05 3.787514787138927e-08 0.19224488689531966 0.00010708945767574526 3.1163776010983506 0.0006937135090477257
59866.36700243802 3.3095394205576083 0.0006854920783002217 0.341638477887527 0.00019037059576492606 6.796681563273887e-05 3.7873026669171274e-08 0.1921716438117339 0.0001070834601177709 3.1173677767458745 0.0006938056333319523
59866.367033975985 3.309943121448029 0.0006855756283899177 0.34194015931872707 0.00019039511781968334 6.802683324650703e-05 3.787790517695801e-08 0.19234133961678396 0.00010709725377357187 3.117601781831245 0.0006938903112222215
59866.36706551395 3.308301656632276 0.0006854148729269875 0.3415086639746742 0.00019037909183740217 6.794098997534811e-05 3.787471690908557e-08 0.19209862348575424 0.0001070882391585387 3.1162030331465216 0.0006937300908823221
59866.36709705191 3.309211346681969 0.0006854539485463666 0.34157752047095175 0.0001903914182719876 6.79546885400313e-05 3.787716917532928e-08 0.19213735526491035 0.00010709517277799301 3.1170739914170587 0.0006937697684463868
59866.367128589874 3.3081775081432694 0.0006853673361816363 0.3414530554854513 0.0001903788682608148 6.792992701792597e-05 3.787467242993677e-08 0.19206734371056633 0.00010708811339670831 3.116110164432703 0.0006936831045481636
59866.36716012783 3.3089766498253623 0.0006854660911428956 0.3414129683589822 0.00019037091250575014 6.792195193751109e-05 3.7873089682756065e-08 0.19204479470192748 0.00010708363828448446 3.116931855123435 0.0006937799850780958
59866.3671916658 3.3096253270580798 0.0006854782181829315 0.34213097787099594 0.00019039893573918434 6.806479539129108e-05 3.787866472790915e-08 0.19244867505243524 0.00010709940135329118 3.1171766520056448 0.0006937943999294604
59866.367223203764 3.3079430568102532 0.0006853509818749877 0.341820342460779 0.0001903827770784533 6.800299643999683e-05 3.7875450064497785e-08 0.1922739426341882 0.00010709031210662996 3.115669114176065 0.0006936672857387071
59866.36725474172 3.309248035041148 0.0006854219834051758 0.34159744858912033 0.00019037779006691354 6.795865311317261e-05 3.7874457930075524e-08 0.19214856483138018 0.00010708750691263884 3.1170994702097676 0.000693737003101211
59866.36728627969 3.3088108910451783 0.0006854120084845199 0.34172000741072367 0.00019037459933836785 6.798303541601972e-05 3.787382315480039e-08 0.19221750416853203 0.00010708571212783192 3.116593386876646 0.0006937268706895449
59866.36731781765 3.3077438066404072 0.0006853086492733443 0.34207277774740386 0.0001904066015666821 6.805321684459327e-05 3.78801897958331e-08 0.19241593748291463 0.00010710371338125867 3.1153278691574924 0.00069362752986665
59866.36734935561 3.307899229646979 0.0006853171863085275 0.34193519033445785 0.0001903903721138585 6.80258446984963e-05 3.787696104878241e-08 0.19233854456313254 0.00010709458431404539 3.1155606850838464 0.000693634554963372
59866.36738089358 3.3095450618468307 0.0006855083845032685 0.34189344394398813 0.00019038712015721562 6.801753951799692e-05 3.7876314092564365e-08 0.19231506221849332 0.00010709275508843378 3.1172299996283375 0.0006938231787831193
59866.36741243154 3.3073216452895866 0.0006852867407252178 0.3418069151965154 0.00019037825300008762 6.800032517064714e-05 3.7874550027704246e-08 0.19226638979803992 0.00010708776731254927 3.1150552554915465 0.0006936034219363242
59866.3674439695 3.306710711559064 0.0006853451129256228 0.34159613607924777 0.00019038165561059556 6.795839199763002e-05 3.787522695555644e-08 0.19214782654457688 0.00010708968128096 3.114562885014487 0.000693661389762968
59866.36747550747 3.307144973035445 0.0006852651637614268 0.3416641332086527 0.00019037462803877953 6.797191959670608e-05 3.787382886456587e-08 0.1921860749298671 0.00010708572827181347 3.114958898105578 0.0006935817888789179
59866.36750704543 3.3076124625952255 0.0006853070667272421 0.341730718789369 0.00019038470894268438 6.798516637709314e-05 3.787583439667499e-08 0.19222352931902006 0.00010709139878025996 3.1153889332762055 0.0006936240648932312
59866.36753858339 3.3085734770274446 0.0006853951834745821 0.34162230549954475 0.00019037299979724533 6.796359823837766e-05 3.7873504936204976e-08 0.1921625468434939 0.00010708481238595048 3.116410930183951 0.0006937101084558955
59866.36757012135 3.3082904177870662 0.0006853814142908906 0.34208887169716407 0.0001903959121940928 6.805641863416604e-05 3.787806321272542e-08 0.1924249903296548 0.00010709770060917718 3.1158654274574116 0.00069369849396633
59866.367601659316 3.3085678158720624 0.0006853940284819407 0.34166596280656275 0.0001903809903857698 6.797228358364515e-05 3.787509461328233e-08 0.19218710407869152 0.0001070893070919955 3.116380711793371 0.000693709661149495
59866.36763319728 3.3074388963724255 0.0006852927572588223 0.3416973026467397 0.00019038194102112072 6.797851844674499e-05 3.78752837361763e-08 0.19220473273879105 0.00010708984182438039 3.1152341636336343 0.0006936096866201985
59866.36766473524 3.3080037856481717 0.0006853116334173762 0.3421258284080628 0.00019039178030246773 6.806377093819099e-05 3.787724119900486e-08 0.19244577847953534 0.00010709537642013809 3.1155580071686364 0.0006936291909570728
59866.367696273206 3.307104194583931 0.0006852825986207125 0.34218575163746356 0.000190402596635978 6.807569228589743e-05 3.787939304018523e-08 0.19247948529607325 0.00010710146060773762 3.114624709287858 0.0006936014437965562
59866.36772781117 3.3062479034693375 0.0006851866183020574 0.3416747115577371 0.00019038258612720914 6.797402409238925e-05 3.7875412075954793e-08 0.1921920252512271 0.00010709020469655514 3.1140558782181103 0.0006935048765813831
59866.36775934913 3.305838281687179 0.0006851531004471697 0.34168678518641793 0.0001903809717344492 6.797642606449627e-05 3.787509090272e-08 0.19219881666736008 0.00010708929660062768 3.1136394650198187 0.0006934716205431816
59866.367790887096 3.30754780203573 0.0006853445128016429 0.3416911156548056 0.0001903849393432363 6.797728758380851e-05 3.7875880233408395e-08 0.19220125255582812 0.0001070915283805704 3.1153465494799017 0.0006936610819976912
59866.367822425054 3.3079559086471897 0.0006853293164132616 0.34207229488295665 0.00019038929014390986 6.805312078176376e-05 3.78767457977004e-08 0.19241566587166312 0.00010709397570594929 3.1155402427755265 0.0006936464456536737
59866.36785396302 3.3071861703508345 0.0006852857533059516 0.3413602229426737 0.00019037369153818552 6.791145857034742e-05 3.7873642553692445e-08 0.19201512540525395 0.00010708520149022936 3.1151710449455807 0.000693602050214897
59866.367885500986 3.3071010399702847 0.0006852423020340159 0.34125771067204763 0.00019036379786658506 6.789106440210027e-05 3.7871674270266765e-08 0.19195746225302676 0.00010707963629995409 3.115143577717258 0.0006935582607157152
59866.367917038944 3.306732786481616 0.0006852356807325923 0.34132351109618886 0.00019036879087914454 6.79041549805498e-05 3.787266759855397e-08 0.1919944749916062 0.0001070824448695188 3.11473831149001 0.0006935521524357723
59866.36794857691 3.306326948591929 0.0006852371331308647 0.3417306719469634 0.00019038836426171166 6.798515705809264e-05 3.78765615992897e-08 0.19222350297016688 0.0001070934548972128 3.114103445621762 0.0006935552874163873
59866.367980114876 3.305016430887524 0.0006851456229724455 0.34171288711965997 0.00019038161856853178 6.798161887912092e-05 3.7875219586272e-08 0.19221349900480872 0.00010708966044479913 3.1128029318827153 0.0006934642889525624
59866.368011652834 3.305742197213779 0.0006851402244258929 0.341541211281956 0.0001903688141826392 6.794746505639589e-05 3.7872672234636927e-08 0.19211693134610025 0.00010708245797773456 3.113625265867679 0.0006934578429384991
59866.3680431908 3.305551038541934 0.0006851583747760175 0.34138132381424124 0.0001903688184626151 6.791565645536433e-05 3.787267308611107e-08 0.1920269946455107 0.00010708246038522098 3.1135240438964233 0.0006934757759632747
59866.36807472876 3.3053391682386914 0.0006851144512392314 0.34129025897233534 0.00019036165078071694 6.789753968070032e-05 3.787124712110532e-08 0.19197577067193863 0.00010707842856415328 3.113363397566753 0.0006934317566715572
59866.368106266724 3.305158072352122 0.0006851367311723062 0.3413144466350906 0.00019036273534419368 6.790235166331198e-05 3.7871462888153343e-08 0.19198937623223844 0.00010707903863110893 3.1131686961198834 0.0006934538635811582
59866.36813780469 3.304931986296656 0.0006851639996475686 0.34165970829878695 0.0001903661144304587 6.797103928885875e-05 3.787213513600611e-08 0.19218358591806767 0.00010708093936713301 3.1127484003785884 0.0006934810985086767
59866.36816934265 3.3046907826443683 0.000685078348392018 0.341479521608372 0.00019037857568580672 6.793519228578512e-05 3.787461422398832e-08 0.19208223090470927 0.00010708794882326628 3.112608551739659 0.0006933975571190813
59866.36820088061 3.3049336210204343 0.0006850550517991692 0.3415452134310445 0.00019038494739997725 6.794826125865892e-05 3.787588183624608e-08 0.19211918255496252 0.00010709153291248719 3.1128144384654717 0.0006933750935944474
59866.36823241858 3.305955217959416 0.0006852042067570558 0.3417656733741824 0.0001903833853691754 6.799212037078911e-05 3.787557108009186e-08 0.1922431912729776 0.00010709065427016115 3.1137120266864384 0.0006935223234976487
59866.36826395654 3.306661429744278 0.000685230452059873 0.3415740095525215 0.00019036542807430808 6.795399006500259e-05 3.7871998589788495e-08 0.19213538037329334 0.00010708055329179828 3.1145260493709848 0.0006935466944074174
59866.3682954945 3.304591137474905 0.0006850737349129984 0.34138231241411165 0.0001903742132117667 6.791585313105947e-05 3.787374633735385e-08 0.19202755073293779 0.00010708549493161877 3.112563586741967 0.0006933926200158139
59866.36832703246 3.3052831134339615 0.0006851215865659577 0.341865793962678 0.00019037970262778927 6.801203872899455e-05 3.7874838421972195e-08 0.1922995091040064 0.00010708858272813146 3.1129836043299552 0.000693440374458666
