HD189733b/Results/ROEBA_Results/303050_radii/HD189733b_nrca1_level3_asn_phot.ecsv
# %ECSV 0.9
# ---
# datatype:
# - {name: MJD, datatype: float64}
# - {name: aperture_sum, unit: Jy, datatype: float64}
# - {name: aperture_sum_err, unit: Jy, datatype: float64}
# - {name: annulus_sum, unit: Jy, datatype: float64}
# - {name: annulus_sum_err, unit: Jy, datatype: float64}
# - {name: annulus_mean, unit: Jy, datatype: float64}
# - {name: annulus_mean_err, unit: Jy, datatype: float64}
# - {name: aperture_bkg, unit: Jy, datatype: float64}
# - {name: aperture_bkg_err, unit: Jy, datatype: float64}
# - {name: net_aperture_sum, unit: Jy, datatype: float64}
# - {name: net_aperture_sum_err, unit: Jy, datatype: float64}
# meta: !!omap
# - {instrument: NIRCAM}
# - {detector: NRCA1}
# - {channel: SHORT}
# - {subarray: SUBGRISM64}
# - {filter: WLP4}
# - {pupil: CLEAR}
# - {target_name: UNKNOWN}
# - {xcenter: 1981.2}
# - {ycenter: 29.2}
# - ra_icrs: !numpy.ndarray
#     buffer: !!binary |
#       TW93WjUrbkNja0E9
#     dtype: float64
#     order: C
#     shape: !!python/tuple []
# - dec_icrs: !numpy.ndarray
#     buffer: !!binary |
#       U1ZQa09iSzFOa0E9
#     dtype: float64
#     order: C
#     shape: !!python/tuple []
# - {apertures: Photometry measured in a circular aperture of r=30.0 pixels.  Background calculated as the mean in a circular annulus
#     with r_inner=30.0 pixels and r_outer=50.0 pixels.}
# - {number_of_integrations: 7350}
# - __serialized_columns__:
#     annulus_mean:
#       __class__: astropy.units.quantity.Quantity
#       unit: &id001 !astropy.units.Unit {unit: Jy}
#       value: !astropy.table.SerializedColumn {name: annulus_mean}
#     annulus_mean_err:
#       __class__: astropy.units.quantity.Quantity
#       unit: *id001
#       value: !astropy.table.SerializedColumn {name: annulus_mean_err}
#     annulus_sum:
#       __class__: astropy.units.quantity.Quantity
#       unit: *id001
#       value: !astropy.table.SerializedColumn {name: annulus_sum}
#     annulus_sum_err:
#       __class__: astropy.units.quantity.Quantity
#       unit: *id001
#       value: !astropy.table.SerializedColumn {name: annulus_sum_err}
#     aperture_bkg:
#       __class__: astropy.units.quantity.Quantity
#       unit: *id001
#       value: !astropy.table.SerializedColumn {name: aperture_bkg}
#     aperture_bkg_err:
#       __class__: astropy.units.quantity.Quantity
#       unit: *id001
#       value: !astropy.table.SerializedColumn {name: aperture_bkg_err}
#     aperture_sum:
#       __class__: astropy.units.quantity.Quantity
#       unit: *id001
#       value: !astropy.table.SerializedColumn {name: aperture_sum}
#     aperture_sum_err:
#       __class__: astropy.units.quantity.Quantity
#       unit: *id001
#       value: !astropy.table.SerializedColumn {name: aperture_sum_err}
#     net_aperture_sum:
#       __class__: astropy.units.quantity.Quantity
#       unit: *id001
#       value: !astropy.table.SerializedColumn {name: net_aperture_sum}
#     net_aperture_sum_err:
#       __class__: astropy.units.quantity.Quantity
#       unit: *id001
#       value: !astropy.table.SerializedColumn {name: net_aperture_sum_err}
# schema: astropy-2.0
MJD aperture_sum aperture_sum_err annulus_sum annulus_sum_err annulus_mean annulus_mean_err aperture_bkg aperture_bkg_err net_aperture_sum net_aperture_sum_err
[from data line 5482]
59866.44373430191 3.3756338748098993 0.0006954045879355675 0.3491426778155003 0.0001923558159033974 6.945972877334737e-05 3.826797366687539e-08 0.1963927562712189 0.00010820014644566105 3.1792411185386804 0.0007037718469878564
59866.443765839875 3.3767652573552356 0.0006954827653552309 0.34910367325263436 0.00019235722381466444 6.94519690621183e-05 3.826825376192236e-08 0.1963708162046068 0.00010820093839574873 3.1803944411506286 0.0007038492167899881
59866.44379737783 3.376175030122755 0.0006954490430419993 0.3487698820339109 0.00019235234205360106 6.938556340909267e-05 3.826728256641708e-08 0.19618305864407487 0.00010819819240515059 3.17999197147868 0.0007038154731943413
59866.4438289158 3.3759384158161097 0.0006954307831812034 0.348920768155751 0.00019235490506717571 6.94155812492612e-05 3.82677924617666e-08 0.19626793208760995 0.00010819963410028633 3.1796704837284997 0.0007037976520388923
59866.443860453765 3.3767478047076254 0.0006955511707404653 0.3483209614121147 0.00019233414024320022 6.929625348907424e-05 3.8263661431293936e-08 0.19593054079431452 0.00010818795388680013 3.180817263913311 0.0007039148133720758
59866.44389199172 3.375007372241015 0.0006953177348193033 0.3482181886044886 0.000192320142328349 6.927580748863782e-05 3.8260876634617e-08 0.19587273109002482 0.00010818008005969631 3.17913464115099 0.0007036829414416476
59866.44392352969 3.377190122759494 0.000695532115591022 0.34883671351996015 0.00019235212789647457 6.939885911079131e-05 3.826723996121048e-08 0.19622065135497757 0.00010819807194176695 3.1809694714045165 0.0007038975398383194
59866.44395506765 3.3768936765650475 0.0006954842605790999 0.34887515758701065 0.00019235109537023377 6.940650731492087e-05 3.826703454664161e-08 0.1962422761426935 0.00010819749114575649 3.180651400422354 0.00070385016431304
59866.44398660561 3.3766214491443485 0.000695532930200191 0.3487622358975039 0.00019235086727446073 6.938404225858675e-05 3.8266989168429386e-08 0.1961787576923459 0.00010819736284188415 3.1804426914520025 0.0007038982357690649
59866.44401814358 3.3758806415004177 0.0006954196648157572 0.3485636766729243 0.0001923474312483303 6.934454015597635e-05 3.826630559275032e-08 0.19606706812851993 0.00010819543007718578 3.1798135733718977 0.0007037860195414848
59866.44404968154 3.3765978754741175 0.0006954128860540156 0.3491266555434851 0.00019236432889271812 6.94565412436089e-05 3.8269667272288986e-08 0.19638374374321035 0.00010820493500215393 3.180214131730907 0.0007037807826651675
59866.4440812195 3.376235066770203 0.0006954312584963335 0.34874699106640206 0.0001923492197148077 6.93810093958037e-05 3.8266661396850866e-08 0.19617018247485116 0.00010819643608957933 3.180064884295352 0.0007037976300587269
59866.44411275747 3.3759384690923904 0.0006954805703039941 0.34870522836579054 0.00019235663713917275 6.93727009705047e-05 3.826813704654175e-08 0.19614669095575718 0.00010820060839078466 3.179791778136633 0.0007038469970998703
59866.44414429543 3.3760956200622614 0.0006954543114081662 0.34906958347949946 0.00019235955152662737 6.944518711723918e-05 3.826871684550361e-08 0.19635164070721844 0.00010820224773372789 3.179743979355043 0.000703821302370735
59866.44417583339 3.376196029777115 0.0006954123866221133 0.3488860102266317 0.0001923414711133939 6.940866637897248e-05 3.826511986157955e-08 0.19624838075248033 0.00010819207750128407 3.179947649024635 0.0007037783124688537
59866.44420737135 3.3771383248715816 0.0006954935731205306 0.3485987222685148 0.00019234989896274007 6.935151225569112e-05 3.826679652893339e-08 0.19608678127603954 0.00010819681816654129 3.181051543595542 0.0007038592627175736
59866.44423890932 3.3759406244299446 0.0006954083869183545 0.3491375852666613 0.00019235763142645167 6.945871564294654e-05 3.8268334853710865e-08 0.19638989171249696 0.00010820116767737905 3.1795507327174475 0.0007037757578114893
59866.44427044728 3.376260113937885 0.0006954548838539423 0.3484534491345568 0.00019234317892932498 6.93226110839813e-05 3.82654596207637e-08 0.1960050651381882 0.00010819303814774531 3.180255048799697 0.0007038204522319167
59866.44430198524 3.375833785759262 0.0006954562688403064 0.3487251373896248 0.00019234647726498817 6.93766617449489e-05 3.826611580379466e-08 0.19615788978166393 0.00010819489346155583 3.1796758959775984 0.0007038221059617536
59866.444333523206 3.3756182800677728 0.0006953694328685632 0.3488353635328615 0.00019235657667254034 6.939859053939149e-05 3.8268125017087446e-08 0.19621989198723458 0.00010820057437830393 3.1793983880805383 0.0007037371757010866
59866.44436506117 3.3767249123420653 0.0006955120266835901 0.3486672681867513 0.00019234248937306407 6.936514903283627e-05 3.826532243790437e-08 0.1961253383550476 0.00010819265027234854 3.180599573987018 0.0007038768562997862
59866.44439659913 3.3763991136638674 0.0006954808167992117 0.34856092544952527 0.00019234749796618935 6.934399281747196e-05 3.826631886584665e-08 0.19606552056535795 0.0001081954676059815 3.1803335930985095 0.0007038464504039042
59866.444428137096 3.377386301866612 0.0006955493600644058 0.3493059882675016 0.00019237335471664575 6.949221835546559e-05 3.8271462902905934e-08 0.19648461840046963 0.00010821001202811322 3.1809016834661423 0.0007039164147746015
59866.444459675055 3.3758926869810577 0.0006954539651567923 0.3487296678045767 0.00019235242785713052 6.937756304236621e-05 3.826729963648689e-08 0.1961604381400744 0.00010819824066963591 3.1797322488409834 0.0007038203442188279
59866.44449121302 3.377139281236416 0.0006954911583152033 0.34860984823862234 0.00019233879526996573 6.935372569711526e-05 3.826458751944388e-08 0.19609303963422506 0.00010819057233935571 3.181046241602191 0.0007038559165324537
59866.444522750986 3.3770440194501012 0.0006955626451636206 0.34898354962284195 0.00019235519034007214 6.94280712252888e-05 3.8267849215006096e-08 0.19630324666284857 0.00010819979456629057 3.1807407727872525 0.0007039279713800271
59866.444554288944 3.3768329761697897 0.0006955320037997387 0.34907180649613134 0.00019236300767138284 6.94456293723461e-05 3.8269404423655956e-08 0.19635289115407387 0.00010820419181515286 3.180480085015716 0.0007038983701046979
59866.44458582691 3.3763933762214675 0.0006954250259365318 0.34894079733414585 0.00019234789020780707 6.94195659276957e-05 3.826639689983708e-08 0.19627919850045702 0.00010819568824189146 3.1801141777210105 0.0007037913566199592
59866.444617364876 3.3747337744431256 0.0006953033871522241 0.34858096026439245 0.00019234974240617993 6.934797861724701e-05 3.8266765382995366e-08 0.19607679014872073 0.0001081967301034762 3.178656984294405 0.0007036713242632814
59866.444648902834 3.3756292047975984 0.0006954073764947107 0.3488417070980161 0.0001923572171467528 6.939985255158047e-05 3.8268252435383494e-08 0.19622346024263407 0.00010820093464504845 3.1794057445549644 0.0007037747235737572
59866.4446804408 3.3758802522038023 0.0006954251573006406 0.3487959908172785 0.00019235142913830877 6.939075758650652e-05 3.826710094769034e-08 0.19619774483471916 0.00010819767889029868 3.1796825073690833 0.0007037917924527599
59866.44471197876 3.3762980282766124 0.000695467749915787 0.34872607816424467 0.00019234299884881282 6.937684890611276e-05 3.826542379488412e-08 0.19615841896738762 0.00010819293685245721 3.180139609309225 0.0007038331498002118
59866.444743516724 3.3764175983879783 0.0006954635789511666 0.34917612773269263 0.0001923671447407974 6.946638342293135e-05 3.8270227467465004e-08 0.19641157184963962 0.00010820651891669852 3.1800060265383387 0.0007038311163792316
59866.44477505469 3.376165350020295 0.0006954862540578195 0.34884900641596883 0.0001923392710697924 6.940130470474719e-05 3.82646821768118e-08 0.19622756610898245 0.00010819083997675821 3.1799377839113125 0.0007038511116978181
59866.44480659265 3.376084341827499 0.0006954752769721595 0.3486547768452555 0.00019234644817377804 6.936266395940513e-05 3.82661100162823e-08 0.1961183119754562 0.00010819487709775014 3.1799660298520425 0.0007038408856479561
59866.444838130614 3.375750527949072 0.000695472296918026 0.34904526860053575 0.000192363409120514 6.944034982576699e-05 3.8269484289422984e-08 0.19633796358780134 0.00010820441763028913 3.1794125643612707 0.0007038394076599753
59866.44486966858 3.3761915313438555 0.0006955973071255738 0.3485751341243162 0.00019233850522133342 6.934681954350665e-05 3.8264529816101916e-08 0.1960735129449278 0.00010819040918700003 3.180118018398928 0.0007039607789645673
59866.44490120654 3.3765617885478383 0.0006955045815709306 0.3485480858437221 0.00019234581199613728 6.93414384590583e-05 3.826598345276204e-08 0.19605829828709367 0.00010819451924782722 3.1805034902607447 0.0007038697869502737
59866.4449327445 3.3766211418992187 0.0006955030013655808 0.34883396960423635 0.00019235681681580548 6.939831322610273e-05 3.826817279207207e-08 0.19621910790238295 0.00010820070945889056 3.1804020339968355 0.0007038691770747873
59866.44496428246 3.3751324316019993 0.0006953454791989184 0.3490072835980285 0.00019235031660010422 6.94327929496265e-05 3.8266879615247045e-08 0.196316597023891 0.00010819705308755861 3.178815834578108 0.0007037129654477068
59866.44499582043 3.375108759592707 0.0006953776213509191 0.3485977974660012 0.0001923426146627121 6.935132827207685e-05 3.826534736348787e-08 0.19608626107462568 0.00010819272074777555 3.1790224985180813 0.0007037440593699306
59866.44502735839 3.376431001648238 0.0006954874912127877 0.3487967885548855 0.00019236932445142272 6.939091629136082e-05 3.827066110711567e-08 0.1961981935621231 0.00010820774500392528 3.180232808086115 0.0007038549328606655
59866.44505889635 3.376836136913629 0.0006955357766677653 0.3486169145198136 0.00019233786041342012 6.935513148909133e-05 3.826440153564348e-08 0.1960970144173951 0.0001081900464825488 3.1807391224962336 0.0007038999238405468
59866.44509043432 3.377144143258778 0.0006955275846456085 0.3488752425589989 0.0001923637431354575 6.94065242195608e-05 3.8269550739584634e-08 0.19624232393943686 0.00010820460551369483 3.1809018193193412 0.0007038940670706981
59866.44512197228 3.376704130688329 0.000695524642990127 0.34888151658767186 0.00019236553939088437 6.940777239790632e-05 3.826990809324744e-08 0.1962458530805654 0.00010820561590737244 3.1804582776077637 0.0007038913157018186
59866.44515351024 3.375634404116089 0.000695390990997747 0.34906126778356966 0.00019235868598342995 6.944353276209859e-05 3.8268544651155695e-08 0.19634696312825795 0.00010820176086567933 3.1792874409878307 0.0007037586599220377
59866.44518504821 3.376948370531838 0.0006954913253962452 0.34870220314468015 0.0001923449541822181 6.937209912188762e-05 3.826581279610517e-08 0.19614498926888257 0.00010819403672749767 3.1808033812629555 0.0007038566141515024
59866.445216586166 3.376042355882989 0.0006954120824912367 0.34899558165729583 0.00019235168478903925 6.943046492248729e-05 3.8267151807787164e-08 0.1963100146822289 0.00010819782269383457 3.17973234120076 0.0007037788951868939
59866.44524812413 3.3776041044764877 0.0006956026097297833 0.3488213259760566 0.00019234348107572918 6.939579785619845e-05 3.82655197308809e-08 0.19621199586153182 0.00010819320810509765 3.181392108614956 0.000703966448733857
59866.4452796621 3.376139382843343 0.0006954606523611205 0.3488673991224767 0.00019234351595869717 6.940496381744415e-05 3.826552667062689e-08 0.19623791200639315 0.00010819322772676716 3.17990147083695 0.0007038261813178672
59866.445311200056 3.3769851747611686 0.0006955107689668937 0.34897534386190665 0.000192358890435319 6.942643874102045e-05 3.8268585325566656e-08 0.1962986309223225 0.00010820187586986693 3.180686543838846 0.0007038770316544488
59866.44534273802 3.376327062711276 0.0006954838845462221 0.34884166658019533 0.00019235356448378624 6.939984449081615e-05 3.826752576117527e-08 0.19622343745135987 0.00010819888002212975 3.180103625259916 0.0007038500062524301
59866.44537427599 3.376010673973316 0.000695462890367066 0.34887202635305425 0.00019234496000566394 6.94058843757182e-05 3.826581395464291e-08 0.196240514823593 0.00010819404000318595 3.1797701591497227 0.00070382851758786
59866.445405813945 3.3764541637662493 0.0006955103100958433 0.3489765707465715 0.00019236620389540644 6.942668282196922e-05 3.8270040292221686e-08 0.19629932104494646 0.00010820598969116612 3.180154842721303 0.0007038772106373816
59866.44543735191 3.376230369295789 0.0006954169723054258 0.3492750515755892 0.00019236977201913188 6.948606369616463e-05 3.827075014788227e-08 0.1964672165112689 0.00010820799676076169 3.17976315278452 0.0007037852910749289
59866.44546888987 3.3763957124535273 0.0006954920453639221 0.3484320227506763 0.00019240476424915015 6.931834844034734e-05 3.827771163085379e-08 0.19599301279725542 0.00010822767989014697 3.180402699656272 0.0007038624978352632
59866.445500427835 3.3762329189790496 0.0006954286995208191 0.3490078442681223 0.0001923534147376155 6.94329044913976e-05 3.826749597012117e-08 0.1963169124008188 0.00010819879578990871 3.179916006578231 0.0007037954642704114
59866.4455319658 3.376606139822047 0.0006954406387058975 0.34907229875502643 0.00019235976176410779 6.944572730414165e-05 3.8268758670921396e-08 0.19635316804970235 0.00010820236599231061 3.1802529717723447 0.0007038078103928661
59866.44556350376 3.3760401795725006 0.0006954700637114749 0.3489885401529878 0.00019235526243483277 6.94290640597155e-05 3.8267863557803e-08 0.19630605383605562 0.00010819983511959342 3.179734125736445 0.0007038364965236956
59866.445595041725 3.376151863594064 0.0006954577891190067 0.3489967043267245 0.00019235097789184146 6.943068827047358e-05 3.8267011175058054e-08 0.19631064618378252 0.00010819742506416081 3.1798412174102815 0.0007038239973436623
59866.44562657969 3.3760843597437 0.0006954547528932016 0.34910041181936136 0.0001923660112123132 6.94513202205846e-05 3.8270001959138256e-08 0.19636898164839073 0.00010820588130692616 3.179715378095309 0.0007038222972250544
59866.44565811765 3.3749039011550934 0.0006953696874741461 0.3488731014791181 0.00019234381493057927 6.940609826525259e-05 3.826558614919299e-08 0.19624111958200394 0.00010819339589845084 3.1786627815730895 0.0007037363236141294
59866.445689655615 3.377423457003559 0.0006955215422464522 0.3490206730568546 0.00019235839453136036 6.943545669782337e-05 3.826848666860876e-08 0.1963241285944807 0.00010820159692389019 3.1810993284090783 0.0007038876340054309
59866.44572119357 3.376843353876235 0.0006955237366483796 0.34864436054185066 0.00019234010475047746 6.93605917016856e-05 3.8264848032314284e-08 0.19611245280479098 0.00010819130892214356 3.180730901071444 0.000703888220932565
59866.44575273154 3.376528899940215 0.0006954439223304615 0.34922997170453407 0.00019238001676596296 6.947709534077417e-05 3.8272788275505883e-08 0.1964418590838004 0.00010821375943085417 3.1800870408564146 0.0007038128066727229
59866.445784269505 3.3756345692884677 0.0006954881708993032 0.3486927096531524 0.00019241441921293977 6.937021045175782e-05 3.82796324248694e-08 0.19613964917989823 0.00010823311080727861 3.1794949201085694 0.0007038595045432569
59866.44581580746 3.376126345053046 0.0006954426119467 0.34854593706382697 0.00019238183756061062 6.934101097288089e-05 3.8273150511091544e-08 0.19605708959840265 0.00010821478362784346 3.1800692554546433 0.0007038116693454786
59866.44584734543 3.3759019407009383 0.0006955841704971113 0.3489758078537591 0.00019236419292849985 6.942653104926654e-05 3.8269640223067214e-08 0.1962988919177395 0.00010820485852228116 3.179603048783199 0.0007039500192868676
59866.445878883394 3.3783962785125707 0.0006956461556111275 0.3490998050011754 0.00019236096888630027 6.945119949794228e-05 3.826899882025121e-08 0.19636864031316112 0.00010820304499854389 3.1820276381994095 0.0007040109890928534
59866.44591042135 3.3760821244391446 0.0006954716343943957 0.34858482916555855 0.00019234316802010175 6.934874831067817e-05 3.8265457450442694e-08 0.1960789664056267 0.00010819303201130722 3.180003158033518 0.0007038370027378581
