HATP14b/Results/506090_radii/HATP14b_WLP8_nrca3_level3_asn_phot.ecsv
# %ECSV 0.9
# ---
# datatype:
# - {name: MJD, datatype: float64}
# - {name: aperture_sum, unit: Jy, datatype: float64}
# - {name: aperture_sum_err, unit: Jy, datatype: float64}
# - {name: annulus_sum, unit: Jy, datatype: float64}
# - {name: annulus_sum_err, unit: Jy, datatype: float64}
# - {name: annulus_mean, unit: Jy, datatype: float64}
# - {name: annulus_mean_err, unit: Jy, datatype: float64}
# - {name: aperture_bkg, unit: Jy, datatype: float64}
# - {name: aperture_bkg_err, unit: Jy, datatype: float64}
# - {name: net_aperture_sum, unit: Jy, datatype: float64}
# - {name: net_aperture_sum_err, unit: Jy, datatype: float64}
# meta: !!omap
# - {instrument: NIRCAM}
# - {detector: NRCA3}
# - {channel: SHORT}
# - {subarray: SUBGRISM128}
# - {filter: F210M}
# - {pupil: WLP8}
# - {target_name: UNKNOWN}
# - {xcenter: 1051.8}
# - {ycenter: 56.2973}
# - ra_icrs: !numpy.ndarray
#     buffer: !!binary |
#       ZllmeEdOeEJjRUE9
#     dtype: float64
#     order: C
#     shape: !!python/tuple []
# - dec_icrs: !numpy.ndarray
#     buffer: !!binary |
#       ZXo0UCtmd2VRMEE9
#     dtype: float64
#     order: C
#     shape: !!python/tuple []
# - {apertures: Photometry measured in a circular aperture of r=50.0 pixels.  Background calculated as the mean in a circular annulus
#     with r_inner=60.0 pixels and r_outer=90.0 pixels.}
# - {number_of_integrations: 669}
# - __serialized_columns__:
#     annulus_mean:
#       __class__: astropy.units.quantity.Quantity
#       unit: &id001 !astropy.units.Unit {unit: Jy}
#       value: !astropy.table.SerializedColumn {name: annulus_mean}
#     annulus_mean_err:
#       __class__: astropy.units.quantity.Quantity
#       unit: *id001
#       value: !astropy.table.SerializedColumn {name: annulus_mean_err}
#     annulus_sum:
#       __class__: astropy.units.quantity.Quantity
#       unit: *id001
#       value: !astropy.table.SerializedColumn {name: annulus_sum}
#     annulus_sum_err:
#       __class__: astropy.units.quantity.Quantity
#       unit: *id001
#       value: !astropy.table.SerializedColumn {name: annulus_sum_err}
#     aperture_bkg:
#       __class__: astropy.units.quantity.Quantity
#       unit: *id001
#       value: !astropy.table.SerializedColumn {name: aperture_bkg}
#     aperture_bkg_err:
#       __class__: astropy.units.quantity.Quantity
#       unit: *id001
#       value: !astropy.table.SerializedColumn {name: aperture_bkg_err}
#     aperture_sum:
#       __class__: astropy.units.quantity.Quantity
#       unit: *id001
#       value: !astropy.table.SerializedColumn {name: aperture_sum}
#     aperture_sum_err:
#       __class__: astropy.units.quantity.Quantity
#       unit: *id001
#       value: !astropy.table.SerializedColumn {name: aperture_sum_err}
#     net_aperture_sum:
#       __class__: astropy.units.quantity.Quantity
#       unit: *id001
#       value: !astropy.table.SerializedColumn {name: net_aperture_sum}
#     net_aperture_sum_err:
#       __class__: astropy.units.quantity.Quantity
#       unit: *id001
#       value: !astropy.table.SerializedColumn {name: net_aperture_sum_err}
# schema: astropy-2.0
MJD aperture_sum aperture_sum_err annulus_sum annulus_sum_err annulus_mean annulus_mean_err aperture_bkg aperture_bkg_err net_aperture_sum net_aperture_sum_err
[from data line 137]
59650.46311072824 0.14017452215617066 2.1423397578904533e-05 0.014104549033429285 5.5162908511148475e-06 9.976927550010157e-07 3.9019775843890066e-10 0.007835860574127381 3.0646060283971374e-06 0.13233866158204327 2.1641482711059812e-05
59650.46343150104 0.14022396432558487 2.141569050714392e-05 0.01402586683211576 5.512094233309233e-06 9.921271277688383e-07 3.8990090845310907e-10 0.007792148240064311 3.062274574060685e-06 0.13243181608552057 2.1633523186589668e-05
59650.46375227384 0.1398509137560589 2.1393229467224827e-05 0.013944941828561465 5.510198147104908e-06 9.864028547308848e-07 3.8976678779002167e-10 0.0077471899047563695 3.06122119283606e-06 0.13210372385130253 2.1611139308902837e-05
59650.46407304664 0.14044011410321675 2.1520289780105264e-05 0.014418767173494312 5.51776977609418e-06 1.0199191417567893e-06 3.9030237098153303e-10 0.00801042620749684 3.0654276533856555e-06 0.1324296878957199 2.1737518692754345e-05
59650.46439381944 0.13956416310452005 2.137720682516647e-05 0.013779416031066125 5.503689399465887e-06 9.746942996728353e-07 3.8930638807442706e-10 0.007655231128370069 3.0576052219254927e-06 0.13190893197614997 2.1594766063541646e-05
59650.46471459224 0.13994744187000296 2.140021581545703e-05 0.013917761628188807 5.507693287907558e-06 9.844802488448686e-07 3.895896052464628e-10 0.007732089793438227 3.059829604393088e-06 0.13221535207656473 2.1617858223146378e-05
59650.46503536504 0.14014768265703526 2.141179596289021e-05 0.014041834804591423 5.511498247358171e-06 9.932566307691304e-07 3.8985875107083137e-10 0.0078010193358841245 3.0619434707545393e-06 0.13234666332115114 2.1629620990080656e-05
59650.46535613784 0.1402519040208951 2.141749975779959e-05 0.014361366746049105 5.562989742369466e-06 1.0158588920841259e-06 3.9350102927449325e-10 0.00797853708113839 3.0905498568719254e-06 0.13227336693975672 2.163933442352506e-05
59650.46567691065 0.14007158595867855 2.1406502551138766e-05 0.014041753007409657 5.509765453331313e-06 9.93250844802104e-07 3.897361809665049e-10 0.007800973893005365 3.060980807406285e-06 0.1322706120656732 2.1624244610511142e-05
59650.46599768345 0.1398074855287716 2.1391520082344133e-05 0.013844544297611705 5.506182942077112e-06 9.793011821420512e-07 3.894827701332656e-10 0.00769141349867317 3.058990523376173e-06 0.13211607203009842 2.1609131274890195e-05
59650.46631845625 0.14031177342045492 2.1422158479092658e-05 0.014356574862804372 5.516664817865346e-06 1.015519935681851e-06 3.902242111752979e-10 0.007975874923780206 3.0648137877029696e-06 0.1323358984966747 2.1640285521606588e-05
59650.46663922905 0.13998594227727923 2.140099451638944e-05 0.01390539684323813 5.507128687568177e-06 9.836056192247936e-07 3.8954966794206996e-10 0.007725220468465628 3.059515937537876e-06 0.1322607218088136 2.1618584691477355e-05
59650.46696000185 0.1400033237284728 2.140425331674242e-05 0.014105005067123342 5.510931278241298e-06 9.977250127861826e-07 3.898186462097066e-10 0.007836113926179635 3.0616284879118324e-06 0.13216720980229316 2.1622109726973273e-05
59650.467280774654 0.14020601860527668 2.141424889815737e-05 0.01441995724569155 5.5176383499802174e-06 1.0200033221447121e-06 3.9029307448567145e-10 0.008011087358717528 3.0653546388778983e-06 0.13219493124655915 2.1632532328285665e-05
59650.467601547454 0.13956586042013402 2.137872050713643e-05 0.013912026561092344 5.555510655025924e-06 9.840745758327058e-07 3.9297199206536407e-10 0.007728903645051301 3.086394808347736e-06 0.13183695677508273 2.1600359335790032e-05
59650.467922320255 0.14024837244959093 2.141715670699607e-05 0.014409177110521322 5.516736140510743e-06 1.0192407835671385e-06 3.9022925622043985e-10 0.008005098394734067 3.0648534113948573e-06 0.13224327405485686 2.163533979038382e-05
59650.468243093055 0.14005741359702994 2.140509142836247e-05 0.014052404937947422 5.509586818813256e-06 9.940043147570182e-07 3.8972354515914686e-10 0.007806891632193012 3.0608815660073646e-06 0.13225052196483694 2.1622833649123793e-05
59650.468563865856 0.1398290957126529 2.139287982190792e-05 0.013879520569753341 5.51392472139989e-06 9.81775247298615e-07 3.9003038899884193e-10 0.007710844760974079 3.063291511888828e-06 0.1321182509516788 2.1611086552077968e-05
59650.468884638656 0.13996248900593536 2.140011216730918e-05 0.0139221418642502 5.50807041741919e-06 9.847900871653485e-07 3.89616281702446e-10 0.0077345232579167774 3.060039120788439e-06 0.1322279657480186 2.1617785274957517e-05
59650.46920541146 0.14027253026049813 2.1419682917327258e-05 0.01439050324312556 5.528745802126715e-06 1.0179198776548372e-06 3.910787660031256e-10 0.007994724023958644 3.0715254456259527e-06 0.13227780623653948 2.163878658432512e-05
59650.46952618426 0.14029299329214862 2.1421204544376364e-05 0.014351366447862599 5.517587641957973e-06 1.0151515156891147e-06 3.9028948762682943e-10 0.007972981359923666 3.0653264677544295e-06 0.13232001193222495 2.1639413820293896e-05
59650.46984695706 0.14025480364764614 2.141740118904043e-05 0.014246577015024978 5.513567865295017e-06 1.0077391795913798e-06 3.9000514659303614e-10 0.00791476500834721 3.063093258497232e-06 0.13234003863929894 2.163533253736955e-05
59650.47016772986 0.14017213656579033 2.141160090390797e-05 0.014046184294412527 5.534136382226972e-06 9.93564294238e-07 3.9146007154494277e-10 0.007803435719118071 3.0745202123483177e-06 0.13236870084667227 2.16312118894058e-05
59650.47048850266 0.1402443092109637 2.1418353861854424e-05 0.014307320380221443 5.515822772307474e-06 1.0120358937385148e-06 3.9016464863625613e-10 0.007948511322345246 3.064345984615263e-06 0.13229579788861845 2.1636453001012943e-05
59650.470809275466 0.14026466798190776 2.1420644619010614e-05 0.01430781345162124 5.515681772189659e-06 1.012070771405437e-06 3.9015467491815537e-10 0.007948785250900689 3.064267651216477e-06 0.13231588273100708 2.1638709576410516e-05
59650.47113004827 0.14018061761958012 2.141511572451022e-05 0.014159499794544127 5.513617891360977e-06 1.001579726226833e-06 3.900086852133388e-10 0.007866388774746737 3.0631210507560983e-06 0.13231422884483338 2.1633074031809486e-05
59650.47145082107 0.14032316948840284 2.1423550789641223e-05 0.014364273218202094 5.5169743759035036e-06 1.0160644829330625e-06 3.9024610792727415e-10 0.007980151787890053 3.064985764390835e-06 0.1323430177005128 2.1641688154399036e-05
59650.47177159387 0.14033895371942262 2.1424208900520607e-05 0.014512072235064576 6.111818833687063e-06 1.0265191247631898e-06 4.3232274607263936e-10 0.008062262352813654 3.3954549076039234e-06 0.13227669136660897 2.169160761775664e-05
59650.47209236667 0.14025122850122304 2.141887034976391e-05 0.014287569677784318 5.5149392955026305e-06 1.0106388173285567e-06 3.901021554359904e-10 0.007937538709880176 3.063855164168128e-06 0.13231368979134286 2.163689477552163e-05
59650.47241313947 0.140028332586784 2.1404057899189458e-05 0.014362879748911386 5.515375227232199e-06 1.015965915143879e-06 3.9013299129803995e-10 0.007979377638284104 3.0640973484623327e-06 0.13204895494849989 2.1622266003190056e-05
59650.47273391227 0.13992302265201362 2.139843887234595e-05 0.01415272644500646 5.649767738472711e-06 1.001100609755629e-06 3.9963931684402244e-10 0.007862625802781366 3.1387598547070614e-06 0.13206039684923226 2.1627413150884386e-05
59650.47305468507 0.13988971476193746 2.139868521546883e-05 0.013950989591953065 5.509580945002862e-06 9.868306464812951e-07 3.897231296720539e-10 0.0077505497733072574 3.0608783027793674e-06 0.1321391649886302 2.161649150382989e-05
59650.47337545787 0.13999906638943393 2.1402654907418507e-05 0.01384246213018372 5.508039216244295e-06 9.79153898924936e-07 3.896140746707949e-10 0.007690256738990955 3.060021786802386e-06 0.13230880965044298 2.162029996141938e-05
59650.47369623067 0.14035474878965398 2.1516228887229986e-05 0.014003096661077106 5.509171257041222e-06 9.905164676462383e-07 3.8969415017684496e-10 0.0077794981450428355 3.0606506983562344e-06 0.13257525064461115 2.1732825132159384e-05
59650.47401700347 0.140205019654085 2.1414963893715535e-05 0.01440211911998297 5.516598441519588e-06 1.0187415328638165e-06 3.902195160092838e-10 0.008001177288879427 3.0647769119553266e-06 0.13220384236520558 2.1633158255076728e-05
59650.47433777627 0.1402733142745291 2.141924369539141e-05 0.014246098892769793 5.514163467175686e-06 1.0077053593601287e-06 3.9004727680789093e-10 0.007914499384872107 3.0634241484309366e-06 0.132358814889657 2.1637203331201434e-05
59650.47465854907 0.1402871659799435 2.1420058917884645e-05 0.014371203351930435 5.5171049274974055e-06 1.0165546896171306e-06 3.902553425634955e-10 0.007984001862183576 3.065058293054114e-06 0.13230316411775994 2.1638241758180568e-05
59650.47497932187 0.1401928819592321 2.1415910366600854e-05 0.014200013155940681 5.542183619144084e-06 1.0044454603279574e-06 3.920292971154272e-10 0.007888896197744823 3.078990899524491e-06 0.13230398576148727 2.1636113370696607e-05
59650.47530009467 0.14021002070338706 2.1415803244405405e-05 0.014290353292271428 5.515052611024489e-06 1.0108357177753502e-06 3.901101708695161e-10 0.007939085162373015 3.063918117235827e-06 0.13227093554101405 2.1633867495947436e-05
59650.47562086747 0.1403012903213642 2.142034385720213e-05 0.01436387399803156 5.5169994832539835e-06 1.016036243882608e-06 3.9024788390902385e-10 0.007979929998906423 3.0649997129188797e-06 0.13232136032245778 2.163851552674004e-05
59650.47594164028 0.13986135363332425 2.1395011525188614e-05 0.013958683013565745 5.5077216335838385e-06 9.873748447386054e-07 3.8959161029290515e-10 0.007754823896425413 3.059845351991021e-06 0.13210652973689885 2.1612708570215227e-05
59650.47626241308 0.1398276699358678 2.1391909125179336e-05 0.013961835344990813 5.507457565099301e-06 9.875978265735224e-07 3.8957293126862566e-10 0.0077565751916615615 3.0596986472773897e-06 0.13207109474420622 2.1609616651668814e-05
59650.47658318588 0.1399758523660246 2.140077966874832e-05 0.01391363705065504 5.507522625330053e-06 9.841884946659064e-07 3.895775333385469e-10 0.007729798361475022 3.059734791850029e-06 0.13224605400454958 2.161840298048792e-05
59650.47690395868 0.14025210257150905 2.141798415321687e-05 0.014286664549001286 5.514636688658475e-06 1.0105747925641326e-06 3.9008075038040784e-10 0.00793703586055627 3.0636870492547082e-06 0.13231506671095278 2.1635993703160944e-05
59650.47722473148 0.14021358484252466 2.141405064163146e-05 0.014148988077394696 5.513057763739251e-06 1.0008361743402927e-06 3.89969064289001e-10 0.007860548931885942 3.062809868744028e-06 0.1323530359106387 2.163197561884796e-05
59650.47754550428 0.1398788190151109 2.1396548748668572e-05 0.013992699044087816 5.508958958513772e-06 9.897809866950287e-07 3.896791331279317e-10 0.0077737216911598975 3.060532754729873e-06 0.132105097323951 2.1614327634625258e-05
59650.477866277084 0.14025238801706144 2.1417784217055282e-05 0.014152611704595707 5.5132372976202484e-06 1.0010924935318319e-06 3.8998176371327355e-10 0.007862562058108726 3.062909609789027e-06 0.1323898259589527 2.1635685707785653e-05
59650.478187049885 0.14023807818710615 2.141695303747883e-05 0.014015386280504662 5.511911263018784e-06 9.91385780393178e-07 3.898879659525918e-10 0.007786325711391479 3.0621729238993248e-06 0.13245175247571467 2.1634758617221403e-05
59650.478507822685 0.1403200637465611 2.142254207518822e-05 0.014377556776753831 5.517587847532238e-06 1.017004102491e-06 3.9028950216823405e-10 0.007987531542641016 3.0653265819623542e-06 0.1323325322039201 2.16407378806106e-05
59650.478828595486 0.13997190379713112 2.140276648724871e-05 0.013998169289881134 5.5095885188908455e-06 9.901679274318884e-07 3.8972366541503665e-10 0.00777676071660063 3.0608825104949142e-06 0.1321951430805305 2.1620532256416587e-05
59650.479149368286 0.13992326323641863 2.1397618640391466e-05 0.013928308552571631 5.510118486129184e-06 9.85226291133732e-07 3.8976115292866254e-10 0.007737949195873128 3.0611769367384355e-06 0.1321853140405455 2.1615477966439873e-05
59650.47947014109 0.140005335179343 2.1402835078016864e-05 0.01383391136437669 5.50749689947423e-06 9.785490559714206e-07 3.895757136064938e-10 0.007685506313542606 3.0597204997079053e-06 0.13231982886580038 2.1620435678152324e-05
59650.47979091389 0.139825707591519 2.1390801944168136e-05 0.013952958236421936 5.508414150490367e-06 9.869698995917002e-07 3.8964059584350463e-10 0.007751643464678853 3.0602300836057598e-06 0.13207406412684014 2.1608595881714133e-05
59650.48011168669 0.14021923961682914 2.1416065776526894e-05 0.014470649973190117 5.5439643375692895e-06 1.0235890991048044e-06 3.921552571774833e-10 0.00803924998510562 3.079980187538494e-06 0.1321799896317235 2.163640800364414e-05
59650.48043245949 0.14015750184335368 2.1413969482750596e-05 0.01429419285919599 5.516327950910724e-06 1.0111073115777397e-06 3.902003827126346e-10 0.007941218255108882 3.0646266393948466e-06 0.1322162835882448 2.1632152584684273e-05
59650.48075323229 0.14013478442609778 2.1411125435382356e-05 0.01415257002511538 5.522241761727714e-06 1.0010895453116898e-06 3.906186992566499e-10 0.007862538902841878 3.0679120898487304e-06 0.1322722455232559 2.1629802981088786e-05
59650.481074005096 0.14010472432205312 2.1408841801466914e-05 0.014245760398580993 5.5689569108171625e-06 1.0076814157941928e-06 3.939231200988101e-10 0.007914311332544995 3.093864950453979e-06 0.13219041298950812 2.163123916034134e-05
59650.4813947779 0.1399473049737588 2.1399828223956827e-05 0.01393704798862206 5.508835370609116e-06 9.858444797769592e-07 3.8967039107196175e-10 0.007742804438123366 3.060464094782842e-06 0.13220450053563543 2.1617564351478503e-05
59650.4817155507 0.14033653557873238 2.1423792068047972e-05 0.014262543540297698 5.518911357628229e-06 1.0088685802230042e-06 3.903831213566825e-10 0.007923635300165387 3.066061865349016e-06 0.132412900278567 2.1642079427289392e-05
59650.4820363235 0.1399110905339413 2.1400111273094144e-05 0.014070476432822505 5.531161673545619e-06 9.952826115296535e-07 3.912496539489891e-10 0.007816931351568059 3.0728675964142326e-06 0.13209415918237324 2.1619604015011555e-05
59650.4823570963 0.13982701561627714 2.139269401280455e-05 0.013836072916127626 5.506021521993003e-06 9.78701954480714e-07 3.8947135199802103e-10 0.007686707175626458 3.0589008455516684e-06 0.1321403084406507 2.161028069018078e-05
59650.4826778691 0.1398649853407833 2.139454782164869e-05 0.013972898638767677 5.508746015181921e-06 9.883803945252851e-07 3.8966407046843725e-10 0.007762721465982043 3.060414452878845e-06 0.13210226387480126 2.1612330117694447e-05
59650.4829986419 0.14038812416723 2.142502194491229e-05 0.014272510210307019 5.516193984094254e-06 1.0095735779110706e-06 3.901909064988339e-10 0.007929172339059454 3.0645522133856965e-06 0.13245895182817055 2.164308308925834e-05
59650.4833194147 0.13990136135602457 2.139698302718701e-05 0.014011085936683926 5.517385128619391e-06 9.910815932927045e-07 3.902751627384395e-10 0.0077839366314910695 3.0652139603441064e-06 0.1321174247245335 2.1615420867714264e-05
59650.4836401875 0.14012738602983582 2.141081079987312e-05 0.014169086545013601 5.5137945308395535e-06 1.002257850104791e-06 3.900211799005213e-10 0.007871714747229778 3.063219183799752e-06 0.13225567128260604 2.1628826386930064e-05
59650.4839609603 0.14027891097691986 2.1418986149174165e-05 0.014168170457087943 5.512974736223789e-06 1.002193050139602e-06 3.8996319129366835e-10 0.007871205809493301 3.0627637423465492e-06 0.13240770516742656 2.163685488697346e-05
59650.4842817331 0.14029627536417966 2.142035708715698e-05 0.014369428425445486 5.517508031915617e-06 1.0164291392510399e-06 3.902838563682691e-10 0.007983015791914159 3.0652822399531206e-06 0.1323132595722655 2.1638568643787147e-05
59650.4846025059 0.13979294016469987 2.138979864206497e-05 0.013870118366452789 5.514140769753568e-06 9.811101774625092e-07 3.900456712937018e-10 0.0077056213146959925 3.063411538751982e-06 0.13208731885000388 2.1608053503354793e-05
