HATP14b/Results/506090_radii/HATP14b_WLP8_nrca3_level3_asn_phot.ecsv
# %ECSV 0.9
# ---
# datatype:
# - {name: MJD, datatype: float64}
# - {name: aperture_sum, unit: Jy, datatype: float64}
# - {name: aperture_sum_err, unit: Jy, datatype: float64}
# - {name: annulus_sum, unit: Jy, datatype: float64}
# - {name: annulus_sum_err, unit: Jy, datatype: float64}
# - {name: annulus_mean, unit: Jy, datatype: float64}
# - {name: annulus_mean_err, unit: Jy, datatype: float64}
# - {name: aperture_bkg, unit: Jy, datatype: float64}
# - {name: aperture_bkg_err, unit: Jy, datatype: float64}
# - {name: net_aperture_sum, unit: Jy, datatype: float64}
# - {name: net_aperture_sum_err, unit: Jy, datatype: float64}
# meta: !!omap
# - {instrument: NIRCAM}
# - {detector: NRCA3}
# - {channel: SHORT}
# - {subarray: SUBGRISM128}
# - {filter: F210M}
# - {pupil: WLP8}
# - {target_name: UNKNOWN}
# - {xcenter: 1051.8}
# - {ycenter: 56.2973}
# - ra_icrs: !numpy.ndarray
#     buffer: !!binary |
#       ZllmeEdOeEJjRUE9
#     dtype: float64
#     order: C
#     shape: !!python/tuple []
# - dec_icrs: !numpy.ndarray
#     buffer: !!binary |
#       ZXo0UCtmd2VRMEE9
#     dtype: float64
#     order: C
#     shape: !!python/tuple []
# - {apertures: Photometry measured in a circular aperture of r=50.0 pixels.  Background calculated as the mean in a circular annulus
#     with r_inner=60.0 pixels and r_outer=90.0 pixels.}
# - {number_of_integrations: 669}
# - __serialized_columns__:
#     annulus_mean:
#       __class__: astropy.units.quantity.Quantity
#       unit: &id001 !astropy.units.Unit {unit: Jy}
#       value: !astropy.table.SerializedColumn {name: annulus_mean}
#     annulus_mean_err:
#       __class__: astropy.units.quantity.Quantity
#       unit: *id001
#       value: !astropy.table.SerializedColumn {name: annulus_mean_err}
#     annulus_sum:
#       __class__: astropy.units.quantity.Quantity
#       unit: *id001
#       value: !astropy.table.SerializedColumn {name: annulus_sum}
#     annulus_sum_err:
#       __class__: astropy.units.quantity.Quantity
#       unit: *id001
#       value: !astropy.table.SerializedColumn {name: annulus_sum_err}
#     aperture_bkg:
#       __class__: astropy.units.quantity.Quantity
#       unit: *id001
#       value: !astropy.table.SerializedColumn {name: aperture_bkg}
#     aperture_bkg_err:
#       __class__: astropy.units.quantity.Quantity
#       unit: *id001
#       value: !astropy.table.SerializedColumn {name: aperture_bkg_err}
#     aperture_sum:
#       __class__: astropy.units.quantity.Quantity
#       unit: *id001
#       value: !astropy.table.SerializedColumn {name: aperture_sum}
#     aperture_sum_err:
#       __class__: astropy.units.quantity.Quantity
#       unit: *id001
#       value: !astropy.table.SerializedColumn {name: aperture_sum_err}
#     net_aperture_sum:
#       __class__: astropy.units.quantity.Quantity
#       unit: *id001
#       value: !astropy.table.SerializedColumn {name: net_aperture_sum}
#     net_aperture_sum_err:
#       __class__: astropy.units.quantity.Quantity
#       unit: *id001
#       value: !astropy.table.SerializedColumn {name: net_aperture_sum_err}
# schema: astropy-2.0
MJD aperture_sum aperture_sum_err annulus_sum annulus_sum_err annulus_mean annulus_mean_err aperture_bkg aperture_bkg_err net_aperture_sum net_aperture_sum_err
[from data line 411]
59650.551002475695 0.13915345996974982 2.134429628400769e-05 0.013913101549517108 5.502821310004067e-06 9.841506157089583e-07 3.8924498330602946e-10 0.007729500860842837 3.0571229500022594e-06 0.13142395910890697 2.1562119204543302e-05
59650.551323248495 0.13911262302108368 2.1320711025950925e-05 0.013840092270854941 5.501676638383247e-06 9.789862656686661e-07 3.8916401435195365e-10 0.007688940150474968 3.0564870213240262e-06 0.1314236828706087 2.1538682215113058e-05
59650.551644021296 0.139052932123767 2.1326045149677934e-05 0.013750622088980929 5.4985007265741e-06 9.72657544911075e-07 3.889393645460649e-10 0.007639234493878293 3.0547226258745e-06 0.1314136976298887 2.1543712123195746e-05
59650.5519647941 0.13940307648887917 2.133917858775966e-05 0.014222334295888041 5.509129267252228e-06 1.00602435799821e-06 3.896911800068548e-10 0.007901296831048912 3.0606273706956817e-06 0.13150177965783028 2.1557550480111415e-05
59650.5522855669 0.13909299848717996 2.1319036288079262e-05 0.013846848021352423 5.501457840486455e-06 9.794641372624304e-07 3.8914853756670363e-10 0.007692693345195791 3.0563654669369196e-06 0.13140030514198417 2.1537007176484037e-05
59650.5526063397 0.13897318783542106 2.13132242444576e-05 0.01385100856697425 5.536754876394689e-06 9.79758435663174e-07 3.9164529211838695e-10 0.0076950047594301395 3.0759749313303823e-06 0.13127818307599093 2.153404628658321e-05
59650.5529271125 0.13943860343643183 2.1340666423557874e-05 0.013987052602114209 5.506310620264804e-06 9.89381582627926e-07 3.89491801517575e-10 0.007770584778952338 3.0590614557026686e-06 0.13166801865747949 2.155880099614392e-05
59650.5532478853 0.1391500984449642 2.132474740043614e-05 0.014064346647931759 5.513535783225637e-06 9.94849017945008e-07 3.9000287725084663e-10 0.007813525915517644 3.063075435125354e-06 0.13133657252944655 2.1543613504091564e-05
59650.5535686581 0.13872744386202257 2.129885854372829e-05 0.013760897703222589 5.523910427052722e-06 9.733843959332375e-07 3.9073673318324587e-10 0.0076449431684569935 3.068839126140401e-06 0.13108250069356558 2.151880918749636e-05
59650.5538894309 0.13940431846897033 2.133805414046514e-05 0.013918177744325555 5.504746993893574e-06 9.845096830404523e-07 3.893811975770727e-10 0.007732320969069752 3.0581927743853187e-06 0.13167199749990058 2.1556091889457237e-05
59650.55421020371 0.1392866948297978 2.1331405042483e-05 0.01394910299713835 5.504443759053423e-06 9.866971971966848e-07 3.893597480998604e-10 0.0077495016650768606 3.0580243105852346e-06 0.13153719316472096 2.15494861602452e-05
59650.55453097651 0.13909379247514628 2.132039451339356e-05 0.013920513762574839 5.502462443724373e-06 9.846749225300196e-07 3.8921959870944176e-10 0.007733618756986021 3.056923579846874e-06 0.13136017371816025 2.153843086159635e-05
59650.55485174931 0.13913506139777598 2.1323702318983964e-05 0.013916966463337586 5.5027473475188015e-06 9.844240024374708e-07 3.892397515304146e-10 0.007731648035187547 3.0570818597326673e-06 0.13140341336258843 2.1541727648583544e-05
59650.55517252211 0.13930273573970628 2.1332378044863692e-05 0.014054908728139828 5.506186475255431e-06 9.941814216839454e-07 3.894830200545075e-10 0.007808282626744348 3.0589924862530175e-06 0.13149445311296193 2.155058672240584e-05
59650.55549329491 0.13942070716266605 2.133974556864449e-05 0.013980726739818053 5.506012741129533e-06 9.889341194040362e-07 3.8947073087898734e-10 0.007767070411010028 3.058895967294185e-06 0.13165363675165603 2.1557865976789328e-05
59650.55581406771 0.13917988291954939 2.1324018372313058e-05 0.01384343092834929 5.501060544970412e-06 9.792224273768956e-07 3.891204346577052e-10 0.00769079496019405 3.0561447472057846e-06 0.13148908795935532 2.154190753528151e-05
59650.55613484051 0.13902333207912349 2.131677175530908e-05 0.013783863922351525 5.504292906482287e-06 9.750089236214605e-07 3.893490774632496e-10 0.00765770217908418 3.0579405036012706e-06 0.1313656299000393 2.1534989161629688e-05
59650.55645561331 0.13932180025931565 2.1332630166671607e-05 0.013895483490262461 5.503652276847131e-06 9.829043929453747e-07 3.8930376218630457e-10 0.0077197130501458116 3.057584598248406e-06 0.13160208720916983 2.1550636496480405e-05
59650.55677638611 0.13931674417066647 2.133352818454666e-05 0.013946480414294082 5.503957324998636e-06 9.865116874085366e-07 3.89325339929057e-10 0.007748044674607823 3.0577540694436864e-06 0.13156869949605865 2.155154947445882e-05
59650.55709715891 0.138880727273576 2.1309150610855495e-05 0.013857413775583007 5.505997628548844e-06 9.802115114905599e-07 3.8946966188257863e-10 0.0076985632086572255 3.0588875714160244e-06 0.13118216406491878 2.1527579820562425e-05
59650.55741793171 0.13917167778222306 2.13258602369436e-05 0.014050755578039007 5.505934308207465e-06 9.938876464093018e-07 3.8946518288465475e-10 0.0078059753211327815 3.0588523934485917e-06 0.13136570246109028 2.1544115038927876e-05
59650.55773870451 0.13960996107958779 2.1350313257703608e-05 0.014210361027303452 5.5128522772015004e-06 1.005177422495897e-06 3.899545290897913e-10 0.007894645015168586 3.062695709556389e-06 0.1317153160644192 2.1568866015889884e-05
59650.55805947731 0.13906588433427225 2.1318221361878526e-05 0.013871559984221547 5.5023111987121396e-06 9.812121510598191e-07 3.8920890031330174e-10 0.007706422213456415 3.0568395548400773e-06 0.13135946212081584 2.1536267784787798e-05
59650.55838025011 0.1395228239200174 2.134631196664165e-05 0.014123856232324379 5.509773746607613e-06 9.990584599527546e-07 3.897367675958016e-10 0.007846586795735766 3.0609854147820073e-06 0.13167623712428164 2.156466244314287e-05
59650.558701022914 0.13918068491289204 2.132548953807661e-05 0.013835507560698448 5.500708599502088e-06 9.78661963764644e-07 3.8909553960837963e-10 0.0076863930892769146 3.0559492219456047e-06 0.13149429182361513 2.1543336085335645e-05
59650.559021795714 0.13919832390847714 2.1326735868841555e-05 0.013839058691471546 5.501399729417788e-06 9.789131548829125e-07 3.8914442704944727e-10 0.007688365939706413 3.056333183009882e-06 0.1315099579687707 2.154462427950184e-05
59650.55934256852 0.13919516976431834 2.132738643533066e-05 0.013847901005103278 5.502021116652668e-06 9.795386206264054e-07 3.8918838120500523e-10 0.007693278336168487 3.056678398140371e-06 0.13150189142814986 2.154531724044889e-05
59650.55966334132 0.1392665134261657 2.1330365818389182e-05 0.013879292342707693 5.5023859716882414e-06 9.817591035375208e-07 3.892141894194157e-10 0.007710717968170942 3.0568810953823562e-06 0.13155579545799476 2.1548295245276636e-05
59650.55998411412 0.13917267105137807 2.132586461145687e-05 0.013928954091816902 5.503251389091447e-06 9.85271953694552e-07 3.892754051783303e-10 0.007738307828787168 3.0573618828285813e-06 0.1314343632225909 2.154390779568e-05
59650.56030488692 0.13942380993093967 2.133903398854354e-05 0.013911052907687647 5.504101067172172e-06 9.840057039428322e-07 3.893355076079233e-10 0.007728362726493136 3.0578339262067622e-06 0.13169544720444654 2.1557010921843444e-05
59650.560625659724 0.13957942778037252 2.135027943693e-05 0.01411523934648526 5.5083860878476975e-06 9.984489399637081e-07 3.896386108175948e-10 0.007841799636936255 3.060214493248721e-06 0.13173762814343626 2.1568480353972216e-05
59650.560946432524 0.13923319840907675 2.1348861568139067e-05 0.013779259403595864 5.500294996116742e-06 9.746832205456727e-07 3.8906628315359853e-10 0.007655144113108814 3.0557194422870788e-06 0.13157805429596794 2.15664394735324e-05
59650.561267205325 0.139628034058324 2.1352296825832686e-05 0.014168047089226837 5.5095298858540974e-06 1.0021843236485292e-06 3.8971951797609135e-10 0.007871137271792688 3.0608499365856096e-06 0.1317568967865313 2.1570567495380385e-05
59650.561587978125 0.13958513715343804 2.1350615528653455e-05 0.014143427027100319 5.510205902150556e-06 1.0004428104989003e-06 3.8976733634728775e-10 0.007857459459500178 3.061225501194753e-06 0.13172767769393787 2.1568956512115814e-05
59650.561908750926 0.1395611257531016 2.1349725187777272e-05 0.014243556923447597 5.5101376562053015e-06 1.0075255518122107e-06 3.8976250893416193e-10 0.007913087179693109 3.061187586780723e-06 0.13164803857340848 2.1568069803185256e-05
59650.562229523726 0.1395673218267561 2.1349881472278116e-05 0.014235695303329713 5.51193232167492e-06 1.0069694559444454e-06 3.8988945554780014e-10 0.007908719612960953 3.062184623152733e-06 0.13165860221379516 2.1568366037940783e-05
59650.56255029653 0.1393739631677941 2.133797407344001e-05 0.01404718991959662 5.517144037145139e-06 9.936354276686425e-07 3.9025810900516633e-10 0.007803994399775899 3.0650800206361883e-06 0.13156996876801821 2.1556990817173467e-05
59650.56287106933 0.13936923672305213 2.1339286206182757e-05 0.013989771816144516 5.5052232216607176e-06 9.895739276742585e-07 3.8941488380070764e-10 0.00777209545341362 3.0584573453670653e-06 0.1315971412696385 2.1557349028180886e-05
59650.56319184213 0.13957302243086514 2.1350446756228492e-05 0.014234149273153002 5.509596363048107e-06 1.006860096680093e-06 3.8972422027565996e-10 0.007907860707307222 3.0608868683600593e-06 0.1316651617235579 2.1568741389136427e-05
59650.56351261493 0.13935014262674106 2.133639920428498e-05 0.013861513939949752 5.50246166333936e-06 9.805015387912074e-07 3.8921954350849406e-10 0.007700841077749862 3.0569231462996445e-06 0.13164930154899118 2.155427359311826e-05
59650.56383338773 0.1396299090535762 2.1355699318502213e-05 0.014238777350222989 5.509624086534842e-06 1.007187466165737e-06 3.8972618131119496e-10 0.007910431861234994 3.0609022702971347e-06 0.1317194771923412 2.1573942988952808e-05
59650.56415416053 0.13958080810887388 2.135008402914438e-05 0.014192890753564228 5.510298360137302e-06 1.0039416534191122e-06 3.897738764120073e-10 0.007884939307535683 3.0612768667429453e-06 0.1316958688013382 2.1568437683485132e-05
59650.56447493334 0.13964872310754764 2.1356244776870638e-05 0.014250655867342626 5.510055474047209e-06 1.0080276993729333e-06 3.897566957356311e-10 0.00791703103741257 3.0611419300262276e-06 0.13173169207013508 2.1574516932839518e-05
59650.56479570614 0.13975241361603785 2.1364439244727454e-05 0.01430164658531586 5.511660884844661e-06 1.0116345548472644e-06 3.898702553196789e-10 0.007945359214064366 3.0620338249137007e-06 0.1318070544019735 2.158275504625316e-05
59650.56511647894 0.13921700094111122 2.133003844195531e-05 0.013835103291816121 5.506565459815096e-06 9.786333675908839e-07 3.895098277282969e-10 0.007686168495453401 3.0592030332306083e-06 0.13153083244565783 2.154830070176808e-05
59650.56543725174 0.13949426201335702 2.1346347522761814e-05 0.014025510995077137 5.505808707264582e-06 9.92101957447224e-07 3.894562984353584e-10 0.007791950552820632 3.05878261514699e-06 0.13170231146053638 2.1564385074683788e-05
59650.56575802454 0.13969405992546485 2.1358157068086952e-05 0.014154310922250153 5.524080164033058e-06 1.0012126885936514e-06 3.9074873961855516e-10 0.007863506067916751 3.0689334244628096e-06 0.1318305538575481 2.1577516671499936e-05
59650.56607879734 0.13977792762617683 2.1363237949593577e-05 0.014184702803878306 5.510595513777284e-06 1.003362474456311e-06 3.897948957323011e-10 0.007880390446599059 3.061441952098491e-06 0.13189753717957778 2.1581481935145785e-05
59650.56639957014 0.13986720930593222 2.1370398786747097e-05 0.014308898196318849 5.552011627370837e-06 1.0121475013968223e-06 3.9272448648877635e-10 0.007949387886843805 3.0844509040949093e-06 0.13191782141908842 2.1591845258902114e-05
59650.56672034294 0.1393696789827794 2.1340906400906007e-05 0.013727861781905682 5.501020784213637e-06 9.710475825211573e-07 3.8911762215949105e-10 0.00762658987883649 3.056122657896465e-06 0.13174308910394292 2.1558621748904524e-05
59650.56704111574 0.13930156064050325 2.1335532978725476e-05 0.01381602026373681 5.501572971537318e-06 9.772835194806687e-07 3.8915668142263617e-10 0.007675566813187116 3.0564294286318435e-06 0.13162599382731613 2.1553346105384405e-05
59650.56736188854 0.13961057600691734 2.13542211045093e-05 0.014285863405650037 5.62095685370174e-06 1.0105181232643652e-06 3.9760136363239973e-10 0.007936590780916688 3.1227538076120773e-06 0.13167398522600066 2.1581342644127266e-05
59650.56768266134 0.1399367187874474 2.1372808291786955e-05 0.014221995306349999 5.511332640055101e-06 1.006000379393483e-06 3.8984703675043327e-10 0.007901108503527777 3.061851466697278e-06 0.13203561028391964 2.159101360940689e-05
59650.56800343414 0.1394044541964212 2.1342914084983283e-05 0.013722757184346727 5.501082186463828e-06 9.70686506106045e-07 3.8912196548021765e-10 0.0076237539913037375 3.056156770257682e-06 0.13178070020511745 2.1560613995045914e-05
59650.56832420694 0.13977399000703894 2.1364754390251508e-05 0.014248863434173115 5.5104077416466815e-06 1.007900910662227e-06 3.8978161357107427e-10 0.007916035241207287 3.0613376342481563e-06 0.13185795476583165 2.1582968245045333e-05
59650.56864497974 0.13953839294230524 2.1351563691825923e-05 0.01406928005844274 5.507027574428842e-06 9.951979853535077e-07 3.8954251565054257e-10 0.007816266699134856 3.059459763571579e-06 0.1317221262431704 2.1569644552727624e-05
59650.56896575254 0.13995071441396306 2.1374685938194654e-05 0.014215182130547866 5.511061213629377e-06 1.0055184457903436e-06 3.898278372582823e-10 0.007897323405859925 3.0617006742385426e-06 0.13205339100810315 2.1592850899663273e-05
59650.569286525344 0.13950080839579485 2.134838388737367e-05 0.013881873535989731 5.503639279281272e-06 9.819416856130371e-07 3.893028427965914e-10 0.007712151964438739 3.057577377378484e-06 0.1317886564313561 2.1566229944552955e-05
59650.569607298145 0.13965225737796394 2.1358895576825178e-05 0.014037498633610108 5.508644266719004e-06 9.929499094154556e-07 3.896568732369594e-10 0.007798610352005615 3.0603579259550022e-06 0.13185364702595834 2.157702970514426e-05
59650.56992807095 0.13986768267809824 2.137018628422236e-05 0.01432590598043818 5.6126753620687425e-06 1.013350556025103e-06 3.9701556793037054e-10 0.00795883665579899 3.1181529789270788e-06 0.13190884602229924 2.1596475171248602e-05
59650.57024884375 0.1398709356057125 2.137829871125272e-05 0.01423941470216458 5.510255711399467e-06 1.0072325495932895e-06 3.897708596309215e-10 0.007910785945646988 3.0612531729997036e-06 0.13196014966006553 2.1596363739684292e-05
59650.57056961655 0.13984457180607202 2.136889605830153e-05 0.01439170587604732 5.515548838071862e-06 1.0180049465322698e-06 3.9014527175284293e-10 0.007995392153359622 3.064193798928812e-06 0.1318491796527124 2.1587473274746364e-05
59650.570890389354 0.13955487623796953 2.13516247274339e-05 0.013874651812417694 5.5032869586355794e-06 9.814308531667558e-07 3.8927792120889573e-10 0.007708139895787608 3.057381643686433e-06 0.1318467363421819 2.1569410307570245e-05
59650.571211162154 0.14005810383640172 2.1407357953360807e-05 0.014327406412639281 5.513190962367067e-06 1.0134566898924716e-06 3.8997848616456986e-10 0.007959670229244046 3.0628838679817035e-06 0.13209843360715767 2.1625360855534012e-05
59650.571531934955 0.1395307045264758 2.135184875752664e-05 0.013756499984262198 5.50527843381983e-06 9.730733209506264e-07 3.8941878926205943e-10 0.007642499991256777 3.0584880187887943e-06 0.13188820453521904 2.1569788926305387e-05
59650.571852707755 0.13997022006502666 2.137734859926127e-05 0.014319241735075334 5.51236020418766e-06 1.0128791570955588e-06 3.8991972204422916e-10 0.007955134297264074 3.062422335659811e-06 0.13201508576776258 2.1595588987019685e-05
59650.572173480556 0.1396472679707153 2.135847557619547e-05 0.013875007103681995 5.5031475411116435e-06 9.81455984882734e-07 3.8926805943641216e-10 0.00770833727982333 3.0573041895064683e-06 0.13193893069089196 2.1576181030157127e-05
59650.572494253356 0.1392422373328735 2.1334577460290142e-05 0.013750721560961097 5.5003507771243795e-06 9.726645811143384e-07 3.890702288527524e-10 0.007639289756089498 3.0557504317357666e-06 0.131602947576784 2.1552303962921774e-05
