HATP14b/Results/506090_radii/HATP14b_WLP8_nrca3_level3_asn_phot.ecsv
# %ECSV 0.9
# ---
# datatype:
# - {name: MJD, datatype: float64}
# - {name: aperture_sum, unit: Jy, datatype: float64}
# - {name: aperture_sum_err, unit: Jy, datatype: float64}
# - {name: annulus_sum, unit: Jy, datatype: float64}
# - {name: annulus_sum_err, unit: Jy, datatype: float64}
# - {name: annulus_mean, unit: Jy, datatype: float64}
# - {name: annulus_mean_err, unit: Jy, datatype: float64}
# - {name: aperture_bkg, unit: Jy, datatype: float64}
# - {name: aperture_bkg_err, unit: Jy, datatype: float64}
# - {name: net_aperture_sum, unit: Jy, datatype: float64}
# - {name: net_aperture_sum_err, unit: Jy, datatype: float64}
# meta: !!omap
# - {instrument: NIRCAM}
# - {detector: NRCA3}
# - {channel: SHORT}
# - {subarray: SUBGRISM128}
# - {filter: F210M}
# - {pupil: WLP8}
# - {target_name: UNKNOWN}
# - {xcenter: 1051.8}
# - {ycenter: 56.2973}
# - ra_icrs: !numpy.ndarray
#     buffer: !!binary |
#       ZllmeEdOeEJjRUE9
#     dtype: float64
#     order: C
#     shape: !!python/tuple []
# - dec_icrs: !numpy.ndarray
#     buffer: !!binary |
#       ZXo0UCtmd2VRMEE9
#     dtype: float64
#     order: C
#     shape: !!python/tuple []
# - {apertures: Photometry measured in a circular aperture of r=50.0 pixels.  Background calculated as the mean in a circular annulus
#     with r_inner=60.0 pixels and r_outer=90.0 pixels.}
# - {number_of_integrations: 669}
# - __serialized_columns__:
#     annulus_mean:
#       __class__: astropy.units.quantity.Quantity
#       unit: &id001 !astropy.units.Unit {unit: Jy}
#       value: !astropy.table.SerializedColumn {name: annulus_mean}
#     annulus_mean_err:
#       __class__: astropy.units.quantity.Quantity
#       unit: *id001
#       value: !astropy.table.SerializedColumn {name: annulus_mean_err}
#     annulus_sum:
#       __class__: astropy.units.quantity.Quantity
#       unit: *id001
#       value: !astropy.table.SerializedColumn {name: annulus_sum}
#     annulus_sum_err:
#       __class__: astropy.units.quantity.Quantity
#       unit: *id001
#       value: !astropy.table.SerializedColumn {name: annulus_sum_err}
#     aperture_bkg:
#       __class__: astropy.units.quantity.Quantity
#       unit: *id001
#       value: !astropy.table.SerializedColumn {name: aperture_bkg}
#     aperture_bkg_err:
#       __class__: astropy.units.quantity.Quantity
#       unit: *id001
#       value: !astropy.table.SerializedColumn {name: aperture_bkg_err}
#     aperture_sum:
#       __class__: astropy.units.quantity.Quantity
#       unit: *id001
#       value: !astropy.table.SerializedColumn {name: aperture_sum}
#     aperture_sum_err:
#       __class__: astropy.units.quantity.Quantity
#       unit: *id001
#       value: !astropy.table.SerializedColumn {name: aperture_sum_err}
#     net_aperture_sum:
#       __class__: astropy.units.quantity.Quantity
#       unit: *id001
#       value: !astropy.table.SerializedColumn {name: net_aperture_sum}
#     net_aperture_sum_err:
#       __class__: astropy.units.quantity.Quantity
#       unit: *id001
#       value: !astropy.table.SerializedColumn {name: net_aperture_sum_err}
# schema: astropy-2.0
MJD aperture_sum aperture_sum_err annulus_sum annulus_sum_err annulus_mean annulus_mean_err aperture_bkg aperture_bkg_err net_aperture_sum net_aperture_sum_err
[from data line 274]
59650.507056601964 0.13916936211413625 2.1322967078324224e-05 0.013879252973207077 5.515149141148631e-06 9.817563187150184e-07 3.901169989790337e-10 0.007710696096226153 3.0639717450825727e-06 0.1314586660179101 2.15419787363641e-05
59650.50737737477 0.13955256107562916 2.1345044789998296e-05 0.014032469543081223 5.514192745745345e-06 9.92594174030154e-07 3.900493478430411e-10 0.007795816412822901 3.0634404143029693e-06 0.13175674466280626 2.1563756728803497e-05
59650.50769814757 0.13944896360669432 2.1387583130232842e-05 0.013784347915262788 5.508758828224534e-06 9.750431591166823e-07 3.8966497680580074e-10 0.007657971064034883 3.060421571235852e-06 0.13179099254265944 2.160543663864043e-05
59650.50801892037 0.13973480197282664 2.1355398333666085e-05 0.014310690829246445 5.519980492708591e-06 1.0122743042375229e-06 3.9045874719351476e-10 0.007950383794025802 3.0666558292825507e-06 0.13178441817880085 2.157446212457731e-05
59650.50833969317 0.1396591633233144 2.135027049133725e-05 0.014195094341005798 5.51680036977555e-06 1.0040975253452725e-06 3.902337995115444e-10 0.007886163522780999 3.0648890943197504e-06 0.13177299980053342 2.156913524492223e-05
59650.508660465974 0.13925940437964185 2.132740394830746e-05 0.013795540703018463 5.508962563711823e-06 9.758348868937019e-07 3.8967938814352755e-10 0.007664189279454702 3.0605347576176792e-06 0.13159521510018715 2.1545882023645877e-05
59650.508981238774 0.13977243672152867 2.135716459933968e-05 0.014103466156596718 5.516360301687403e-06 9.976161571340544e-07 3.9020267106197744e-10 0.007835258975887065 3.0646446120485573e-06 0.1319371777456416 2.157592469215274e-05
59650.509302011575 0.13941703442755743 2.133540837536713e-05 0.013875533559681949 5.510346801232748e-06 9.814932240270509e-07 3.897773029185802e-10 0.00770862975537886 3.0613037784626377e-06 0.13170840467217856 2.155391452538762e-05
59650.509622784375 0.13966377234074184 2.1349294957810185e-05 0.014190820370369934 5.5172125214229476e-06 1.003795203766016e-06 3.902629532768718e-10 0.007883789094649964 3.065118067457193e-06 0.1317799832460919 2.156820214953096e-05
59650.509943557176 0.13935519740715024 2.1332672417042533e-05 0.014056620376182662 5.5135317070815385e-06 9.94302496015879e-07 3.9000258892263236e-10 0.0078092335423237 3.063073170600855e-06 0.13154596386482653 2.155145771638898e-05
59650.510264329976 0.13956962462652456 2.1345235169673797e-05 0.014339993899240434 5.519054272644851e-06 1.0143470724318833e-06 3.903932305261658e-10 0.007966663277355797 3.0661412625804727e-06 0.13160296134916877 2.156432903409651e-05
59650.51058510278 0.1389049322393103 2.130570859125271e-05 0.013718178516033335 5.506653138913263e-06 9.703626315749985e-07 3.895160297557987e-10 0.007621210286685186 3.0592517438407014e-06 0.1312837219526251 2.1524224487947805e-05
59650.51090587558 0.1392396657988002 2.132527192482943e-05 0.013937502895506578 5.511468843579003e-06 9.85876657856656e-07 3.898566711789202e-10 0.007743057164170321 3.061927135321668e-06 0.1314966086346299 2.1543969468274353e-05
59650.51122664838 0.13927260657440996 2.1328272872077933e-05 0.01391819152473207 5.510784644048649e-06 9.845106578048146e-07 3.8980827396233484e-10 0.007732328624851151 3.0615470244714714e-06 0.1315402779495588 2.154688594411883e-05
59650.51154742118 0.1392214321274054 2.1323980929158392e-05 0.013715908904943942 5.5082353194594145e-06 9.702020894310992e-07 3.8962794613570267e-10 0.007619949391635522 3.0601307330330077e-06 0.13160148273576988 2.1542436323925017e-05
59650.51186819398 0.1395959032884398 2.134700881668145e-05 0.014267276874063942 5.527663806834057e-06 1.0092033950968715e-06 3.910022304923573e-10 0.007926264930035523 3.0709243371300316e-06 0.13166963835840428 2.1566765211868306e-05
59650.51218896678 0.1393519976486537 2.1338038493130935e-05 0.013842186948968622 5.5089705089219745e-06 9.791344338357678e-07 3.896799501521807e-10 0.007690103860538124 3.0605391716233193e-06 0.13166189378811557 2.1556409412408606e-05
59650.51250973959 0.13915048571652175 2.1320137235270236e-05 0.013771665119438035 5.507639204246411e-06 9.741460348288002e-07 3.89585779610013e-10 0.007650925066354464 3.0597995579146727e-06 0.1314995606501673 2.1538584565039813e-05
59650.51283051239 0.13925826568232574 2.132470502878657e-05 0.013837081926666111 5.509075884838427e-06 9.787733273761948e-07 3.896874039735079e-10 0.007687267737036728 3.060597713799126e-06 0.131570997945289 2.154321941889066e-05
59650.51315128519 0.13897546278484718 2.1309483606694874e-05 0.013870704850046628 5.5144387622886475e-06 9.811516626905102e-07 3.900667499536851e-10 0.007705947138914794 3.0635770901603597e-06 0.1312695156459324 2.152857626902794e-05
59650.51347205799 0.1392313264964125 2.132278583348971e-05 0.013863308706292557 5.512080013320525e-06 9.80628492540164e-07 3.898999025946675e-10 0.007701838170162531 3.0622666740669583e-06 0.13152948832624997 2.1541556881617696e-05
59650.51379283079 0.13961405742765567 2.1361973629522865e-05 0.014230987855783105 5.516696469768581e-06 1.0066364721460505e-06 3.9022645008945706e-10 0.007906104364323947 3.064831372093656e-06 0.13170795306333172 2.15807114963293e-05
59650.51411360359 0.13927285558087965 2.13267229224777e-05 0.013862535513149431 5.509410774569065e-06 9.805738003131892e-07 3.8971109257618426e-10 0.00770140861841635 3.0607837636494808e-06 0.1315714469624633 2.1545243276880308e-05
59650.51443437639 0.13929034631081794 2.1326434709306202e-05 0.014285118313042095 5.515959682348304e-06 1.0104654187436473e-06 3.901743330405926e-10 0.007936176840578941 3.0644220457490576e-06 0.131354169470239 2.154547516033873e-05
59650.51475514919 0.13916506922723476 2.1318532269947564e-05 0.013849346849710939 5.509952281836422e-06 9.796408932114064e-07 3.8974939637988204e-10 0.007694081583172744 3.0610846010202345e-06 0.131470987644062 2.1537178484643685e-05
59650.51507592199 0.13938697852608775 2.1331772831930338e-05 0.014084303396229932 5.515331837989941e-06 9.962606691182058e-07 3.9012992213698113e-10 0.007824612997905519 3.064073243327745e-06 0.13156236552818223 2.1550709431328667e-05
59650.51539669479 0.13909016694686938 2.1314838481016328e-05 0.013886345630164679 5.509228654878573e-06 9.822580215658885e-07 3.896982102433059e-10 0.0077146364612026 3.0606825860436513e-06 0.13137553048566677 2.1533465057076282e-05
59650.51571746759 0.1394583127195519 2.1337088399373273e-05 0.01425657797671746 5.519860810471099e-06 1.008446602919838e-06 3.9045028140698267e-10 0.007920321098176366 3.0665893391506105e-06 0.13153799162137553 2.155632880473068e-05
59650.51603824039 0.13942941951901303 2.1336865631766097e-05 0.014098757141128944 5.515579036200989e-06 9.972830624279244e-07 3.901474078335197e-10 0.007832642856182745 3.064210575667216e-06 0.1315967766628303 2.1555770026609397e-05
59650.51635901319 0.13904501640119465 2.1310825040515562e-05 0.01387913454654801 5.510736138961339e-06 9.81747941742492e-07 3.898048429292635e-10 0.007710630303637782 3.061520077200744e-06 0.13133438609755688 2.1529611447737934e-05
59650.51667978599 0.1392269887350971 2.1323095270407458e-05 0.013755400068968634 5.508580565164718e-06 9.729955178590915e-07 3.896523672737384e-10 0.007641888927204796 3.060322536202621e-06 0.1315850998078923 2.154158689457354e-05
59650.51700055879 0.13946381537838215 2.1337367257231336e-05 0.014235053222262203 5.518376612935785e-06 1.006924037999663e-06 3.903452959073071e-10 0.007908362901256778 3.0657647849643247e-06 0.13155545247712538 2.1556487542888224e-05
59650.517321331594 0.13951647868697198 2.137734124977804e-05 0.01390653079331991 5.512533061674388e-06 9.8368582978512e-07 3.899319492102128e-10 0.007725850440733283 3.0625183675968822e-06 0.1317906282462387 2.1595595330097525e-05
59650.5176421044 0.13875192390613814 2.129550261948234e-05 0.013744699760807064 5.520287899792111e-06 9.722386258873047e-07 3.9048049179657414e-10 0.00763594431155948 3.066826610995617e-06 0.13111597959457866 2.1515200609761695e-05
59650.5179628772 0.13923913115525222 2.1324041335987084e-05 0.014290393019700162 5.516553067314594e-06 1.0108385279160878e-06 3.9021630644083324e-10 0.007939107233166756 3.064751704063663e-06 0.13130002392208545 2.1543153016827572e-05
59650.51828365 0.1394629509725969 2.1335824006849876e-05 0.014096876355069272 5.515050795984237e-06 9.971500240286822e-07 3.901100424816815e-10 0.007831597975038485 3.063917108880132e-06 0.1316313529975584 2.1554697263041295e-05
59650.5186044228 0.13902886914469337 2.1312250319479092e-05 0.013694970164270594 5.506907580950874e-06 9.687209765065293e-07 3.895340278482504e-10 0.007608316757928108 3.0593931005282634e-06 0.13142055238676525 2.1530719909554735e-05
59650.5189251956 0.13917517167121463 2.1317626062620595e-05 0.01384959560687651 5.508504478791075e-06 9.796584891814198e-07 3.896469852637529e-10 0.007694219781598061 3.0602802659950414e-06 0.13148095188961656 2.1536167167166945e-05
59650.519245968404 0.13899526862092598 2.130969237026144e-05 0.013794122832750721 5.508311865725471e-06 9.75734593088469e-07 3.8963336067642183e-10 0.007663401573750402 3.0601732587363725e-06 0.1313318670471756 2.1528298801546393e-05
59650.519566741204 0.1394445122303355 2.1336891556804285e-05 0.014223618595660254 5.517400151116946e-06 1.0061152036236142e-06 3.902762253627699e-10 0.007902010330922363 3.065222306176081e-06 0.13154250189941313 2.1555939531672133e-05
59650.519887514005 0.13946265710041633 2.13357493332422e-05 0.014156316457723552 5.515277961528346e-06 1.0013545512088237e-06 3.901261111569015e-10 0.007864620254290862 3.0640433119601918e-06 0.13159803684612548 2.1554641287400563e-05
59650.520208286805 0.13936948979277686 2.1332504603455464e-05 0.01423507466167889 5.631296621287315e-06 1.0069255545281712e-06 3.9833275257536227e-10 0.007908374812043829 3.1284981229373973e-06 0.13146111498073304 2.1560687678310994e-05
59650.520529059606 0.1393909270252956 2.133157128442768e-05 0.014330097362794923 5.518632143562495e-06 1.0136470356786423e-06 3.903633710016859e-10 0.007961165201552734 3.0659067464236082e-06 0.13142976182374286 2.1550770697132512e-05
59650.52084983241 0.139453674760262 2.1337554122952102e-05 0.014226773885669904 5.517141199887032e-06 1.0063383947355805e-06 3.9025790831020965e-10 0.007903763269816613 3.0650784443816843e-06 0.13154991149044537 2.155657490929678e-05
59650.52117060521 0.13927082588933032 2.1326256103170472e-05 0.01397402358449117 5.512072879072611e-06 9.884599681575534e-07 3.898993979498582e-10 0.007763346435828427 3.062262710595895e-06 0.13150747945350189 2.1544991350351523e-05
59650.52149137801 0.13907615975874238 2.1312239138818863e-05 0.013833896224573438 5.509290615704502e-06 9.785479850494095e-07 3.897025930751836e-10 0.007685497902540799 3.0607170087247236e-06 0.13139066185620157 2.1530897002161787e-05
59650.52181215081 0.13939706250042974 2.1331828054008418e-05 0.014183551760150306 5.5170589368279326e-06 1.0032810547678551e-06 3.902520893891032e-10 0.007879750977861281 3.065032742682185e-06 0.13151731152256846 2.1550900534304697e-05
59650.52213292361 0.13936115659446846 2.1338578849834342e-05 0.014019089537310974 5.511989841195071e-06 9.916477322270725e-07 3.898935242215585e-10 0.007788383076283874 3.0622165784417055e-06 0.13157277351818458 2.155718250847918e-05
59650.52245369641 0.1391852746133444 2.1366430502780053e-05 0.013797156420375488 5.51004028776889e-06 9.759491755177064e-07 3.8975562152618146e-10 0.0076650869002086045 3.061133493204939e-06 0.13152018771313578 2.1584598460322374e-05
59650.52277446922 0.1389796271819756 2.1308117436518202e-05 0.013795678036552052 5.5081246011676605e-06 9.758446012540232e-07 3.8962011441862566e-10 0.007664265575862251 3.0600692228709228e-06 0.13131536160611335 2.1526725072272673e-05
59650.52309524202 0.13900101790816527 2.130932556373954e-05 0.013758916056989857 5.507655753578403e-06 9.732442231361714e-07 3.8958695023578696e-10 0.0076438422538832535 3.0598087519880017e-06 0.131357175654282 2.1527883908554178e-05
59650.52341601482 0.13921075287325918 2.132550218353769e-05 0.013754919764638525 5.508806245294211e-06 9.729615432776138e-07 3.896683308773679e-10 0.007641622091465848 3.0604479140523393e-06 0.13156913078179333 2.1543987207912518e-05
59650.52373678762 0.13925466613867346 2.1323580554349558e-05 0.01396728336654176 5.514519839697552e-06 9.879831952668133e-07 3.900724850071963e-10 0.007759601870300977 3.0636221331653064e-06 0.13149506426837249 2.1542536253483592e-05
59650.52405756042 0.13937552995572455 2.1330924193538065e-05 0.014235191630787144 5.51939350553997e-06 1.0069338284000678e-06 3.904172263448847e-10 0.007908439794881745 3.066329725299983e-06 0.13146709016084282 2.1550190368874373e-05
59650.52437833322 0.1392580990812861 2.1324288556885784e-05 0.014077325062304732 5.516550712475036e-06 9.95767052967654e-07 3.9021613987000846e-10 0.00782073614572485 3.0647503958194646e-06 0.13143736293556127 2.1543397537203958e-05
59650.52469910602 0.14367227266114513 3.9937933896646655e-05 0.014328846692202076 5.517771616533145e-06 1.013558568831073e-06 3.903025011659591e-10 0.007960470384556708 3.065428675851747e-06 0.1357118022765884 4.00554043407335e-05
59650.52501987882 0.1391963315304134 2.1320646661659132e-05 0.013748391107662192 5.508863388179205e-06 9.72499735264487e-07 3.896723729096387e-10 0.0076379950598123286 3.0604796600995582e-06 0.13155833647060106 2.1539185449343248e-05
59650.52534065162 0.13900091423534716 2.1309071590913907e-05 0.013751721329158664 5.5067271634174175e-06 9.727353002479335e-07 3.895212659183526e-10 0.007639845182865924 3.059292868565232e-06 0.13136106905248124 2.1527559195653096e-05
59650.52566142442 0.13941809858825324 2.133254460883517e-05 0.013928499768662525 5.513196857121463e-06 9.852398169053161e-07 3.899789031331478e-10 0.0077380554270347355 3.062887142845257e-06 0.1316800431612185 2.155130476648106e-05
59650.52598219722 0.13912050309767957 2.131745867749489e-05 0.014033059551552991 5.512645957172215e-06 9.926359085922643e-07 3.8993993493311585e-10 0.007796144195307218 3.0625810873178968e-06 0.13132435890237235 2.1536328549293157e-05
59650.52630297002 0.13939722255165105 2.1365247999526066e-05 0.013999545479729607 5.5119825048051226e-06 9.902652729505627e-07 3.8989300527812535e-10 0.007777525266516448 3.0622125026695125e-06 0.1316196972851346 2.158358097009757e-05
59650.52662374282 0.13937821114874044 2.1331555226084133e-05 0.014292522629164606 5.537456335426744e-06 1.0109891669708084e-06 3.916949101949772e-10 0.00794029034953589 3.0763646307926353e-06 0.13143792079920455 2.155224507342725e-05
59650.52694451562 0.1391865151239336 2.131939295573778e-05 0.013757923867678504 5.509113106096829e-06 9.731740400991114e-07 3.8969003683895803e-10 0.0076432910375991685 3.060618392276016e-06 0.13154322408633443 2.1537964178266708e-05
59650.52726528842 0.13947130013700754 2.1337246254916275e-05 0.01413499460195251 5.515572024448272e-06 9.998463384346665e-07 3.901469118534732e-10 0.007852774778862506 3.06420668024904e-06 0.13161852535814503 2.1556146230767256e-05
59650.527586061224 0.13927517320767935 2.132439341887672e-05 0.014164569211489437 5.562001105605345e-06 1.001938314122584e-06 3.934310975287456e-10 0.007869205117494131 3.0900006142251913e-06 0.1314059680901852 2.1547107891291233e-05
59650.527906834024 0.1389552811860424 2.130562500672642e-05 0.013871254570115427 5.5112482743279486e-06 9.811905474310728e-07 3.898410690959871e-10 0.007706252538953014 3.0618045968488602e-06 0.13124902864708937 2.1524504740330985e-05
59650.52822760683 0.13905275977245396 2.1312726821862446e-05 0.013690975463835908 5.5069123772035e-06 9.684384092530397e-07 3.895343671137231e-10 0.0076060974799088375 3.0593957651130553e-06 0.13144666229254512 2.1531191955647196e-05
59650.52854837963 0.13917051047686074 2.1317554373209772e-05 0.013962521428143195 5.510658712829478e-06 9.876463570291108e-07 3.897993661507701e-10 0.0077569563489684416 3.061477062683043e-06 0.1314135541278923 2.1536266302683235e-05
