HATP14b/Results/506090_radii/HATP14b_WLP8_nrca3_level3_asn_phot.ecsv
# %ECSV 0.9
# ---
# datatype:
# - {name: MJD, datatype: float64}
# - {name: aperture_sum, unit: Jy, datatype: float64}
# - {name: aperture_sum_err, unit: Jy, datatype: float64}
# - {name: annulus_sum, unit: Jy, datatype: float64}
# - {name: annulus_sum_err, unit: Jy, datatype: float64}
# - {name: annulus_mean, unit: Jy, datatype: float64}
# - {name: annulus_mean_err, unit: Jy, datatype: float64}
# - {name: aperture_bkg, unit: Jy, datatype: float64}
# - {name: aperture_bkg_err, unit: Jy, datatype: float64}
# - {name: net_aperture_sum, unit: Jy, datatype: float64}
# - {name: net_aperture_sum_err, unit: Jy, datatype: float64}
# meta: !!omap
# - {instrument: NIRCAM}
# - {detector: NRCA3}
# - {channel: SHORT}
# - {subarray: SUBGRISM128}
# - {filter: F210M}
# - {pupil: WLP8}
# - {target_name: UNKNOWN}
# - {xcenter: 1051.8}
# - {ycenter: 56.2973}
# - ra_icrs: !numpy.ndarray
#     buffer: !!binary |
#       ZllmeEdOeEJjRUE9
#     dtype: float64
#     order: C
#     shape: !!python/tuple []
# - dec_icrs: !numpy.ndarray
#     buffer: !!binary |
#       ZXo0UCtmd2VRMEE9
#     dtype: float64
#     order: C
#     shape: !!python/tuple []
# - {apertures: Photometry measured in a circular aperture of r=50.0 pixels.  Background calculated as the mean in a circular annulus
#     with r_inner=60.0 pixels and r_outer=90.0 pixels.}
# - {number_of_integrations: 669}
# - __serialized_columns__:
#     annulus_mean:
#       __class__: astropy.units.quantity.Quantity
#       unit: &id001 !astropy.units.Unit {unit: Jy}
#       value: !astropy.table.SerializedColumn {name: annulus_mean}
#     annulus_mean_err:
#       __class__: astropy.units.quantity.Quantity
#       unit: *id001
#       value: !astropy.table.SerializedColumn {name: annulus_mean_err}
#     annulus_sum:
#       __class__: astropy.units.quantity.Quantity
#       unit: *id001
#       value: !astropy.table.SerializedColumn {name: annulus_sum}
#     annulus_sum_err:
#       __class__: astropy.units.quantity.Quantity
#       unit: *id001
#       value: !astropy.table.SerializedColumn {name: annulus_sum_err}
#     aperture_bkg:
#       __class__: astropy.units.quantity.Quantity
#       unit: *id001
#       value: !astropy.table.SerializedColumn {name: aperture_bkg}
#     aperture_bkg_err:
#       __class__: astropy.units.quantity.Quantity
#       unit: *id001
#       value: !astropy.table.SerializedColumn {name: aperture_bkg_err}
#     aperture_sum:
#       __class__: astropy.units.quantity.Quantity
#       unit: *id001
#       value: !astropy.table.SerializedColumn {name: aperture_sum}
#     aperture_sum_err:
#       __class__: astropy.units.quantity.Quantity
#       unit: *id001
#       value: !astropy.table.SerializedColumn {name: aperture_sum_err}
#     net_aperture_sum:
#       __class__: astropy.units.quantity.Quantity
#       unit: *id001
#       value: !astropy.table.SerializedColumn {name: net_aperture_sum}
#     net_aperture_sum_err:
#       __class__: astropy.units.quantity.Quantity
#       unit: *id001
#       value: !astropy.table.SerializedColumn {name: net_aperture_sum_err}
# schema: astropy-2.0
MJD aperture_sum aperture_sum_err annulus_sum annulus_sum_err annulus_mean annulus_mean_err aperture_bkg aperture_bkg_err net_aperture_sum net_aperture_sum_err
[from data line 69]
59650.44129817778 0.13985070687299417 2.13975674432049e-05 0.013941389096450903 5.525772868870095e-06 9.861515503411616e-07 3.9086847399278187e-10 0.007745216164694945 3.069873816038942e-06 0.13210549070829922 2.16166606517497e-05
59650.44161895058 0.13988442047372765 2.139981606767306e-05 0.014015669534779944 5.530847922760128e-06 9.914058165345393e-07 3.9122746062080697e-10 0.0077864830748777475 3.072693290422293e-06 0.1320979373988499 2.161928703235248e-05
59650.44193972338 0.14004715137816567 2.140937651703143e-05 0.013853520088874133 5.526050543463516e-06 9.799360894965295e-07 3.908881154523881e-10 0.007696400049374518 3.0700280797019533e-06 0.13235075132879115 2.1628371997405987e-05
59650.44226049618 0.14027729192141342 2.14246353782608e-05 0.014300161796518248 5.5335516560854985e-06 1.0115295275243367e-06 3.91418710631267e-10 0.007944534331399028 3.0741953644919435e-06 0.1323327575900144 2.164406796862568e-05
59650.44258126898 0.14052063636735795 2.1475495592127707e-05 0.014263312792216694 5.5332193277984795e-06 1.0089229936654004e-06 3.9139520321366325e-10 0.007924062662342609 3.0740107376658217e-06 0.13259657370501535 2.16943875908674e-05
59650.44290204178 0.1399169004659667 2.1403207397124636e-05 0.014002484650921635 5.527020594668629e-06 9.904731767833648e-07 3.9095673253876405e-10 0.007779158139400909 3.070566997038127e-06 0.13213774232656578 2.162234188444051e-05
59650.44322281458 0.13959610076368173 2.1385135176384296e-05 0.01378620503310658 5.521860094999265e-06 9.751745233321237e-07 3.9059170185822926e-10 0.0076590027961703205 3.0677000527773696e-06 0.1319370979675114 2.1604045688852802e-05
59650.44354358738 0.13969891273155022 2.1389920751627274e-05 0.013946808438042893 5.530082636801045e-06 9.865348903423478e-07 3.9117332771268834e-10 0.00774822691002383 3.072268131556136e-06 0.1319506858215264 2.160943176562194e-05
59650.44386436018 0.13978399146619008 2.1394304850217463e-05 0.013849712108867478 5.523911617574348e-06 9.796667300115276e-07 3.907368173954244e-10 0.007694284504926377 3.0688397875413046e-06 0.1320897069612637 2.1613284286883264e-05
59650.44418513298 0.14037704009155605 2.142918784190184e-05 0.014278776159432134 5.534052781426393e-06 1.010016803145037e-06 3.914541579979834e-10 0.007932653421906742 3.074473767459107e-06 0.1324443866696493 2.1648613824222276e-05
59650.44450590578 0.14038974552511801 2.142796259159707e-05 0.014277702131109706 5.534997131365867e-06 1.0099408311821325e-06 3.9152095709170596e-10 0.007932056739505393 3.07499840631437e-06 0.13245768878561262 2.1647475511609185e-05
59650.44482667859 0.14030116884826277 2.142537295636505e-05 0.014362669378878649 5.53452538200526e-06 1.0159510345080617e-06 3.914875876505322e-10 0.007979260766043692 3.0747363233362557e-06 0.13232190808221908 2.1644874907870966e-05
59650.44514745139 0.14026969661777128 2.1423220993635787e-05 0.014253830169357842 5.532405964880663e-06 1.0082522353091948e-06 3.913376695563752e-10 0.007918794538532134 3.073558869378146e-06 0.13235090207923914 2.1642577523615116e-05
59650.44546822419 0.14009533703549676 2.1413565503950304e-05 0.01420432885532416 5.5598834751253425e-06 1.0047507336123036e-06 3.932813058138414e-10 0.00789129380851342 3.0888241528474123e-06 0.13220404322698334 2.1635194065207364e-05
59650.44578899699 0.14018634974638164 2.141814184349211e-05 0.014402907324247562 5.534116361201411e-06 1.018797286910428e-06 3.9145865534708335e-10 0.008001615180137533 3.0745090895563395e-06 0.1321847345662441 2.163768486159534e-05
59650.44610976979 0.14012328979798677 2.141206630816111e-05 0.01396783097233004 5.527331410242848e-06 9.880219304526225e-07 3.909787182432205e-10 0.007759906095738911 3.070739672357138e-06 0.13236338370224787 2.1631135562435836e-05
59650.44643054259 0.14003722206287245 2.1408841815767043e-05 0.014058120342244329 5.527995966535447e-06 9.944085969106278e-07 3.910257259849671e-10 0.007810066856802405 3.0711088702974702e-06 0.13222715520607004 2.162799615280517e-05
59650.446751315394 0.13993899184256064 2.140506918357314e-05 0.013994491330323077 5.526885492875924e-06 9.89907765012263e-07 3.909471760418176e-10 0.007774717405735042 3.0704919404866243e-06 0.1321642744368256 2.1624174146314717e-05
59650.447072088195 0.13992525411399748 2.1403685287357752e-05 0.013923496489609504 5.525247918037688e-06 9.848859073084467e-07 3.9083134131728953e-10 0.007735275827560836 3.0695821766876043e-06 0.13218997828643664 2.162267510322654e-05
59650.447392860995 0.1398314073528384 2.1396787439600195e-05 0.01385986029328487 5.5234640792977596e-06 9.803845672174992e-07 3.907051605381169e-10 0.007699922385158261 3.068591155165422e-06 0.13213148496768012 2.1615706428728904e-05
59650.447713633796 0.13991400936058523 2.1402618951299884e-05 0.014017420348740489 5.528440296422887e-06 9.915296612884303e-07 3.9105715589516693e-10 0.0077874557493002716 3.071355720234937e-06 0.13212655361128497 2.162187142535911e-05
59650.448034406596 0.1399489558016557 2.1404230068504734e-05 0.013937708803246214 5.52714263344337e-06 9.858912228498043e-07 3.90965365016208e-10 0.007743171557359007 3.0706347963574275e-06 0.1322057842442967 2.1623363819676235e-05
59650.4483551794 0.1401065057805524 2.1419099062262004e-05 0.013859225727750559 5.526392087799821e-06 9.80339680887943e-07 3.90912274772125e-10 0.00769956984875031 3.070217826555456e-06 0.13240693593180208 2.1638023064538315e-05
59650.4486759522 0.1403183823968151 2.1426706315501547e-05 0.014384367413063938 5.536718538954118e-06 1.0174858564618243e-06 3.916427217702598e-10 0.007991315229479965 3.075954743863399e-06 0.13232706716733514 2.1646367850451253e-05
59650.448996725 0.14006797019902728 2.1410863712688146e-05 0.013840133808024414 5.525738075498656e-06 9.789892038223743e-07 3.9086601286520353e-10 0.007688963226680229 3.0698544863881426e-06 0.13237900697234706 2.162981949741845e-05
59650.4493174978 0.13988521789977548 2.139989557018016e-05 0.013970583923779341 5.52637637990967e-06 9.882166619331774e-07 3.9091116366618586e-10 0.007761435513210745 3.070209099949817e-06 0.13212378238656475 2.161901279735111e-05
59650.4496382706 0.14030367044976894 2.1428697259382978e-05 0.014322596744707044 5.5350177811641494e-06 1.0131164754808956e-06 3.915224177661373e-10 0.007956998191503913 3.0750098784245272e-06 0.13234667225826502 2.1648204359408102e-05
59650.449959043406 0.1402126073229996 2.141971324858846e-05 0.014400737505838264 5.533863547288352e-06 1.0186438036546718e-06 3.9144077242088516e-10 0.008000409725465701 3.0743686373824174e-06 0.1322121975975339 2.1639220368818202e-05
59650.45027981621 0.1402135732453955 2.141888702412029e-05 0.01414034317974042 5.529727312165754e-06 1.0002246729206474e-06 3.911481936361955e-10 0.007855746210966899 3.072070728980974e-06 0.13235782703442858 2.1638076160229455e-05
59650.45060058901 0.14025966517379113 2.142450257549506e-05 0.014525221894475656 5.586542639408882e-06 1.0274492728944112e-06 3.9516705593580773e-10 0.008069567719153143 3.103634799671601e-06 0.13219009745463797 2.164813755446706e-05
59650.45092136181 0.14033148655920086 2.1427512338789615e-05 0.014233637154732989 5.532854972729676e-06 1.0068238717120959e-06 3.9136943036466744e-10 0.007907576197073881 3.0738083181831535e-06 0.13242391036212697 2.1646860802571654e-05
59650.45124213461 0.14012218818074015 2.141365359258832e-05 0.014039194661952192 5.528463143553671e-06 9.930698788795741e-07 3.9105877199907793e-10 0.007799552589973439 3.071368413085373e-06 0.1323226355907667 2.163279603084791e-05
59650.45156290741 0.14023015580387693 2.141995267612073e-05 0.014154057517808329 5.531017135958172e-06 1.001194763896088e-06 3.9123943000609816e-10 0.007863365287671294 3.0727872977545404e-06 0.13236679051620565 2.163923275960803e-05
59650.45188368021 0.14025136488400047 2.1422682244792062e-05 0.014335306391517751 5.535029878555737e-06 1.0140154990875071e-06 3.9152327348154607e-10 0.00796405910639875 3.0750165991976314e-06 0.13228730577760173 2.1642251307261683e-05
59650.45220445301 0.14024216203392467 2.1421955691141944e-05 0.014281412296193882 5.532150964536053e-06 1.010203271676725e-06 3.9131963197178197e-10 0.007934117942329934 3.0734172025200295e-06 0.13230804409159475 2.1641304926782827e-05
59650.45252522581 0.1396567123839605 2.139193900928338e-05 0.013777451413032856 5.521694791692525e-06 9.745553313744877e-07 3.9058000904117277e-10 0.007654139673907143 3.0676082176069585e-06 0.13200257271005333 2.1610767565119704e-05
59650.45284599861 0.13995574162659669 2.1404507586790135e-05 0.013924500733936506 5.525856698744853e-06 9.84956943063431e-07 3.9087440374342476e-10 0.007735833741075837 3.0699203881915848e-06 0.13221990788552085 2.1623537088616904e-05
59650.45316677141 0.14029224377817218 2.142508268587673e-05 0.014275262535112297 5.534762623930745e-06 1.0097682650656281e-06 3.91504369083932e-10 0.00793070140839572 3.0748681244059693e-06 0.13236154236977646 2.164460630455409e-05
59650.45348754421 0.1399650600355951 2.1404758102248465e-05 0.013911107988107659 5.5250514143819695e-06 9.84009600085549e-07 3.9081744152700366e-10 0.0077283933267264775 3.0694730079899833e-06 0.13223666670886863 2.162372155671984e-05
59650.45380831701 0.13994154317422863 2.1402428282034433e-05 0.01391697441949452 5.525390742297405e-06 9.844245652204504e-07 3.90841444067035e-10 0.007731652455274733 3.0696615234985584e-06 0.1322098907189539 2.1621442094283974e-05
59650.45412908981 0.14022266725789148 2.142117563351306e-05 0.014280155786545665 5.532198664443304e-06 1.0101143918004778e-06 3.913230060500149e-10 0.007933419881414258 3.0734437024685024e-06 0.13228924737647724 2.164053653942196e-05
59650.45444986261 0.14012538529894814 2.141513959983542e-05 0.014273767491049421 5.532078393005975e-06 1.0096625123310738e-06 3.913144985861199e-10 0.007929870828360788 3.0733768850033195e-06 0.13219551447058736 2.163455221532703e-05
59650.45477063541 0.14009405468335853 2.1412634030810585e-05 0.014095188694809722 5.529550121086642e-06 9.97030646485319e-07 3.911356599312567e-10 0.0078306603860054 3.071972289492579e-06 0.13226339429735312 2.163187254688872e-05
59650.45509140822 0.1403468082423105 2.1432988400916012e-05 0.014313926422550178 5.533990695520584e-06 1.012503175645578e-06 3.914497663185141e-10 0.00795218134586121 3.074439275289213e-06 0.1323946268964493 2.1652370970663726e-05
59650.45541218102 0.14015649982938633 2.1417820850817245e-05 0.014273605371138599 5.532024317496703e-06 1.0096510446932157e-06 3.913106735262973e-10 0.007929780761743666 3.073346843053724e-06 0.13222671906764266 2.1637202009858165e-05
59650.45573295382 0.1399658327759006 2.1404536828002783e-05 0.01392384265921521 5.525921164674883e-06 9.849103937990674e-07 3.908789637751693e-10 0.007735468144008451 3.069956202597157e-06 0.13223036463189217 2.162357111827721e-05
59650.45605372662 0.13960115568933873 2.138815093149742e-05 0.01378451947937677 5.522537022267927e-06 9.75055294795259e-07 3.9063958466752754e-10 0.007658066377431539 3.0680761234821813e-06 0.13194308931190718 2.1607084286594416e-05
59650.45637449942 0.13997797280889324 2.140586696517485e-05 0.013895439334781177 5.524136485929745e-06 9.829012695839922e-07 3.907527235777828e-10 0.007719688519322876 3.068964714405414e-06 0.13225828428957037 2.162474704936521e-05
59650.45669527222 0.14023931390040617 2.142182960947055e-05 0.014312010853342534 5.533128298041495e-06 1.0123676768419197e-06 3.913887641755332e-10 0.007951117140745851 3.073960165578608e-06 0.13228819675966033 2.1641257239743566e-05
59650.457016045024 0.13984804723973893 2.1398597214180023e-05 0.013838432841514542 5.5234332849296445e-06 9.788688850543388e-07 3.9070298228215915e-10 0.007688018245285856 3.068574047183136e-06 0.13216002899445306 2.1617495447386107e-05
59650.457336817824 0.14014695119321674 2.1416537758889972e-05 0.014278600776311538 5.532594266392297e-06 1.0100043973270024e-06 3.9135098916364995e-10 0.007932555986839743 3.0736634813290535e-06 0.132214395206377 2.1635976908252045e-05
59650.457657590625 0.14032901850895158 2.1425439452565906e-05 0.014226658280293016 5.53202712889213e-06 1.0063302173279451e-06 3.913108723918436e-10 0.007903699044607231 3.073348404940072e-06 0.13242531946434435 2.1644743614875996e-05
59650.457978363425 0.14021752465825132 2.142021903745434e-05 0.014305873107565276 5.533919754856014e-06 1.0119335201397454e-06 3.914447482929886e-10 0.007947707281980708 3.0743998638088968e-06 0.1322698173762706 2.1639725463487505e-05
59650.458299136226 0.14033285763209408 2.1429113777558394e-05 0.014305746576051983 5.5334798244953086e-06 1.0119245698660578e-06 3.9141362958564526e-10 0.007947636986695547 3.074155458052949e-06 0.13238522064539854 2.164849530733764e-05
59650.458619909026 0.1403111173272991 2.1429526374393208e-05 0.014258580852893036 5.532907123174672e-06 1.0085882774281687e-06 3.913731192540477e-10 0.007921433807162797 3.0738372906525958e-06 0.1323896835201363 2.164885854543423e-05
59650.45894068183 0.14026411713214382 2.1423487442670982e-05 0.014329156134304842 5.535328255247156e-06 1.0135804573822978e-06 3.915443793150317e-10 0.007960642296836023 3.0751823640261972e-06 0.1323034748353078 2.164307188867373e-05
59650.45926145463 0.13980198359023216 2.139624374398744e-05 0.013953854344987833 5.5431767574901e-06 9.870332863062823e-07 3.9209954728295724e-10 0.007752141302771019 3.0795426430500555e-06 0.13204984228746114 2.1616725682732002e-05
59650.45958222743 0.14006640591184755 2.1410727629102082e-05 0.014378960932788253 5.535117686994154e-06 1.017103426212667e-06 3.9152948465799905e-10 0.007988311629326807 3.0750653816634187e-06 0.13207809428252074 2.163042497754263e-05
59650.45990300023 0.14012918491369353 2.1420429278051174e-05 0.014089984490129633 5.529466331897427e-06 9.966625243076753e-07 3.9112973305852726e-10 0.00782776916118313 3.0719257399430154e-06 0.1323014157525104 2.1639582209638807e-05
59650.460223773036 0.1401478205459992 2.1410201318091646e-05 0.01397302891059117 5.510022841210449e-06 9.883896093717982e-07 3.8975438743461884e-10 0.007762793839217316 3.0611238006724715e-06 0.13238502670678187 2.162792637781664e-05
59650.46054454584 0.14030082478551775 2.142130881251715e-05 0.014311714074517281 5.548790865412819e-06 1.0123466840343446e-06 3.9249666418382484e-10 0.007950952263620711 3.0826615918960103e-06 0.13234987252189703 2.1641979431913704e-05
59650.46086531864 0.13997825253683072 2.140424494991145e-05 0.013946572612076744 5.509525041366308e-06 9.865182090675823e-07 3.8971917529867865e-10 0.007748095895598191 3.060847245203504e-06 0.13223015664123253 2.1621990836513638e-05
59650.46118609144 0.13985276220988557 2.1395247428095005e-05 0.013828056312666929 5.50571455934843e-06 9.78134895784013e-07 3.8944963883258623e-10 0.007682253507037182 3.058730310749128e-06 0.13217050870284838 2.161278426356265e-05
59650.46150686424 0.1398120870597243 2.1391496388423725e-05 0.013830182379609547 5.5059639916776025e-06 9.782852842565737e-07 3.89467282560655e-10 0.007683434655338636 3.0588688842653346e-06 0.13212865240438568 2.1609090600649347e-05
59650.46182763704 0.13983152421087194 2.1392432878627665e-05 0.013941925205467161 5.509145428763924e-06 9.861894722967054e-07 3.8969232319995453e-10 0.007745514003037311 3.0606363493132912e-06 0.13208601020783464 2.1610267914334792e-05
59650.46214840984 0.13978414010306112 2.139071267832882e-05 0.014007154377011381 5.598758324912905e-06 9.908034923345063e-07 3.960311389274616e-10 0.00778175243167299 3.11042129161828e-06 0.13200238767138814 2.1615672774590424e-05
59650.46246918264 0.13969202249858342 2.1386023879147166e-05 0.013934941558373076 5.512159561123552e-06 9.856954803163353e-07 3.8990552945069587e-10 0.007741634199096154 3.0623108672908622e-06 0.13195038829948727 2.1604160830899693e-05
