HATP14b/Results/ROEBA_Results/ApertureSweep_Results/HATP14b_WLP8_nrca3_level3_asn_phot.ecsv
# %ECSV 0.9
# ---
# datatype:
# - {name: MJD, datatype: float64}
# - {name: aperture_sum, unit: Jy, datatype: float64}
# - {name: aperture_sum_err, unit: Jy, datatype: float64}
# - {name: annulus_sum, unit: Jy, datatype: float64}
# - {name: annulus_sum_err, unit: Jy, datatype: float64}
# - {name: annulus_mean, unit: Jy, datatype: float64}
# - {name: annulus_mean_err, unit: Jy, datatype: float64}
# - {name: aperture_bkg, unit: Jy, datatype: float64}
# - {name: aperture_bkg_err, unit: Jy, datatype: float64}
# - {name: net_aperture_sum, unit: Jy, datatype: float64}
# - {name: net_aperture_sum_err, unit: Jy, datatype: float64}
# meta: !!omap
# - {instrument: NIRCAM}
# - {detector: NRCA3}
# - {channel: SHORT}
# - {subarray: SUBGRISM128}
# - {filter: F210M}
# - {pupil: WLP8}
# - {target_name: UNKNOWN}
# - {xcenter: 1051.8}
# - {ycenter: 56.2973}
# - ra_icrs: !numpy.ndarray
#     buffer: !!binary |
#       ZllmeEdOeEJjRUE9
#     dtype: float64
#     order: C
#     shape: !!python/tuple []
# - dec_icrs: !numpy.ndarray
#     buffer: !!binary |
#       ZXo0UCtmd2VRMEE9
#     dtype: float64
#     order: C
#     shape: !!python/tuple []
# - {apertures: Photometry measured in a circular aperture of r=57.0 pixels.  Background calculated as the mean in a circular annulus
#     with r_inner=80.0 pixels and r_outer=100.0 pixels.}
# - {number_of_integrations: 669}
# - __serialized_columns__:
#     annulus_mean:
#       __class__: astropy.units.quantity.Quantity
#       unit: &id001 !astropy.units.Unit {unit: Jy}
#       value: !astropy.table.SerializedColumn {name: annulus_mean}
#     annulus_mean_err:
#       __class__: astropy.units.quantity.Quantity
#       unit: *id001
#       value: !astropy.table.SerializedColumn {name: annulus_mean_err}
#     annulus_sum:
#       __class__: astropy.units.quantity.Quantity
#       unit: *id001
#       value: !astropy.table.SerializedColumn {name: annulus_sum}
#     annulus_sum_err:
#       __class__: astropy.units.quantity.Quantity
#       unit: *id001
#       value: !astropy.table.SerializedColumn {name: annulus_sum_err}
#     aperture_bkg:
#       __class__: astropy.units.quantity.Quantity
#       unit: *id001
#       value: !astropy.table.SerializedColumn {name: aperture_bkg}
#     aperture_bkg_err:
#       __class__: astropy.units.quantity.Quantity
#       unit: *id001
#       value: !astropy.table.SerializedColumn {name: aperture_bkg_err}
#     aperture_sum:
#       __class__: astropy.units.quantity.Quantity
#       unit: *id001
#       value: !astropy.table.SerializedColumn {name: aperture_sum}
#     aperture_sum_err:
#       __class__: astropy.units.quantity.Quantity
#       unit: *id001
#       value: !astropy.table.SerializedColumn {name: aperture_sum_err}
#     net_aperture_sum:
#       __class__: astropy.units.quantity.Quantity
#       unit: *id001
#       value: !astropy.table.SerializedColumn {name: net_aperture_sum}
#     net_aperture_sum_err:
#       __class__: astropy.units.quantity.Quantity
#       unit: *id001
#       value: !astropy.table.SerializedColumn {name: net_aperture_sum_err}
# schema: astropy-2.0
MJD aperture_sum aperture_sum_err annulus_sum annulus_sum_err annulus_mean annulus_mean_err aperture_bkg aperture_bkg_err net_aperture_sum net_aperture_sum_err
[from data line 135]
59650.46246918264 0.1671569672455941 2.3155334117796812e-05 0.0011410087864178863 1.6546638571648393e-06 1.0088732692760625e-07 1.4630440667960334e-10 0.0010297604297421425 1.4933341310912674e-06 0.16612720681585194 2.3203438213633066e-05
59650.46278995544 0.1671873634883141 2.315792087036831e-05 0.0011387268869755512 1.6511096219995963e-06 1.0068556271878056e-07 1.45990143293237e-10 0.001027701015495435 1.4901264338546357e-06 0.16615966247281866 2.3205813405849677e-05
59650.46311072824 0.16719092152824835 2.31571099567834e-05 0.0011256228855185072 1.6502625716202113e-06 9.952691460424058e-08 1.4591524759605534e-10 0.0010158746541804528 1.4893619708872407e-06 0.1661750468740679 2.320495508788763e-05
59650.46343150104 0.1671475555576646 2.315503424782328e-05 0.00113766576198232 1.6506815095426837e-06 1.0059173866994106e-07 1.4595228984117208e-10 0.0010267433501890439 1.4897400623622721e-06 0.16612081220747557 2.3202907931362314e-05
59650.46375227384 0.16718030809919593 2.3156167496963283e-05 0.0011346140968209839 1.65035677510413e-06 1.0032191222822551e-07 1.4592357701278986e-10 0.001023989222380938 1.4894469895314774e-06 0.16615631887681498 2.3204020028478754e-05
59650.46407304664 0.16714975152065903 2.316630933257127e-05 0.0011441466736455944 1.6507267753123825e-06 1.011647770738033e-07 1.459562922139501e-10 0.001032592372965149 1.4897809147194254e-06 0.16611715914769387 2.32141623856266e-05
59650.46439381944 0.16715685801313945 2.315552077129521e-05 0.0011370540228243858 1.6505221301881425e-06 1.005376490527921e-07 1.459381976122265e-10 0.0010261912555990082 1.4895962224947985e-06 0.16613066675754046 2.3203384216444692e-05
59650.46471459224 0.16715877978464175 2.3156528078405887e-05 0.001138727941217619 1.651177138923686e-06 1.0068565593424517e-07 1.45996113100021e-10 0.0010277019669489012 1.4901873678786266e-06 0.16613107781769285 2.3204427401627155e-05
59650.46503536504 0.1671727438469791 2.3157974832621572e-05 0.0011369339424886235 1.653399694336423e-06 1.0052703162001171e-07 1.4619263014459476e-10 0.0010260828830959826 1.4921932241386219e-06 0.16614666096388314 2.3206000063916647e-05
59650.46535613784 0.16715793743321827 2.3155102888842575e-05 0.0011431590441109622 1.6506723684066142e-06 1.010774514502587e-07 1.4595148158728822e-10 0.0010317010373101434 1.4897318124869695e-06 0.16612623639590812 2.3202975901078324e-05
59650.46567691065 0.1672178614427871 2.3157925004050866e-05 0.0011350595261214035 1.6503896390299465e-06 1.0036129682542537e-07 1.459264828218138e-10 0.0010243912223245667 1.4894766492245268e-06 0.16619347022046255 2.3205775815124764e-05
59650.46599768345 0.16716826628183934 2.3155821032029538e-05 0.0011377482360004523 1.6505670441446826e-06 1.0059903097419794e-07 1.459421688778916e-10 0.0010268177829904082 1.489636757340576e-06 0.16614144849884893 2.3203686460047715e-05
59650.46631845625 0.16718495725590218 2.3157484135607948e-05 0.001135889147141144 1.6504867681871547e-06 1.004346514288613e-07 1.459350709248627e-10 0.0010251399552948827 1.4895643082889073e-06 0.1661598173006073 2.3205341482500574e-05
59650.46663922905 0.16718911885694887 2.3156534766805304e-05 0.001146466371832721 1.650614297752506e-06 1.0136988342544912e-07 1.4594634701414938e-10 0.0010346859005790307 1.4896794037216367e-06 0.16615443295636984 2.320440146032936e-05
59650.46696000185 0.16715992109903816 2.3155883598467066e-05 0.0011397874439830879 1.6512292827057033e-06 1.0077933654665845e-07 1.4600072362260964e-10 0.0010286581681947368 1.4902344276418972e-06 0.16613126293084343 2.320378727438875e-05
59650.467280774654 0.1671750936009513 2.315549503450808e-05 0.001142277656302819 1.6516381504114559e-06 1.009995196577882e-07 1.4603687546507698e-10 0.0010309055848132943 1.490603430746339e-06 0.166144188016138 2.3203423214708668e-05
59650.467601547454 0.16716458073447554 2.3156708389002226e-05 0.0011384441037895795 1.65053635730058e-06 1.0066055919551907e-07 1.4593945556515447e-10 0.0010274458036700956 1.4896090624637736e-06 0.16613713493080545 2.3204570208738198e-05
59650.467922320255 0.1672108930923608 2.3158444951125608e-05 0.001144359029599422 1.650644245656582e-06 1.0118355346255144e-07 1.4594899499024324e-10 0.0010327840242134784 1.4897064317050654e-06 0.16617810906814734 2.3206309439611e-05
59650.468243093055 0.16720011837518484 2.315699044171072e-05 0.001137214051271279 1.6509725182873403e-06 1.0055179867410231e-07 1.4597802066350265e-10 0.0010263356812723293 1.4900026977543246e-06 0.1661737826939125 2.3204876951985693e-05
59650.468563865856 0.16716138158738525 2.3155603297883047e-05 0.0011387686860254683 1.6503910757814824e-06 1.0068925856623102e-07 1.4592660985854098e-10 0.0010277387391379852 1.4894779458927878e-06 0.16613364284824728 2.3203458980079527e-05
59650.468884638656 0.16715071984385155 2.3155247625286288e-05 0.001144816232168488 1.6512360031186477e-06 1.012239790452521e-07 1.4600131783757617e-10 0.0010331966495320606 1.4902404928145796e-06 0.1661175231943195 2.32031530037353e-05
59650.46920541146 0.16715297546955407 2.3155225911720203e-05 0.0011335469412792104 1.6506034640324255e-06 1.0022755496182488e-07 1.459453891029811e-10 0.0010230261145044875 1.4896696262892641e-06 0.16612994935504957 2.320309467761332e-05
59650.46952618426 0.1671877934437504 2.3157518335154382e-05 0.0011345131974203739 1.6505637465102966e-06 1.0031299076246879e-07 1.4594187730299546e-10 0.0010238981606718873 1.4896337812255428e-06 0.1661638952830785 2.3205380071120998e-05
59650.46984695706 0.16718448592007573 2.3156867166548532e-05 0.001146158095875064 1.6508567300873533e-06 1.0134262584628385e-07 1.459677827388473e-10 0.0010344076815272452 1.4898981989038364e-06 0.1661500782385485 2.3204747221468938e-05
59650.47016772986 0.16717332189340844 2.3156660717318757e-05 0.0011295085582149079 1.6506049841188112e-06 9.987048350250134e-08 1.459455235081268e-10 0.0010193814737889544 1.4896709981672273e-06 0.16615394041961948 2.3204526611413432e-05
59650.47048850266 0.16715353045707884 2.315530966072902e-05 0.0011356204096673174 1.6503910395033103e-06 1.0041088981922043e-07 1.459266066508463e-10 0.001024897419724754 1.4894779131517376e-06 0.1661286330373541 2.320316594643967e-05
59650.470809275466 0.1671382748959217 2.315554143825279e-05 0.0011306743172893425 1.6509543452122921e-06 9.997355923536274e-08 1.4597641381087762e-10 0.0010204335713536316 1.4899862965540938e-06 0.16611784132456808 2.3203429885742348e-05
59650.47113004827 0.16713280930372548 2.3154545600739554e-05 0.001137911993627313 1.6505481568827245e-06 1.006135103274112e-07 1.459404988772793e-10 0.0010269655742486498 1.4896197115866588e-06 0.16610584372947684 2.3202412565547466e-05
59650.47145082107 0.16719199142588465 2.3157484987504525e-05 0.0011359830128237858 1.6503674995668904e-06 1.0044295097740525e-07 1.4592452526349003e-10 0.0010252246690734667 1.4894566683591187e-06 0.1661667667568112 2.3205335423419694e-05
59650.47177159387 0.16719976091248004 2.315926638723776e-05 0.0011411356918250744 1.650407178448255e-06 1.0089854782919463e-07 1.45928033646882e-10 0.0010298749618721295 1.4894924785495502e-06 0.16616988595060792 2.3207115448471756e-05
59650.47209236667 0.16718502929841944 2.3157289777457152e-05 0.0011345621091369338 1.6505416465158371e-06 1.0031731550772747e-07 1.4593992323446184e-10 0.0010239423034960828 1.4896138359805431e-06 0.16616108699492335 2.32051507044765e-05
59650.47241313947 0.16713195469838843 2.31540663486855e-05 0.0011387281834887956 1.6532154362450115e-06 1.0068567735572035e-07 1.461763381523432e-10 0.0010277021855986382 1.492026931211123e-06 0.1661042525127898 2.320208897583986e-05
59650.47273391227 0.16715418263708404 2.315479202903122e-05 0.0011440563020618621 1.6515066972075928e-06 1.0115678647143327e-07 1.4602525244997693e-10 0.0010325108126108306 1.4904847942298526e-06 0.1661216718244732 2.3202714040161727e-05
59650.47305468507 0.16715842001264702 2.3155750178947348e-05 0.0011338864900612357 1.650955735105601e-06 1.0025757766575829e-07 1.4597653670442788e-10 0.0010233325572802652 1.489987550932805e-06 0.16613508745536676 2.3203638276178907e-05
59650.47337545787 0.16713976034501593 2.315462126872389e-05 0.0011346456150066462 1.6506697857143259e-06 1.0032469904769521e-07 1.4595125322715258e-10 0.0010240176675434982 1.4897294816071793e-06 0.16611574267747242 2.320249512501641e-05
59650.47369623067 0.16713094299828352 2.3155621455771346e-05 0.0011449096026012848 1.650691146303898e-06 1.0123223480409555e-07 1.459531419179402e-10 0.0010332809163476596 1.489748759539268e-06 0.16609766208193585 2.3203494486165808e-05
59650.47401700347 0.16717876877057875 2.3156567864385167e-05 0.0011436901485944338 1.65044800904487e-06 1.0112441139683803e-07 1.4593164386426015e-10 0.0010321803591064765 1.4895293281629954e-06 0.16614658841147226 2.320442485556006e-05
59650.47433777627 0.16717652326918375 2.3158013544367892e-05 0.001144263975792101 1.650947242715024e-06 1.0117514886072097e-07 1.4597578581223955e-10 0.0010326982381523712 1.4899798865503093e-06 0.1661438250310314 2.320589647877132e-05
59650.47465854907 0.16716002198676533 2.3155346901079667e-05 0.0011369434318913181 1.6507576662124713e-06 1.0052787066742607e-07 1.4595902356919768e-10 0.0010260914472819147 1.4898087937567553e-06 0.16613393053948342 2.3203224352475126e-05
59650.47497932187 0.16714765219232677 2.3155480968201177e-05 0.00113772659154634 1.653350589163745e-06 1.0059711718427435e-07 1.461882882940597e-10 0.001026798248870572 1.4921489067202798e-06 0.16612085394345621 2.320350851118325e-05
59650.47530009467 0.167159881203772 2.3155469360386255e-05 0.0011384613308143311 1.6512168040757666e-06 1.006620823989324e-07 1.4599962026947774e-10 0.0010274613510599339 1.4902231656783794e-06 0.16613241985271207 2.3203373168212227e-05
59650.47562086747 0.1671756186042986 2.315602779192331e-05 0.0011335190442566553 1.6507043496557934e-06 1.0022508832347089e-07 1.4595430935056216e-10 0.0010230009374416315 1.4897606755643536e-06 0.166152617666857 2.3203900749028874e-05
59650.47594164028 0.1671906193175547 2.3157043667093398e-05 0.001138573918515563 1.650586133197542e-06 1.0067203733736706e-07 1.4594385672073688e-10 0.0010275629614602956 1.4896539852107818e-06 0.1661630563560944 2.3204907679095057e-05
59650.47626241308 0.16713856493046514 2.3153677935093808e-05 0.0011368205900705185 1.6510938415285813e-06 1.0051700906576014e-07 1.459887479932557e-10 0.0010259805825386429 1.4901121919795447e-06 0.1661125843479265 2.3201578314130617e-05
59650.47658318588 0.1671863472569193 2.3156785374135968e-05 0.0011460592508845185 1.650945198048215e-06 1.0133388603025875e-07 1.4597560502400086e-10 0.001034318473923278 1.489978041238514e-06 0.16615202878299604 2.3204670724385866e-05
59650.47690395868 0.16718829407914776 2.3157313132319887e-05 0.0011371357042053742 1.6507113632052837e-06 1.0054487127253814e-07 1.4595492948448994e-10 0.0010262649730453503 1.4897670052927684e-06 0.16616202910610242 2.3205183844097727e-05
59650.47722473148 0.16715904949571392 2.3154896478467417e-05 0.0011343170251525998 1.650591686286712e-06 1.002956453257389e-07 1.4594434772162068e-10 0.0010237211152002213 1.4896589968737577e-06 0.1661353283805137 2.3202765241572172e-05
59650.47754550428 0.1671318963993479 2.3153764283690385e-05 0.0011421060440613717 1.650425763166155e-06 1.0098434580416519e-07 1.459296768967263e-10 0.001030750704765388 1.489509251257455e-06 0.1661011456945825 2.3201625768774872e-05
59650.477866277084 0.1671761859900506 2.3156568878204505e-05 0.0011355408740876577 1.6503709451125818e-06 1.0040385732996792e-07 1.4592482991661695e-10 0.0010248256388641112 1.4894597779641052e-06 0.1661513603511865 2.3204421402853432e-05
59650.478187049885 0.16715626822420354 2.3156085761967484e-05 0.001137739353305156 1.650420219468371e-06 1.0059824557149551e-07 1.4592918672622334e-10 0.0010268097663579034 1.4895042480702049e-06 0.16612945845784563 2.3203942137503542e-05
59650.478507822685 0.16717783861963878 2.3157351655694878e-05 0.0011360377429462303 1.6505515897788412e-06 1.0044779018269584e-07 1.4594080241193827e-10 0.0010252740630089729 1.4896228097754044e-06 0.1661525645566298 2.3205213031147067e-05
59650.478828595486 0.16718821827672928 2.315681364315774e-05 0.001143868606641249 1.6504468280025622e-06 1.0114019055255201e-07 1.4593153943719276e-10 0.0010323414174937273 1.4895282622723125e-06 0.16615587685923555 2.3204670059021408e-05
59650.479149368286 0.1671423003706167 2.3154080719864694e-05 0.001137493374153734 1.650390104225959e-06 1.0057649623935865e-07 1.4592652395417207e-10 0.0010265877701737451 1.489477069063928e-06 0.16611571260044294 2.3201939486199794e-05
59650.47947014109 0.16714876139133894 2.315545059051494e-05 0.001134139253738003 1.6505017936813653e-06 1.002799268816425e-07 1.4593639947023828e-10 0.0010235606764985477 1.4895778687974325e-06 0.16612520071484038 2.3203313002176862e-05
59650.47979091389 0.16714542652570338 2.315307444007663e-05 0.0011399414920887055 1.6509583616145436e-06 1.0079295738970456e-07 1.4597676893880635e-10 0.001028797196610057 1.4899899213571255e-06 0.16611662932909332 2.3200968212414663e-05
59650.48011168669 0.16718905831947242 2.315722063800608e-05 0.0011417793162915562 1.6504537314361435e-06 1.0095545672660323e-07 1.4593214983473652e-10 0.0010304558329531294 1.4895344926211196e-06 0.16615860248651929 2.320507661443941e-05
59650.48043245949 0.16715442327715496 2.315521494732358e-05 0.001125491534651437 1.6508500175157967e-06 9.951530063769968e-08 1.459671892172117e-10 0.001015756110022922 1.4898921408080065e-06 0.16613866716713205 2.3203098022634797e-05
59650.48075323229 0.1671907287184637 2.315682360327008e-05 0.001136605548709535 1.6503933017511842e-06 1.0049799523488807e-07 1.45926806677475e-10 0.0010257865077103554 1.4894799548304438e-06 0.16616494221075334 2.3204676897746456e-05
59650.481074005096 0.1671552684821464 2.315487513430494e-05 0.001134280865650658 1.6509025160382526e-06 1.0029244812380904e-07 1.4597183110574164e-10 0.001023688481249719 1.489939520724523e-06 0.16613158000089667 2.3202761953281986e-05
59650.4813947779 0.1671605123096555 2.3156225643634528e-05 0.0011384920680063597 1.651143971054318e-06 1.0066480016340357e-07 1.459931804164867e-10 0.0010274890913757398 1.490157433876522e-06 0.16613302321827977 2.320412366879333e-05
59650.4817155507 0.16714087564937768 2.3155039345465983e-05 0.0011414250147277574 1.6504723220921429e-06 1.0092412959036779e-07 1.459337936096241e-10 0.001030136075791801 1.489551270688159e-06 0.16611073957358588 2.3202900897906848e-05
59650.4820363235 0.16714173467106172 2.3156287851335866e-05 0.0011426279863363717 1.650809790520979e-06 1.0103049563365123e-07 1.4596363236995005e-10 0.0010312217576685756 1.4898558359451836e-06 0.16611051291339315 2.32041663816183e-05
59650.4823570963 0.16715916699433325 2.315548725980347e-05 0.001134038143002058 1.6503485396002176e-06 1.0027098672973957e-07 1.4592284883436958e-10 0.0010234694240593574 1.4894395569891964e-06 0.16613569757027388 2.320334071707876e-05
59650.4826778691 0.16716582369122177 2.315602627815306e-05 0.0011352607815175483 1.6505912276134877e-06 1.0037909170938113e-07 1.4594430716600352e-10 0.0010245728553195874 1.489658582921173e-06 0.16614125083590217 2.3203892683948223e-05
59650.4829986419 0.16716236761797426 2.3154845541949014e-05 0.0011484474524630132 1.6505230066068558e-06 1.0154504941154613e-07 1.4593827510465454e-10 0.0010364738258478695 1.4895970134626877e-06 0.1661258937921264 2.3202710430767202e-05
59650.4833194147 0.1671675346360746 2.3157075216122805e-05 0.001136843497612446 1.6511668268421764e-06 1.0051903453716673e-07 1.459952013118289e-10 0.0010260012565952326 1.4901780612250644e-06 0.16614153337947934 2.3204972812294468e-05
59650.4836401875 0.16717603950813995 2.315653662446686e-05 0.0011362410979210524 1.6507413173992458e-06 1.0046577071016544e-07 1.4595757801673184e-10 0.00102545759087375 1.4897940389528194e-06 0.1661505819172662 2.3204410673808857e-05
