HATP14b/Results/ROEBA_Results/ApertureSweep_Results/HATP14b_WLP8_nrca3_level3_asn_phot.ecsv
# %ECSV 0.9
# ---
# datatype:
# - {name: MJD, datatype: float64}
# - {name: aperture_sum, unit: Jy, datatype: float64}
# - {name: aperture_sum_err, unit: Jy, datatype: float64}
# - {name: annulus_sum, unit: Jy, datatype: float64}
# - {name: annulus_sum_err, unit: Jy, datatype: float64}
# - {name: annulus_mean, unit: Jy, datatype: float64}
# - {name: annulus_mean_err, unit: Jy, datatype: float64}
# - {name: aperture_bkg, unit: Jy, datatype: float64}
# - {name: aperture_bkg_err, unit: Jy, datatype: float64}
# - {name: net_aperture_sum, unit: Jy, datatype: float64}
# - {name: net_aperture_sum_err, unit: Jy, datatype: float64}
# meta: !!omap
# - {instrument: NIRCAM}
# - {detector: NRCA3}
# - {channel: SHORT}
# - {subarray: SUBGRISM128}
# - {filter: F210M}
# - {pupil: WLP8}
# - {target_name: UNKNOWN}
# - {xcenter: 1051.8}
# - {ycenter: 56.2973}
# - ra_icrs: !numpy.ndarray
#     buffer: !!binary |
#       ZllmeEdOeEJjRUE9
#     dtype: float64
#     order: C
#     shape: !!python/tuple []
# - dec_icrs: !numpy.ndarray
#     buffer: !!binary |
#       ZXo0UCtmd2VRMEE9
#     dtype: float64
#     order: C
#     shape: !!python/tuple []
# - {apertures: Photometry measured in a circular aperture of r=57.0 pixels.  Background calculated as the mean in a circular annulus
#     with r_inner=80.0 pixels and r_outer=100.0 pixels.}
# - {number_of_integrations: 669}
# - __serialized_columns__:
#     annulus_mean:
#       __class__: astropy.units.quantity.Quantity
#       unit: &id001 !astropy.units.Unit {unit: Jy}
#       value: !astropy.table.SerializedColumn {name: annulus_mean}
#     annulus_mean_err:
#       __class__: astropy.units.quantity.Quantity
#       unit: *id001
#       value: !astropy.table.SerializedColumn {name: annulus_mean_err}
#     annulus_sum:
#       __class__: astropy.units.quantity.Quantity
#       unit: *id001
#       value: !astropy.table.SerializedColumn {name: annulus_sum}
#     annulus_sum_err:
#       __class__: astropy.units.quantity.Quantity
#       unit: *id001
#       value: !astropy.table.SerializedColumn {name: annulus_sum_err}
#     aperture_bkg:
#       __class__: astropy.units.quantity.Quantity
#       unit: *id001
#       value: !astropy.table.SerializedColumn {name: aperture_bkg}
#     aperture_bkg_err:
#       __class__: astropy.units.quantity.Quantity
#       unit: *id001
#       value: !astropy.table.SerializedColumn {name: aperture_bkg_err}
#     aperture_sum:
#       __class__: astropy.units.quantity.Quantity
#       unit: *id001
#       value: !astropy.table.SerializedColumn {name: aperture_sum}
#     aperture_sum_err:
#       __class__: astropy.units.quantity.Quantity
#       unit: *id001
#       value: !astropy.table.SerializedColumn {name: aperture_sum_err}
#     net_aperture_sum:
#       __class__: astropy.units.quantity.Quantity
#       unit: *id001
#       value: !astropy.table.SerializedColumn {name: net_aperture_sum}
#     net_aperture_sum_err:
#       __class__: astropy.units.quantity.Quantity
#       unit: *id001
#       value: !astropy.table.SerializedColumn {name: net_aperture_sum_err}
# schema: astropy-2.0
MJD aperture_sum aperture_sum_err annulus_sum annulus_sum_err annulus_mean annulus_mean_err aperture_bkg aperture_bkg_err net_aperture_sum net_aperture_sum_err
[from data line 608]
59650.61419471748 0.1671534803187637 2.3156257652907768e-05 0.0011343097986935198 1.6503592663038413e-06 1.0029500636647023e-07 1.4592379728320556e-10 0.0010237145933209017 1.4894492378392168e-06 0.1661297657254428 2.320411014281628e-05
59650.61451549028 0.16716150522160012 2.315654177976918e-05 0.0011439836177127164 1.650695795755438e-06 1.0115035976395996e-07 1.4595355301971536e-10 0.0010324452149857266 1.489752955669283e-06 0.1661290600066144 2.3204413180839566e-05
59650.61483626308 0.16717369578956104 2.315846600082639e-05 0.0011334215943956398 1.650223036765862e-06 1.0021647186397963e-07 1.459117519474475e-10 0.001022912988942065 1.4893262906811906e-06 0.16615078280061898 2.3206306046235495e-05
59650.61515703588 0.16714397345069007 2.3155739199844406e-05 0.0011372488539124117 1.6507833954716846e-06 1.0055487590319615e-07 1.4596129853518986e-10 0.0010263670906559515 1.4898320144131954e-06 0.16611760636003411 2.3203617332700117e-05
59650.61547780868 0.16716548855261937 2.315677241685784e-05 0.0011394202201947816 1.6504407171366843e-06 1.0074686683491962e-07 1.4593099911801995e-10 0.0010283267487257903 1.4895227472158576e-06 0.16613716180389357 2.3204628563728868e-05
59650.61579858148 0.16712887380602426 2.315605453448317e-05 0.001127684017510028 1.6496692855257588e-06 9.970915868469356e-08 1.4586278958794432e-10 0.0010177348258028002 1.4888265301869973e-06 0.16611113898022145 2.320386748024879e-05
59650.61611935428 0.16712803762587958 2.3154810688808952e-05 0.0011370399140795914 1.6497465570145921e-06 1.0053640156586164e-07 1.4586962188761538e-10 0.0010261785224568313 1.4888962677056695e-06 0.16610185910342273 2.320263067263213e-05
59650.61644012708 0.167161851227506 2.315724838608024e-05 0.0011328647067459494 1.6496971549531915e-06 1.0016723218498238e-07 1.458652537863538e-10 0.0010224103978382195 1.4888516823452554e-06 0.16613944082966778 2.3205060485735397e-05
59650.61676089989 0.16714237417683558 2.3154927512321598e-05 0.0011481028711745078 1.6500536733124705e-06 1.0151458173634469e-07 1.4589677693034395e-10 0.0010361628412349933 1.4891734401645047e-06 0.16610621133560058 2.320276504289433e-05
59650.61708167269 0.1671389280642678 2.3155508074589007e-05 0.0011347436522982529 1.6503344111817683e-06 1.0033336744745439e-07 1.4592159960790607e-10 0.001024106146199173 1.4894268060915458e-06 0.16611482191806864 2.3203360670451615e-05
59650.61740244549 0.1671569128579224 2.3157626065998298e-05 0.0011248239725002692 1.6537639494447456e-06 9.945627518426666e-08 1.4622483736739253e-10 0.0010151536351814929 1.4925219643738828e-06 0.1661417592227409 2.320567316038779e-05
59650.61772321829 0.1671450580017137 2.3155924529733008e-05 0.0011409335042455798 1.6498058511878327e-06 1.0088067052213444e-07 1.458748646435975e-10 0.001029692487581636 1.4889497806970192e-06 0.16611536551413206 2.3203745651858205e-05
59650.61804399109 0.1671812752334828 2.315839507241026e-05 0.0011391961567264062 1.6497485810913146e-06 1.0072705527460948e-07 1.4586980085529071e-10 0.0010281245314455816 1.4888980944349115e-06 0.16615315070203723 2.320620778725916e-05
59650.61836476389 0.16715737544064413 2.3155458651752233e-05 0.001132774684647275 1.6498220904613803e-06 1.0015927248387597e-07 1.4587630051062932e-10 0.0010223291528941659 1.4889644366413956e-06 0.16613504628774997 2.3203281674508677e-05
59650.61868553669 0.1671782082932519 2.3157676894028688e-05 0.0011343227880360632 1.6497075432897645e-06 1.0029615487651094e-07 1.4586617231697385e-10 0.001023726316202547 1.4888610578190124e-06 0.16615448197704935 2.3205488712322352e-05
59650.61900630949 0.16716352879809734 2.3156892022976084e-05 0.0011349440116341799 1.649693135649968e-06 1.0035108310229183e-07 1.458648984019228e-10 0.0010242869704998473 1.488848054924096e-06 0.16613924182759748 2.3204704624158107e-05
59650.61932708229 0.16716732208697038 2.3157788488464596e-05 0.0011416327237253616 1.6505646406702286e-06 1.0094249509797523e-07 1.4594195636409162e-10 0.0010303235331621389 1.4896345882048814e-06 0.16613699855380826 2.320564971904126e-05
59650.61964785509 0.16717701580440888 2.315877329687003e-05 0.001135122473315619 1.6504670492812132e-06 1.0036686257937713e-07 1.4593332739077772e-10 0.0010244480321673461 1.4895465119762948e-06 0.16615256777224155 2.3206626842933488e-05
59650.61996862789 0.16710535997606013 2.3152647610818915e-05 0.0011260675874923086 1.6496262554606844e-06 9.956623489164793e-08 1.4585898489485645e-10 0.0010162759977118086 1.4887876955532677e-06 0.16608908397834832 2.3200465085708726e-05
59650.62028940069 0.16716837189302933 2.3156989823095473e-05 0.0011472444153440614 1.6510691691051615e-06 1.0143867757587713e-07 1.4598656647206383e-10 0.0010353880848480155 1.4900899251174082e-06 0.1661329838081813 2.320488193574541e-05
59650.62061017349 0.16712965663814158 2.3154666652618544e-05 0.0011473912638360797 1.6498522842514358e-06 1.0145166183331619e-07 1.4587897022781713e-10 0.001035520615612062 1.488991686536921e-06 0.1660941360225295 2.3202493056489882e-05
59650.620930946294 0.16716430902175608 2.3158021792370684e-05 0.0011375757354625843 1.6499929000026141e-06 1.00583778577927e-07 1.4589140338997077e-10 0.0010266621012549825 1.4891185922523592e-06 0.1661376469205011 2.3205849424610753e-05
59650.621251719094 0.1671601169911814 2.3155551355223753e-05 0.0011378904773166288 1.6503494921774916e-06 1.0061160786785428e-07 1.459229330606928e-10 0.0010269461557782576 1.4894404166901861e-06 0.16613317083540316 2.320340473549679e-05
59650.621572491895 0.16716370303458267 2.315712536745141e-05 0.0011371458100207783 1.6515444494113812e-06 1.0054576482280234e-07 1.460285904776689e-10 0.0010262740935437524 1.4905188655937717e-06 0.16613742894103892 2.3205044748341956e-05
59650.6218932647 0.16713225356526498 2.3155300237552625e-05 0.0011409641688958439 1.6498058743539202e-06 1.008833818725054e-07 1.4587486669192933e-10 0.0010297201624284993 1.488949801604413e-06 0.16610253340283648 2.3203122647671852e-05
59650.6222140375 0.16716976118761595 2.3156304537701253e-05 0.0011436479242727937 1.6497888797328358e-06 1.0112067794711151e-07 1.458733640375118e-10 0.0010321422516561963 1.4889344639588843e-06 0.16613761893595974 2.3204123893841116e-05
59650.6225348103 0.1671622897122776 2.3156985527573934e-05 0.0011366755156038341 1.649747292275359e-06 1.0050418166659945e-07 1.4586968689894067e-10 0.0010258496528324603 1.4888969312785117e-06 0.16613644005944514 2.3204801072110898e-05
59650.622855583104 0.16714673491309706 2.3154695987836393e-05 0.0011430239013776656 1.6497971627969663e-06 1.0106550220913253e-07 1.4587409642117865e-10 0.0010315790709933433 1.4889419394242621e-06 0.1661151558421037 2.320251913883713e-05
59650.623176355904 0.1671273165005751 2.3155337143447716e-05 0.0011349900965899684 1.6518891681999444e-06 1.003551579070229e-07 1.460590703105447e-10 0.0010243285621724465 1.4908299743004497e-06 0.16610298793840267 2.3203280204294437e-05
59650.623497128705 0.16717309439348993 2.315852725884402e-05 0.0011347942450640122 1.6501927422736092e-06 1.0033784083009623e-07 1.4590907332623056e-10 0.0010241518061702712 1.4892989499019325e-06 0.16614894258731966 2.3206365423322984e-05
59650.623817901505 0.16717511213724412 2.3157414375086868e-05 0.0011427304029193897 1.6546523468290334e-06 1.0103955124778561e-07 1.4630338894246994e-10 0.0010313141886347493 1.4933237430132027e-06 0.16614379794860937 2.3205513490136925e-05
59650.624138674306 0.16715057862543617 2.3156283327772776e-05 0.0011355925165369121 1.6510990471002842e-06 1.0040842352500803e-07 1.459892082668491e-10 0.0010248722461745632 1.4901168900080066e-06 0.1661257063792616 2.3204178630194485e-05
59650.624459447106 0.1671798036410938 2.3157674859577443e-05 0.0011347645434028105 1.6501110330899837e-06 1.0033521462665272e-07 1.4590184864819167e-10 0.0010241250004210365 1.4892252073637104e-06 0.16615567864067277 2.3205510048696467e-05
59650.62478021991 0.1671623040574572 2.3158082639936358e-05 0.0011315850475900216 1.651250429935692e-06 1.0005408547379421e-07 1.460025934482682e-10 0.0010212555054499946 1.490253513016962e-06 0.1661410485520072 2.3205983002044563e-05
59650.62510099271 0.16716467477969227 2.3157126290768952e-05 0.0011387982573425022 1.650368796247784e-06 1.0069187324471974e-07 1.4592463991525327e-10 0.0010277654272516084 1.489457838613625e-06 0.16613690935244066 2.3204977541459292e-05
59650.62542176551 0.16714943014931183 2.3156620103531786e-05 0.0011384068601261945 1.6544168330762255e-06 1.0065726613267097e-07 1.4628256495473356e-10 0.0010274121912638905 1.4931111918512937e-06 0.16612201795804793 2.3204707187347226e-05
59650.62574253831 0.16714798196897146 2.3154610244319387e-05 0.0011374375013933884 1.650147124897649e-06 1.0057155600269576e-07 1.4590503986463336e-10 0.001026537345007533 1.4892577802201282e-06 0.16612144462396392 2.3202453842261738e-05
59650.62606331111 0.16714635430417912 2.315631935712345e-05 0.001143864759894787 1.6502131816750719e-06 1.0113985042548853e-07 1.4591088056610644e-10 0.0010323379458050453 1.4893173964617523e-06 0.16611401635837408 2.3204163257409084e-05
59650.62638408391 0.1671400614102109 2.3156041368850182e-05 0.0011405579844245436 1.6502212861422787e-06 1.0084746728005283e-07 1.4591159715833816e-10 0.0010293535809431506 1.4893247107434064e-06 0.16611070782926776 2.320388631177829e-05
59650.62670485671 0.16720671273380233 2.315960517707151e-05 0.0011423276485315265 1.650263111839928e-06 1.0100393994129652e-07 1.4591529536196548e-10 0.0010309507027997026 1.489362458435535e-06 0.16617576203100262 2.3207445195247898e-05
59650.62702562952 0.1671405914693885 2.3155680727240165e-05 0.0011461597284942817 1.6510937014343025e-06 1.0134277020151645e-07 1.459887356062018e-10 0.0010344091549660892 1.490112065544458e-06 0.16610618231442242 2.320357696368736e-05
59650.62734640232 0.1671567238672611 2.3156996843165243e-05 0.0011385932724363801 1.6502616055231043e-06 1.0067374859968165e-07 1.4591516217431638e-10 0.001027580428373833 1.4893610989846015e-06 0.16612914343888727 2.3204842151532375e-05
59650.62766717512 0.16716660314040344 2.3157868843970086e-05 0.0011424734831169084 1.6505030611119533e-06 1.0101683454970612e-07 1.4593651153570667e-10 0.0010310823185130098 1.489579012653538e-06 0.16613552082189043 2.3205726341346402e-05
59650.62798794792 0.16719726140153277 2.315853022261631e-05 0.001142050065332982 1.6507693589599782e-06 1.0097939619787006e-07 1.459600574350666e-10 0.0010307001839630163 1.4898193464613805e-06 0.16616656121756976 2.320640178392427e-05
59650.62830872072 0.16714054105639167 2.3155704254618985e-05 0.0011415348827425985 1.6502139548597284e-06 1.0093384405572872e-07 1.4591094893063978e-10 0.0010302352316751953 1.4893180942609049e-06 0.16611030582471648 2.3203549467985984e-05
59650.62862949352 0.16713681778757095 2.315547647280366e-05 0.001140162746807804 1.6507353660530004e-06 1.0081252060205286e-07 1.459570518021913e-10 0.0010289968789940433 1.489788667862833e-06 0.1661078209085769 2.320335236463594e-05
59650.62895026632 0.16720352553079695 2.3158820774323497e-05 0.0011313443159811402 1.650063896653962e-06 1.0003280012628758e-07 1.4589768087219577e-10 0.001021038245172979 1.4891826667302007e-06 0.166182487285624 2.3206650871509383e-05
59650.62927103912 0.16719068739174345 2.3157983405202494e-05 0.0011452317854389635 1.6508203251806447e-06 1.0126072202142663e-07 1.4596456383837204e-10 0.0010335716863586646 1.4898653434755318e-06 0.16615711570538477 2.3205859047605276e-05
59650.62959181192 0.1671585289738195 2.3156503421293855e-05 0.001133053595099124 1.6506514461958005e-06 1.0018393358226028e-07 1.4594963165769298e-10 0.0010225808695769594 1.48971293019171e-06 0.16613594810424254 2.3204372331842427e-05
59650.62991258472 0.1671658258681541 2.315743220556921e-05 0.0011344154276470679 1.6502131480056956e-06 1.0030434601652067e-07 1.4591087758907998e-10 0.0010238099234514788 1.4893173660751405e-06 0.16614201594470263 2.3205273809468983e-05
59650.63023335752 0.1671765639698645 2.3157564426951336e-05 0.0011437883834288084 1.650216950476269e-06 1.0113309726321277e-07 1.4591121380129538e-10 0.0010322690160444997 1.489320797804833e-06 0.16614429495382 2.3205405978503713e-05
59650.63055413032 0.16717780417689831 2.3158602219719907e-05 0.0011503139363859857 1.650292699492649e-06 1.0171008282406983e-07 1.4591791148484606e-10 0.0010381583275883522 1.4893891612921159e-06 0.16613964584930996 2.320644601926349e-05
59650.63087490312 0.16714501263897877 2.315634128490393e-05 0.001136520286951341 1.6502086968223065e-06 1.004904564402918e-07 1.4591048401805832e-10 0.0010257095589735852 1.4893133488821317e-06 0.1661193030800052 2.320418488019143e-05
59650.631195675924 0.16710038665284493 2.3153082166734957e-05 0.0011263327893533317 1.6507266938202477e-06 9.958968388448069e-08 1.4595628500846338e-10 0.001016515342391382 1.4897808411727737e-06 0.16608387131045355 2.3200962496722106e-05
59650.631516448724 0.16718120869761127 2.3157440346587514e-05 0.0011331497865401338 1.650330788304934e-06 1.0019243877299352e-07 1.4592127927526363e-10 0.0010226676823524706 1.4894235364452028e-06 0.16615854101525881 2.3205288747970283e-05
59650.631837221525 0.16716917515088234 2.3157386614368807e-05 0.0011413118292664093 1.6508431293217637e-06 1.0091412179833464e-07 1.4596658016713983e-10 0.0010300339259129345 1.4898859242128917e-06 0.1661391412249694 2.3205264809402957e-05
59650.632157994325 0.1671579222812012 2.315726602508797e-05 0.0011283308445826108 1.6501071363444054e-06 9.976635075465312e-08 1.4590150410023568e-10 0.0010183185872358063 1.489221690550826e-06 0.16613960369396538 2.3205101831284875e-05
59650.63247876713 0.16715733774293529 2.3156480504345876e-05 0.001142812938631025 1.650194635164454e-06 1.010468490069458e-07 1.459092406945276e-10 0.0010313886771145 1.4893006582359198e-06 0.1661259490658208 2.3204322998070266e-05
59650.63279953993 0.1671567232483001 2.3156841228412237e-05 0.0011358819982799718 1.6505967168639265e-06 1.0043401933075404e-07 1.4594479252230416e-10 0.0010251335034476745 1.4896635369696937e-06 0.16613158974485243 2.320470627116986e-05
59650.633120312734 0.16718021250054482 2.315795571071101e-05 0.0011446702606830823 1.6502178372207301e-06 1.0121107233222276e-07 1.4591129220671994e-10 0.0010330649102664818 1.489321598091709e-06 0.16614714759027835 2.320579650694617e-05
59650.633441085534 0.16717224153566532 2.3157314970389626e-05 0.001136934164569204 1.6504745825890356e-06 1.0052705125624624e-07 1.4593399348143205e-10 0.0010260830835237067 1.4895533107866047e-06 0.16614615845214162 2.320517196022272e-05
