HATP14b/Results/ROEBA_Results/ApertureSweep_Results/HATP14b_WLP8_nrca3_level3_asn_phot.ecsv
# %ECSV 0.9
# ---
# datatype:
# - {name: MJD, datatype: float64}
# - {name: aperture_sum, unit: Jy, datatype: float64}
# - {name: aperture_sum_err, unit: Jy, datatype: float64}
# - {name: annulus_sum, unit: Jy, datatype: float64}
# - {name: annulus_sum_err, unit: Jy, datatype: float64}
# - {name: annulus_mean, unit: Jy, datatype: float64}
# - {name: annulus_mean_err, unit: Jy, datatype: float64}
# - {name: aperture_bkg, unit: Jy, datatype: float64}
# - {name: aperture_bkg_err, unit: Jy, datatype: float64}
# - {name: net_aperture_sum, unit: Jy, datatype: float64}
# - {name: net_aperture_sum_err, unit: Jy, datatype: float64}
# meta: !!omap
# - {instrument: NIRCAM}
# - {detector: NRCA3}
# - {channel: SHORT}
# - {subarray: SUBGRISM128}
# - {filter: F210M}
# - {pupil: WLP8}
# - {target_name: UNKNOWN}
# - {xcenter: 1051.8}
# - {ycenter: 56.2973}
# - ra_icrs: !numpy.ndarray
#     buffer: !!binary |
#       ZllmeEdOeEJjRUE9
#     dtype: float64
#     order: C
#     shape: !!python/tuple []
# - dec_icrs: !numpy.ndarray
#     buffer: !!binary |
#       ZXo0UCtmd2VRMEE9
#     dtype: float64
#     order: C
#     shape: !!python/tuple []
# - {apertures: Photometry measured in a circular aperture of r=57.0 pixels.  Background calculated as the mean in a circular annulus
#     with r_inner=80.0 pixels and r_outer=100.0 pixels.}
# - {number_of_integrations: 669}
# - __serialized_columns__:
#     annulus_mean:
#       __class__: astropy.units.quantity.Quantity
#       unit: &id001 !astropy.units.Unit {unit: Jy}
#       value: !astropy.table.SerializedColumn {name: annulus_mean}
#     annulus_mean_err:
#       __class__: astropy.units.quantity.Quantity
#       unit: *id001
#       value: !astropy.table.SerializedColumn {name: annulus_mean_err}
#     annulus_sum:
#       __class__: astropy.units.quantity.Quantity
#       unit: *id001
#       value: !astropy.table.SerializedColumn {name: annulus_sum}
#     annulus_sum_err:
#       __class__: astropy.units.quantity.Quantity
#       unit: *id001
#       value: !astropy.table.SerializedColumn {name: annulus_sum_err}
#     aperture_bkg:
#       __class__: astropy.units.quantity.Quantity
#       unit: *id001
#       value: !astropy.table.SerializedColumn {name: aperture_bkg}
#     aperture_bkg_err:
#       __class__: astropy.units.quantity.Quantity
#       unit: *id001
#       value: !astropy.table.SerializedColumn {name: aperture_bkg_err}
#     aperture_sum:
#       __class__: astropy.units.quantity.Quantity
#       unit: *id001
#       value: !astropy.table.SerializedColumn {name: aperture_sum}
#     aperture_sum_err:
#       __class__: astropy.units.quantity.Quantity
#       unit: *id001
#       value: !astropy.table.SerializedColumn {name: aperture_sum_err}
#     net_aperture_sum:
#       __class__: astropy.units.quantity.Quantity
#       unit: *id001
#       value: !astropy.table.SerializedColumn {name: net_aperture_sum}
#     net_aperture_sum_err:
#       __class__: astropy.units.quantity.Quantity
#       unit: *id001
#       value: !astropy.table.SerializedColumn {name: net_aperture_sum_err}
# schema: astropy-2.0
MJD aperture_sum aperture_sum_err annulus_sum annulus_sum_err annulus_mean annulus_mean_err aperture_bkg aperture_bkg_err net_aperture_sum net_aperture_sum_err
[from data line 68]
59650.44097740498 0.16716191721596851 2.3156173568802444e-05 0.0011422060111311051 1.6512849221561464e-06 1.0099318483377323e-07 1.4600564323014796e-10 0.0010308409250458224 1.4902846422459222e-06 0.1661310762909227 2.3204079871079118e-05
59650.44129817778 0.1671685301385955 2.3157045917396643e-05 0.001136449798920669 1.6509383295499655e-06 1.0048422393000832e-07 1.4597499771541863e-10 0.0010256459435259038 1.489971842418844e-06 0.1661428841950696 2.3204930331970783e-05
59650.44161895058 0.16715365062308335 2.3155147316659584e-05 0.0011452299540486675 1.6505724610519876e-06 1.01260560090972e-07 1.4594264783765484e-10 0.0010335700335289224 1.4896416460994188e-06 0.16612008058955444 2.3203014448342728e-05
59650.44193972338 0.16718782800739762 2.315868988380142e-05 0.0011318004407048373 1.6524977358851446e-06 1.0007313040653359e-07 1.461128795079367e-10 0.0010214498977361157 1.491379206636343e-06 0.1661663781096615 2.3206661308169115e-05
59650.44226049618 0.16717341719097797 2.3158598900020177e-05 0.001130640507574639 1.6509309844154075e-06 9.997056980024074e-08 1.4597434826293385e-10 0.0010204030580861117 1.4899652134349053e-06 0.16615301413289185 2.3206479684546337e-05
59650.44258126898 0.16714723470400836 2.315689857992937e-05 0.0011467620178043931 1.6511377684753544e-06 1.0139602426866958e-07 1.4599263198809671e-10 0.0010349527210684647 1.4901518360490073e-06 0.1661122819829399 2.3204794856572536e-05
59650.44290204178 0.16715770456130907 2.315724971827136e-05 0.0011459385392887488 1.650579581318754e-06 1.0132321278183917e-07 1.4594327740746153e-10 0.0010342095317080959 1.4896480721401757e-06 0.16612349502960097 2.3205112925672433e-05
59650.44322281458 0.16717028426375632 2.315854084426596e-05 0.0011365150156822609 1.6507465791474416e-06 1.0048999035777487e-07 1.4595804325741777e-10 0.0010257048016532404 1.4897987876805663e-06 0.1661445794621031 2.3206411063826933e-05
59650.44354358738 0.16719137504824833 2.3157953874089865e-05 0.0011397356223336326 1.65507552953881e-06 1.0077475450684179e-07 1.463408065091877e-10 0.0010286113991561034 1.493705665408776e-06 0.16616276364909222 2.3206076450993347e-05
59650.44386436018 0.1671329239176214 2.3155240073134242e-05 0.0011390741806240534 1.6504626596106551e-06 1.007162702192603e-07 1.4593293925868448e-10 0.0010280144480132082 1.4895425502986165e-06 0.1661049094696082 2.3203100651715323e-05
59650.44418513298 0.1671428335426367 2.3156528818371515e-05 0.0011493895483151838 1.650592125243967e-06 1.0162834897362355e-07 1.4594438653396341e-10 0.0010373240673544535 1.48965939303268e-06 0.16610550947528224 2.3204394239525428e-05
59650.44450590578 0.1671594864935113 2.3155323852767063e-05 0.001147109590676435 1.6506995207885172e-06 1.0142675645793076e-07 1.4595388238495298e-10 0.0010352664055854827 1.4897563175116369e-06 0.16612422008792582 2.320319798243529e-05
59650.44482667859 0.16718436875754708 2.315821985354547e-05 0.0011376865965165904 1.6505014824620275e-06 1.0059358084722781e-07 1.4593637195240714e-10 0.001026762153356223 1.4895775879219797e-06 0.16615760660419085 2.320607653558841e-05
59650.44514745139 0.167173357923734 2.3157861941356633e-05 0.001143850313016091 1.6509475907220511e-06 1.0113857304095702e-07 1.4597581658281653e-10 0.0010323249074970222 1.4899802006266512e-06 0.16614103301623698 2.320574520874504e-05
59650.44546822419 0.16717100137323848 2.315780757350596e-05 0.0011288096306507909 1.6511647169789385e-06 9.980868473767223e-08 1.4599501475896025e-10 0.0010187506916623386 1.4901761570734921e-06 0.16615225068157613 2.3205703535782754e-05
59650.44578899699 0.1671578849650016 2.315677356333088e-05 0.0011420126603394207 1.6508701694553927e-06 1.0097608887030251e-07 1.4596897103987814e-10 0.0010306664259563272 1.489910327933492e-06 0.16612721853904527 2.320465459016063e-05
59650.44610976979 0.16713131566991207 2.315478991575497e-05 0.0011277876759177106 1.650390207472602e-06 9.971832410023563e-08 1.4592653308317964e-10 0.0010178283775157339 1.4894771622440237e-06 0.16611348729239633 2.320264722525416e-05
59650.44643054259 0.16716766421467608 2.315842966732042e-05 0.001137587948250272 1.6505319385722143e-06 1.0058485842544334e-07 1.4593906486378694e-10 0.0010266731232958703 1.4896050745614237e-06 0.1661409910913802 2.32062876810227e-05
59650.446751315394 0.16716382520345074 2.315699609381734e-05 0.0011436215322161922 1.6504961086451204e-06 1.0111834437696346e-07 1.4593589680267159e-10 0.0010321184328251135 1.4895727380522212e-06 0.16613170677062564 2.3204854988364395e-05
59650.447072088195 0.16713847039602953 2.3156467023513734e-05 0.0011385678344721039 1.6511484275749115e-06 1.0067149938981679e-07 1.4599357445942086e-10 0.0010275574706110739 1.4901614558863577e-06 0.16611091292541846 2.3204364808709767e-05
59650.447392860995 0.1671769835005944 2.3157100312835253e-05 0.001137533971948654 1.6506158107765129e-06 1.0058008587254761e-07 1.4594648079484367e-10 0.0010266244096836603 1.489680769225803e-06 0.16615035909091075 2.320496592742415e-05
59650.447713633796 0.16714068264910623 2.3155424578000532e-05 0.0011462509297725811 1.6522276613294756e-06 1.0135083416499292e-07 1.4608899967430446e-10 0.0010344914641197544 1.4911354643498518e-06 0.16610619118498648 2.320338708810662e-05
59650.448034406596 0.16715707818274195 2.3157478780219676e-05 0.0011461390791564327 1.650720336755803e-06 1.0134094439918855e-07 1.4595572292055786e-10 0.0010343905189386807 1.4897751039221122e-06 0.16612268766380325 2.320534967020731e-05
59650.4483551794 0.1671490867205929 2.31564144872684e-05 0.001135172898410258 1.6506987200849288e-06 1.0037132113663694e-07 1.4595381158721185e-10 0.0010244935408152578 1.4897555948766484e-06 0.16612459317977762 2.3204286320390035e-05
59650.4486759522 0.16720390813975086 2.3159525209336633e-05 0.001137640720412989 1.651172478479523e-06 1.0058952450908448e-07 1.459957010262846e-10 0.0010267207501727224 1.4901831618277697e-06 0.16617718738957815 2.3207418076505063e-05
59650.448996725 0.1672058203244236 2.3159309953112655e-05 0.001133922811401072 1.6504400782862108e-06 1.0026078917729977e-07 1.459309426312362e-10 0.0010233653372894674 1.4895221706533053e-06 0.16618245498713413 2.3207160830252602e-05
59650.4493174978 0.16719282136851857 2.3158830141416722e-05 0.0011383792535065865 1.6508173238029531e-06 1.0065482517157504e-07 1.4596429845831888e-10 0.0010273872762896943 1.4898626347321652e-06 0.16616543409222886 2.3206703863094448e-05
59650.4496382706 0.16714623365851677 2.315919502588077e-05 0.0011316376852531153 1.650393289838738e-06 1.0005873966505764e-07 1.4592680562418348e-10 0.0010213030109409366 1.489479944079461e-06 0.16612493064757583 2.3207043429756312e-05
59650.449959043406 0.1671773458278489 2.3158638879632785e-05 0.0011436977322741796 1.6505289929475875e-06 1.0112508194134823e-07 1.45938804413387e-10 0.0010321872033774472 1.4896024161351977e-06 0.16614515862447146 2.3206496291241275e-05
59650.45027981621 0.16715896370987962 2.3156481283939158e-05 0.001135026484441941 1.6504728434042333e-06 1.0035837529952841e-07 1.4593383970373304e-10 0.0010243614022088518 1.4895517411723207e-06 0.16613460230767077 2.320433989242215e-05
59650.45060058901 0.1671831012960296 2.3159686751780843e-05 0.001143977967298069 1.6513416853899281e-06 1.0114986015761459e-07 1.460106622019492e-10 0.0010324401154865072 1.4903358710644102e-06 0.16615066118054309 2.3207589091700032e-05
59650.45092136181 0.167134518611034 2.315665730109006e-05 0.0011393111465374474 1.65092394710931e-06 1.0073722260618304e-07 1.459737260284608e-10 0.0010282283097500463 1.4899588622661523e-06 0.16610629030128396 2.3204541684148234e-05
59650.45124213461 0.16714858611900651 2.315604247053161e-05 0.0011365547660687498 1.6524970516594025e-06 1.0049350506360794e-07 1.4611281900909837e-10 0.0010257406763770466 1.491378589122611e-06 0.16612284544262948 2.3204019328408537e-05
59650.45156290741 0.16718175457778986 2.3157899078983604e-05 0.0011356933129550125 1.6504598124672533e-06 1.0041733588511173e-07 1.4593268751593665e-10 0.0010249632149418987 1.4895399807516963e-06 0.16615679136284797 2.320575400857829e-05
59650.45188368021 0.16714160440407205 2.315624697770697e-05 0.0011366701283653804 1.65095115572532e-06 1.0050370533013861e-07 1.459761317983123e-10 0.0010258447908497558 1.4899834180421015e-06 0.1661157596132223 2.3204133784276534e-05
59650.45220445301 0.16718324938611845 2.315888961835125e-05 0.0011354208064427948 1.651806019777946e-06 1.003932410193094e-07 1.4605171837589395e-10 0.0010247172778146223 1.490754932849596e-06 0.16615853210830384 2.320682051951091e-05
59650.45252522581 0.16715858073388606 2.3157769097987386e-05 0.0011414531292413166 1.650543095946724e-06 1.0092661545914867e-07 1.4594005139228978e-10 0.0010301614491402883 1.4896151440919185e-06 0.16612841928474578 2.320562912039248e-05
59650.45284599861 0.16715264808642738 2.315785958371404e-05 0.0011481504342061213 1.6511456759030825e-06 1.0151878723167232e-07 1.4599333115821344e-10 0.0010362057668710245 1.4901589725025321e-06 0.16611644231955636 2.3205754335128736e-05
59650.45316677141 0.16717824172351714 2.3159212838683757e-05 0.0011467169671707635 1.650899652914996e-06 1.013920409180965e-07 1.4597157795006443e-10 0.0010349120628716142 1.489936936755784e-06 0.16614332966064552 2.3207090541103247e-05
59650.45348754421 0.16715643515893752 2.3157368391457315e-05 0.0011494420976349375 1.6507743292561757e-06 1.0163299535362072e-07 1.4596049690573796e-10 0.001037371493115531 1.4898238321536985e-06 0.166119063665822 2.320524263757049e-05
59650.45380831701 0.16716065516220222 2.315629738987766e-05 0.0011389272104389446 1.6512450449597109e-06 1.0070327520178963e-07 1.4600211731185385e-10 0.0010278818074211475 1.490248653076139e-06 0.16613277335478108 2.3204201125150812e-05
59650.45412908981 0.16714215184666034 2.315665140542763e-05 0.0011353149920501262 1.6504844368648795e-06 1.003838849728408e-07 1.45934864790716e-10 0.001024621780325239 1.4895622042705538e-06 0.1661175300663351 2.3204510334693226e-05
59650.45444986261 0.1671383208979177 2.31559691850233e-05 0.0011281825807067949 1.650515314488055e-06 9.975324134980975e-08 1.4593759497202675e-10 0.0010181847790878824 1.4895900713254696e-06 0.1661201361188298 2.3203831310331924e-05
59650.45477063541 0.167183341996457 2.315769242497673e-05 0.001130050636700413 1.6504473054063461e-06 9.991841376389685e-08 1.4593158164895502e-10 0.0010198706996221228 1.4895286931292275e-06 0.1661634712968349 2.3205547056199296e-05
59650.45509140822 0.16717506410623426 2.3157377836546903e-05 0.0011335669950235118 1.6508612802836297e-06 1.0022932810212102e-07 1.4596818506453032e-10 0.0010230442130087195 1.489902305455976e-06 0.16615201989322553 2.3205257101450026e-05
59650.45541218102 0.1671577194549448 2.31572499768508e-05 0.0011260306064124355 1.6506817118925745e-06 9.956296504627977e-08 1.459523077328306e-10 0.0010162426222872232 1.4897402449830486e-06 0.16614147683265756 2.3205119100919918e-05
59650.45573295382 0.16720031155473558 2.3158840057042843e-05 0.001140058818774597 1.6505136034225403e-06 1.0080333134638023e-07 1.4593744368061863e-10 0.0010289030839440738 1.4895885270888426e-06 0.1661714084707915 2.32066961622659e-05
59650.45605372662 0.16714756197451902 2.3158189314432e-05 0.0011386573092119047 1.650517329365174e-06 1.0067941069377299e-07 1.4593777312627855e-10 0.0010276382215637441 1.4895918897520698e-06 0.16611992375295528 2.3206046977481703e-05
59650.45637449942 0.1671808226417824 2.3158630722610933e-05 0.0011464715876485813 1.6505690020842054e-06 1.0137034460482493e-07 1.4594234199775455e-10 0.0010346906078528447 1.4896385243809953e-06 0.16614613203392956 2.3206490468823136e-05
59650.45669527222 0.16712904823037528 2.31554019314022e-05 0.0011319447939374225 1.6513677092616454e-06 1.0008589403459871e-07 1.4601296321740597e-10 0.0010215801765285238 1.4903593576086351e-06 0.16610746805384674 2.3203314625708033e-05
59650.457016045024 0.16716932710097765 2.3157676566332213e-05 0.00113167911045606 1.6510896158874062e-06 1.000624024571783e-07 1.4598837436454417e-10 0.001021340397186594 1.4901083783383842e-06 0.16614798670379105 2.32055684466045e-05
59650.457336817824 0.1671354128295315 2.3155999701038356e-05 0.0011245006926756402 1.6517709352818353e-06 9.942769097199357e-08 1.4604861622534848e-10 0.0010148618751397655 1.4907232690918565e-06 0.16612055095439174 2.320393453747662e-05
59650.457657590625 0.1671298855252044 2.3154447297976733e-05 0.0011418389256438388 1.6505539146242013e-06 1.0096072735053115e-07 1.4594100797339992e-10 0.0010305096303935646 1.4896249079483418e-06 0.16609937589481086 2.3202314799199717e-05
59650.457978363425 0.16712416650390627 2.315476462765343e-05 0.001133595505137583 1.650440397641845e-06 1.0023184894966688e-07 1.4593097086847387e-10 0.0010230699433866688 1.489522458871765e-06 0.1661010965605196 2.320262489714286e-05
59650.458299136226 0.1671743490294345 2.3160341094826353e-05 0.001134524502229828 1.6504719091515056e-06 1.0031399032708288e-07 1.4593375709765542e-10 0.00102390836326242 1.489550898009234e-06 0.1661504406661721 2.3208191689712977e-05
59650.458619909026 0.1671593071870957 2.3157227417578823e-05 0.0011448759609057222 1.6505659571620325e-06 1.0122926022512734e-07 1.4594207276752393e-10 0.0010332505547174145 1.4896357763387345e-06 0.16612605663237828 2.3205089881653392e-05
59650.45894068183 0.16714489031082191 2.315690443025514e-05 0.0011363779372069037 1.6507692001598855e-06 1.0047786995947232e-07 1.4596004339405565e-10 0.0010255810883292307 1.4898192031442967e-06 0.16611930922249268 2.3204779336378692e-05
59650.45926145463 0.1671612233652691 2.315674485193385e-05 0.001138114668128067 1.6520754678583236e-06 1.0063143068776325e-07 1.460755428169488e-10 0.0010271484879855804 1.490998109742137e-06 0.16613407487728352 2.3204695807116704e-05
59650.45958222743 0.16716265422171034 2.31574102893103e-05 0.001136430426867797 1.6504568325858707e-06 1.004825110644681e-07 1.459324240365745e-10 0.001025628460248187 1.4895372914087484e-06 0.16613702576146216 2.3205266054280693e-05
59650.45990300023 0.16716985181721722 2.315811235075389e-05 0.0011275925547906606 1.6504171756379992e-06 9.970107160475138e-08 1.4592891759252911e-10 0.0010176522806985713 1.4895015010132943e-06 0.16615219953651864 2.3205964370645337e-05
59650.460223773036 0.16715556414404187 2.3155738219024973e-05 0.0011320987211766538 1.6503623925967674e-06 1.0009950419070991e-07 1.4592407370819041e-10 0.00102171909586193 1.4894520593185826e-06 0.16613384504817993 2.3203591961268027e-05
59650.46054454584 0.1671837437802668 2.3157023010889762e-05 0.0011439778531371863 1.6516204055514451e-06 1.0114985006357639e-07 1.460353064749741e-10 0.0010324400124563106 1.4905874160101795e-06 0.16615130376781048 2.3204947006439077e-05
59650.46086531864 0.16715519232657783 2.315487732554929e-05 0.0011385182053268135 1.6506058318165957e-06 1.0066711120993102e-07 1.4594559846106714e-10 0.0010275126803074492 1.4896717632144777e-06 0.16612767964627037 2.3202746947793818e-05
59650.46118609144 0.1671800933814939 2.315677250900768e-05 0.0011338235254209255 1.6507655802934067e-06 1.0025201036923308e-07 1.4595972332758708e-10 0.0010232757316923852 1.4898159362147996e-06 0.1661568176498015 2.320464747755788e-05
59650.46150686424 0.16713316486187918 2.3153514305296393e-05 0.001132852498676889 1.650690812670342e-06 1.0016615275468429e-07 1.459531124182571e-10 0.0010223993800558924 1.4897484584349837e-06 0.1661107654818233 2.3201391664186313e-05
59650.46182763704 0.16714409014568238 2.3155298309609346e-05 0.0011361940481817152 1.6504052951285626e-06 1.0046161059983949e-07 1.4592786712486064e-10 0.001025415128483998 1.4894907788535279e-06 0.16611867501719838 2.3203155444621904e-05
