HATP14b/Results/ROEBA_Results/ApertureSweep_Results/HATP14b_WLP8_nrca3_level3_asn_phot.ecsv
# %ECSV 0.9
# ---
# datatype:
# - {name: MJD, datatype: float64}
# - {name: aperture_sum, unit: Jy, datatype: float64}
# - {name: aperture_sum_err, unit: Jy, datatype: float64}
# - {name: annulus_sum, unit: Jy, datatype: float64}
# - {name: annulus_sum_err, unit: Jy, datatype: float64}
# - {name: annulus_mean, unit: Jy, datatype: float64}
# - {name: annulus_mean_err, unit: Jy, datatype: float64}
# - {name: aperture_bkg, unit: Jy, datatype: float64}
# - {name: aperture_bkg_err, unit: Jy, datatype: float64}
# - {name: net_aperture_sum, unit: Jy, datatype: float64}
# - {name: net_aperture_sum_err, unit: Jy, datatype: float64}
# meta: !!omap
# - {instrument: NIRCAM}
# - {detector: NRCA3}
# - {channel: SHORT}
# - {subarray: SUBGRISM128}
# - {filter: F210M}
# - {pupil: WLP8}
# - {target_name: UNKNOWN}
# - {xcenter: 1051.8}
# - {ycenter: 56.2973}
# - ra_icrs: !numpy.ndarray
#     buffer: !!binary |
#       ZllmeEdOeEJjRUE9
#     dtype: float64
#     order: C
#     shape: !!python/tuple []
# - dec_icrs: !numpy.ndarray
#     buffer: !!binary |
#       ZXo0UCtmd2VRMEE9
#     dtype: float64
#     order: C
#     shape: !!python/tuple []
# - {apertures: Photometry measured in a circular aperture of r=57.0 pixels.  Background calculated as the mean in a circular annulus
#     with r_inner=80.0 pixels and r_outer=100.0 pixels.}
# - {number_of_integrations: 669}
# - __serialized_columns__:
#     annulus_mean:
#       __class__: astropy.units.quantity.Quantity
#       unit: &id001 !astropy.units.Unit {unit: Jy}
#       value: !astropy.table.SerializedColumn {name: annulus_mean}
#     annulus_mean_err:
#       __class__: astropy.units.quantity.Quantity
#       unit: *id001
#       value: !astropy.table.SerializedColumn {name: annulus_mean_err}
#     annulus_sum:
#       __class__: astropy.units.quantity.Quantity
#       unit: *id001
#       value: !astropy.table.SerializedColumn {name: annulus_sum}
#     annulus_sum_err:
#       __class__: astropy.units.quantity.Quantity
#       unit: *id001
#       value: !astropy.table.SerializedColumn {name: annulus_sum_err}
#     aperture_bkg:
#       __class__: astropy.units.quantity.Quantity
#       unit: *id001
#       value: !astropy.table.SerializedColumn {name: aperture_bkg}
#     aperture_bkg_err:
#       __class__: astropy.units.quantity.Quantity
#       unit: *id001
#       value: !astropy.table.SerializedColumn {name: aperture_bkg_err}
#     aperture_sum:
#       __class__: astropy.units.quantity.Quantity
#       unit: *id001
#       value: !astropy.table.SerializedColumn {name: aperture_sum}
#     aperture_sum_err:
#       __class__: astropy.units.quantity.Quantity
#       unit: *id001
#       value: !astropy.table.SerializedColumn {name: aperture_sum_err}
#     net_aperture_sum:
#       __class__: astropy.units.quantity.Quantity
#       unit: *id001
#       value: !astropy.table.SerializedColumn {name: net_aperture_sum}
#     net_aperture_sum_err:
#       __class__: astropy.units.quantity.Quantity
#       unit: *id001
#       value: !astropy.table.SerializedColumn {name: net_aperture_sum_err}
# schema: astropy-2.0
MJD aperture_sum aperture_sum_err annulus_sum annulus_sum_err annulus_mean annulus_mean_err aperture_bkg aperture_bkg_err net_aperture_sum net_aperture_sum_err
[from data line 270]
59650.50577351076 0.16658022312962376 2.3088082614170916e-05 0.0011337036443714098 1.6463071116644724e-06 1.002414105572256e-07 1.4556550814930094e-10 0.0010231675390451973 1.4857921682771864e-06 0.16555705559057857 2.3135840965179873e-05
59650.50609428356 0.1665907374916162 2.3088145474035273e-05 0.0011373150314614381 1.6465213661061523e-06 1.0056072728322353e-07 1.4558445240123025e-10 0.001026426815893948 1.4859855329108025e-06 0.16556431067572225 2.3135916114004123e-05
59650.50641505636 0.1665133639276954 2.3083660592580558e-05 0.0011304457608718758 1.646316693038405e-06 9.995335041113207e-08 1.4556635532875817e-10 0.0010202272991868678 1.4858008154671606e-06 0.16549313662850854 2.313142862896063e-05
59650.50673582916 0.16652788212681163 2.30850587232409e-05 0.0011205407367177655 1.6462086396921387e-06 9.907755399137025e-08 1.455568013153271e-10 0.0010112880148877834 1.4857032973221554e-06 0.16551659411192385 2.3132817609257083e-05
59650.507056601964 0.1665458444909873 2.3084965280699893e-05 0.0011339047417999893 1.650590468919467e-06 1.0025919147378199e-07 1.4594424008272368e-10 0.0010233490294744903 1.489657898199819e-06 0.16552249546151282 2.313297868119859e-05
59650.50737737477 0.16651665871587612 2.308380562745258e-05 0.001127025830078289 1.6469791456182778e-06 9.965096213844788e-08 1.4562492899689746e-10 0.0010171408116456558 1.4863986789204958e-06 0.16549951790423045 2.3131611774338337e-05
59650.50769814757 0.16652246907492813 2.3084809804480933e-05 0.0011349643372244723 1.6468447143859307e-06 1.0035288027905089e-07 1.4561304266626747e-10 0.0010243053143450863 1.4862773547333026e-06 0.16549816376058304 2.313260608068732e-05
59650.50801892037 0.16650729587061486 2.3082776723559335e-05 0.0011321391659917526 1.6463381526398325e-06 1.001030802975129e-07 1.455682527741159e-10 0.0010217555973075568 1.4858201827574488e-06 0.1654855402733073 2.3130547829335603e-05
59650.50833969317 0.16646121281246315 2.308115231485514e-05 0.0011415638575304012 1.6464431677710389e-06 1.0093640598945308e-07 1.4557753815035532e-10 0.0010302613814211871 1.4859149589133625e-06 0.16543095143104197 2.312893286441606e-05
59650.508660465974 0.1664749033665639 2.3081728034791898e-05 0.0011331595773404568 1.6463170581116843e-06 1.0019330446980921e-07 1.4556638760832316e-10 0.0010226765185497623 1.4858011449457952e-06 0.16545222684801414 2.312950008353878e-05
59650.508981238774 0.16645727025394602 2.3080471176699686e-05 0.001134087242758467 1.6469592409669737e-06 1.0027532810137128e-07 1.456231690393166e-10 0.0010235137365895164 1.4863807149726939e-06 0.1654337565173565 2.312828306140142e-05
59650.509302011575 0.16642030326308355 2.307767801098822e-05 0.0011360114688855245 1.646494834377539e-06 1.0044546704567561e-07 1.4558210648136493e-10 0.001025250350669186 1.485961588025729e-06 0.16539505291241435 2.312546873513999e-05
59650.509622784375 0.16643233003171953 2.3077619307595416e-05 0.0011397163842813388 1.6474112582805636e-06 1.00773053489554e-07 1.4566313614477268e-10 0.0010285940368139083 1.4867886605982088e-06 0.16540373599490563 2.3125463312711902e-05
59650.509943557176 0.16639942743508385 2.307686585236105e-05 0.0011377659256112216 1.6463946302147752e-06 1.0060059507919533e-07 1.4557324648813034e-10 0.0010268337478641274 1.4858711537688346e-06 0.1653725936872197 2.312465244394972e-05
59650.510264329976 0.16642647564571808 2.307889365747825e-05 0.0011372705525650188 1.6463588439361945e-06 1.0055679448531886e-07 1.4557008228639092e-10 0.0010263866736899296 1.4858388566524156e-06 0.16540008897202815 2.3126673983976338e-05
59650.51058510278 0.16635561596675874 2.307468739870929e-05 0.0011329819638850817 1.6476890288845975e-06 1.0017759999237444e-07 1.4568769645848246e-10 0.0010225162224062863 1.4870393485683493e-06 0.16533309974435245 2.312255359107951e-05
59650.51090587558 0.16634161543443762 2.307300812942448e-05 0.001138811161753573 1.6463807429099826e-06 1.0069301424516952e-07 1.4557201858079482e-10 0.0010277770734825997 1.4858586204762594e-06 0.16531383836095503 2.3120801888786898e-05
59650.51122664838 0.16638941436063273 2.3076722883016952e-05 0.0011407220396081497 1.6471419556129405e-06 1.0086197294305881e-07 1.456393245610282e-10 0.0010295016407463552 1.4865456149406787e-06 0.16535991271988637 2.3124553117516836e-05
59650.51154742118 0.16638437687147623 2.3074726842187308e-05 0.001137585932187029 1.6472925713543432e-06 1.0058468016631517e-07 1.456526419164458e-10 0.0010266713037987937 1.486681545647295e-06 0.16535770556767743 2.3122569944963464e-05
59650.51186819398 0.16635732468217138 2.3074943369555148e-05 0.0011266656451967352 0.0006377083285031107 9.961911480271108e-08 5.638579596230016e-08 0.0010168157447900535 0.0005755317664740574 0.1653405089373813 0.0005759941555539058
59650.51218896678 0.1663320244724736 2.307376377567027e-05 0.001141965289922619 1.6464718221517645e-06 1.0097190040586343e-07 1.4558007175387406e-10 0.0010306236741551636 1.4859408194919675e-06 0.16530140079831845 2.3121561255556815e-05
59650.51250973959 0.1663560718595309 2.307411773678245e-05 0.0011350732065878019 1.6463339035350746e-06 1.0036250644423154e-07 1.4556787707076817e-10 0.0010244035689454913 1.485816347940405e-06 0.16533166829058543 2.3121906486073014e-05
59650.51283051239 0.1663187282807152 2.307157727249164e-05 0.0011397846501814113 1.6470543307796161e-06 1.0077908952035465e-07 1.4563157682471644e-10 0.0010286556467887238 1.4864665335286037e-06 0.16529007263392648 2.3119413067719803e-05
59650.51315128519 0.16630149133639133 2.3070106487212112e-05 0.0011337602430645534 1.6508149144964854e-06 1.0024641498044024e-07 1.4596408542885567e-10 0.0010232186193657594 1.4898604603330782e-06 0.16527827271702555 2.311816380084219e-05
59650.51347205799 0.16627986587706287 2.3069006247913766e-05 0.0011413584252342047 1.6469424025331733e-06 1.0091824178644729e-07 1.45621680194887e-10 0.0010300759787738698 1.486365518286189e-06 0.165249789898289 2.3116840868082178e-05
59650.51379283079 0.16626737201707126 2.3069568573846508e-05 0.0011279439177981675 1.6462872215051587e-06 9.973213891556491e-08 1.4556374947309336e-10 0.0010179693858128462 1.4857742174084058e-06 0.16524940263125842 2.311736401946645e-05
59650.51411360359 0.16628996386001374 2.3070854103442734e-05 0.0011360413984115064 1.6466669693423508e-06 1.0044811339678917e-07 1.455973265538809e-10 0.0010252773620663845 1.4861169398314717e-06 0.16526468649794734 2.3118668919753892e-05
59650.51443437639 0.16623370783454702 2.3066371899330798e-05 0.0011344136816273539 1.6469197097417598e-06 1.0030419163448278e-07 1.4561967371159476e-10 0.001023808347668687 1.4863450380419383e-06 0.16520989948687834 2.311421065427823e-05
59650.51475514919 0.16622451979179265 2.3065087107390315e-05 0.0011431250201602012 1.647109666822953e-06 1.0107444307251031e-07 1.4563646960517655e-10 0.0010316703306945817 1.4865164743077151e-06 0.16519284946109805 2.3112939546926762e-05
59650.51507592199 0.16629984502652065 2.3068883345866343e-05 0.0011319571479772757 1.6472640169268457e-06 1.000869863715486e-07 1.456501171507328e-10 0.0010215913260494913 1.4866557752764782e-06 0.16527825370047117 2.3116736885195377e-05
59650.51539669479 0.16625264138171442 2.306793985934097e-05 0.0011308441780454562 1.646308100020763e-06 9.998857822368097e-08 1.4556559553918382e-10 0.0010205868706860241 1.4857930602687386e-06 0.1652320545110284 2.311573988372673e-05
59650.51571746759 0.16619224062431814 2.3063953980933165e-05 0.0011296518910215792 1.6475314025313127e-06 9.988315690510633e-08 1.4567375922887866e-10 0.0010195108316469752 1.4868970907845098e-06 0.16517272979267117 2.3111833250376012e-05
59650.51603824039 0.16623028927561542 2.3067113254613917e-05 0.0011341541578516463 1.6465043779898483e-06 1.002812446946196e-07 1.4558295032196158e-10 0.0010235741274611109 1.485970201135838e-06 0.1652067151481543 2.311492637539321e-05
59650.51635901319 0.1662252606129354 2.3065003592556977e-05 0.001129259730010422 1.6476379121602798e-06 9.984848225876545e-08 1.4568317674773256e-10 0.001019156906334406 1.4869932157246527e-06 0.165206103706601 2.3112886871792485e-05
59650.51667978599 0.1662045678340171 2.3065497110579185e-05 0.0011268092875708056 1.6462503661675912e-06 9.963181557708372e-08 1.45560490745786e-10 0.001016945382032652 1.485740955466251e-06 0.16518762245198446 2.3113298837355225e-05
59650.51700055879 0.1662052128443175 2.3064970510450353e-05 0.0011265831002736865 1.6467258832122722e-06 9.961181622908312e-08 1.4560253568366683e-10 0.001016741247997002 1.4861701095990759e-06 0.1651884715963205 2.3112800917297112e-05
59650.517321331594 0.16620409282990362 2.3065023869771912e-05 0.0011221212610689518 1.6462164834494532e-06 9.921730302646382e-08 1.4555749485574324e-10 0.001012714438114729 1.4857103763131317e-06 0.16519137839178888 2.3112824609628148e-05
59650.5176421044 0.16618741734238557 2.3063591958679844e-05 0.0011311229492145208 1.6470335100578003e-06 1.0001322700676327e-07 1.456297358687188e-10 0.0010208384616661051 1.4864477428271648e-06 0.16516657888071945 2.311144307326216e-05
59650.5179628772 0.16614301849385077 2.306346896435078e-05 0.0011313777823560075 1.6462993078191329e-06 1.0003575920350285e-07 1.4556481813787823e-10 0.0010210684485762967 1.4857851253067676e-06 0.16512195004527447 2.3111277725564083e-05
59650.51828365 0.16617970276115607 2.3062611773204412e-05 0.0011347864558414083 1.6463108887190947e-06 1.003371521116072e-07 1.4556584211425286e-10 0.0010241447763968711 1.485795577068983e-06 0.1651555579847592 2.3110422979651075e-05
59650.5186044228 0.16614770411335889 2.306138032495414e-05 0.0011344182327040055 1.646910243758134e-06 1.0030459403800804e-07 1.456188367348807e-10 0.001023812455015365 1.4863364949917158e-06 0.1651238916583435 2.3109228863562845e-05
59650.5189251956 0.16617236444460476 2.306166774634715e-05 0.001134370192108498 1.6467978372474396e-06 1.0030034631676133e-07 1.45608897817207e-10 0.0010237690983779194 1.4862350481158143e-06 0.16514859534622683 2.3109509165301547e-05
59650.519245968404 0.16614375153410385 2.306035023677191e-05 0.0011328420334771184 1.6465450153981184e-06 1.0016522742786543e-07 1.4558654345773971e-10 0.0010223899352130993 1.486006876396802e-06 0.16512136159889076 2.3108179709342855e-05
59650.519566741204 0.16616460214140388 2.306317679508541e-05 0.0011241536959601367 1.6470811875867886e-06 9.939700972615521e-08 1.4563395148783709e-10 0.0010145487106040234 1.4864907717970768e-06 0.16515005343079986 2.3111031536822496e-05
59650.519887514005 0.16618222758292472 2.306318740371778e-05 0.0011379403858394485 1.646369620400611e-06 1.0061602075013714e-07 1.4557103513504698e-10 0.0010269911982201023 1.4858485824115514e-06 0.1651552363847046 2.3111000827070664e-05
59650.520208286805 0.16616441875480392 2.3062769079842942e-05 0.00113415043223225 1.646958610330402e-06 1.0028091527754014e-07 1.4562311327880122e-10 0.0010235707650896057 1.486380145823188e-06 0.16514084798971432 2.3110617550555785e-05
59650.520529059606 0.166208113245442 2.3063656821723088e-05 0.0011359399111789438 1.6467766518143078e-06 1.0043913995527636e-07 1.4560702461364894e-10 0.0010251857698389969 1.4862159282624127e-06 0.16518292747560298 2.311149289370193e-05
59650.52084983241 0.1661607422238236 2.3062975860587545e-05 0.0011288108029384471 1.6478942954751165e-06 9.980878839065847e-08 1.457058460098895e-10 0.0010187517496519486 1.4872246016662925e-06 0.16514199047417166 2.3110878229999077e-05
59650.52117060521 0.16618351274833099 2.306323901164901e-05 0.0011350191999324748 1.6464069913164374e-06 1.0035773120747868e-07 1.4557433944948123e-10 0.0010243548279390586 1.4858823096630848e-06 0.16515915792039193 2.3111054496639016e-05
59650.52149137801 0.16614534422332117 2.3060097557709164e-05 0.001130047456457995 1.6472580006453364e-06 9.99181325687296e-08 1.4564958519465433e-10 0.0010198678294533407 1.4866503455824161e-06 0.16512547639386782 2.3107968941927467e-05
59650.52181215081 0.16612230163478622 2.305994668137994e-05 0.0011391313934480732 1.6470097373349538e-06 1.0072132894356641e-07 1.4562763389852338e-10 0.0010280660825868861 1.4864262879447958e-06 0.16509423555219935 2.310780396440949e-05
59650.52213292361 0.1661516711226671 2.3063725722016894e-05 0.0011332073765022536 1.646323985937634e-06 1.00197530843629e-07 1.455670001626258e-10 0.0010227196572932839 1.4858073973087146e-06 0.16512895146537382 2.3111535383922914e-05
59650.52245369641 0.16617725646140002 2.3064771232364038e-05 0.0011290452226456304 1.6465451876942235e-06 9.982951564352312e-08 1.4558655869206014e-10 0.0010189633134376815 1.4860070318940367e-06 0.16515829314796235 2.3112591566073377e-05
59650.52277446922 0.16614724495810104 2.3061002155887524e-05 0.0011321881175838312 1.6463421879929425e-06 1.0010740856854155e-07 1.4556860957766847e-10 0.0010217997761194078 1.4858238246636307e-06 0.16512544518198163 2.310881850878117e-05
59650.52309524202 0.16616036193537215 2.3061751695439494e-05 0.0011284562747356159 1.6462993730333303e-06 9.977744121513287e-08 1.4556482390407926e-10 0.0010184317879488934 1.4857851841625806e-06 0.16514193014742326 2.3109564013100365e-05
59650.52341601482 0.16613873241883897 2.306063840353388e-05 0.001126596705837128 1.6467466970107545e-06 9.961301922501381e-08 1.4560437602750736e-10 0.001016753527018008 1.486188894052206e-06 0.16512197889182095 2.31084789851549e-05
59650.52373678762 0.1661331814774885 2.306059123989749e-05 0.0011287700084340185 1.6465266246567407e-06 9.980518136453024e-08 1.455849173591856e-10 0.0010187149326117018 1.4859902787527083e-06 0.1651144665448768 2.3108419146323802e-05
59650.52405756042 0.16613621013399466 2.3060932887272703e-05 0.0011317548236542663 1.6463279377439527e-06 1.0006909697370712e-07 1.455673495790201e-10 0.0010214087283479754 1.4858109638139172e-06 0.1651148014056467 2.310874855658535e-05
59650.52437833322 0.16613164109625905 2.306048317177695e-05 0.0011297899579101973 1.6467332117937297e-06 9.989536469832905e-08 1.4560318367253617e-10 0.001019635437013953 1.4861767236438412e-06 0.1651120056592451 2.310832329204585e-05
59650.52469910602 0.1700060134633971 3.978122101714383e-05 0.0011361382813664081 1.646608488280437e-06 1.0045667973077471e-07 1.4559215569272488e-10 0.0010253647989331835 1.4860641606730946e-06 0.16898064866446394 3.980896798843802e-05
59650.52501987882 0.16614253513341762 2.3061571841970394e-05 0.001126586624095833 1.6462542290651221e-06 9.961212780336822e-08 1.4556083230091753e-10 0.0010167444282464892 1.4857444417312727e-06 0.16512579070517114 2.3109381912299107e-05
59650.52534065162 0.16616185701189956 2.306230077615015e-05 0.0011280834431674196 1.6462879833421807e-06 9.97444756667889e-08 1.4556381683427551e-10 0.0010180953074585962 1.4857749049663181e-06 0.16514376170444098 2.3110111296959252e-05
59650.52566142442 0.16617134466728056 2.3062397761160486e-05 0.0011292130149101968 1.6462992772089942e-06 9.98443517370333e-08 1.4556481543134774e-10 0.0010191147459564526 1.4857850976811175e-06 0.1651522299213241 2.311020873662701e-05
59650.52598219722 0.1661034137397779 2.3058421623658738e-05 0.0011242167386825133 1.6462389630572018e-06 9.940258392665088e-08 1.4555948248946098e-10 0.0010146056066609684 1.4857306641591248e-06 0.16508880813311694 2.3106237326333243e-05
59650.52630297002 0.16615965728544582 2.3062514281407337e-05 0.0011232818479151674 1.646904756691315e-06 9.931992143394306e-08 1.4561835157165444e-10 0.0010137618677434387 1.4863315429139118e-06 0.1651458954177024 2.31103601537401e-05
59650.52662374282 0.16611739431295058 2.3059296805528628e-05 0.0011283155350647065 1.6465690106897892e-06 9.976499709606933e-08 1.455886651073399e-10 0.0010183047703958977 1.486028532147535e-06 0.16509908954255467 2.3107129851277924e-05
59650.52694451562 0.16612917176779315 2.306056448671848e-05 0.0011264433092417455 1.6463317156457472e-06 9.959945598812015e-08 1.455676836188785e-10 0.0010166150865906754 1.4858143733702868e-06 0.16511255668120248 2.3108381137548673e-05
