WASP80b/WASP80b_WLP4/Results/25512_radii/WASP80b_WLP4_nrca3_level3_asn_phot.ecsv
# %ECSV 0.9
# ---
# datatype:
# - {name: MJD, datatype: float64}
# - {name: aperture_sum, unit: Jy, datatype: float64}
# - {name: aperture_sum_err, unit: Jy, datatype: float64}
# - {name: annulus_sum, unit: Jy, datatype: float64}
# - {name: annulus_sum_err, unit: Jy, datatype: float64}
# - {name: annulus_mean, unit: Jy, datatype: float64}
# - {name: annulus_mean_err, unit: Jy, datatype: float64}
# - {name: aperture_bkg, unit: Jy, datatype: float64}
# - {name: aperture_bkg_err, unit: Jy, datatype: float64}
# - {name: net_aperture_sum, unit: Jy, datatype: float64}
# - {name: net_aperture_sum_err, unit: Jy, datatype: float64}
# meta: !!omap
# - {instrument: NIRCAM}
# - {detector: NRCA3}
# - {channel: SHORT}
# - {subarray: SUBGRISM256}
# - {filter: WLP4}
# - {pupil: CLEAR}
# - {target_name: UNKNOWN}
# - {xcenter: 1055.75}
# - {ycenter: 166.5}
# - ra_icrs: !numpy.ndarray
#     buffer: !!binary |
#       N3hKNXpxcnlja0E9
#     dtype: float64
#     order: C
#     shape: !!python/tuple []
# - dec_icrs: !numpy.ndarray
#     buffer: !!binary |
#       OGpMa01hd25BY0E9
#     dtype: float64
#     order: C
#     shape: !!python/tuple []
# - {apertures: Photometry measured in a circular aperture of r=25.0 pixels.  Background calculated as the mean in a circular annulus
#     with r_inner=5.0 pixels and r_outer=12.0 pixels.}
# - {number_of_integrations: 1227}
# - __serialized_columns__:
#     annulus_mean:
#       __class__: astropy.units.quantity.Quantity
#       unit: &id001 !astropy.units.Unit {unit: Jy}
#       value: !astropy.table.SerializedColumn {name: annulus_mean}
#     annulus_mean_err:
#       __class__: astropy.units.quantity.Quantity
#       unit: *id001
#       value: !astropy.table.SerializedColumn {name: annulus_mean_err}
#     annulus_sum:
#       __class__: astropy.units.quantity.Quantity
#       unit: *id001
#       value: !astropy.table.SerializedColumn {name: annulus_sum}
#     annulus_sum_err:
#       __class__: astropy.units.quantity.Quantity
#       unit: *id001
#       value: !astropy.table.SerializedColumn {name: annulus_sum_err}
#     aperture_bkg:
#       __class__: astropy.units.quantity.Quantity
#       unit: *id001
#       value: !astropy.table.SerializedColumn {name: aperture_bkg}
#     aperture_bkg_err:
#       __class__: astropy.units.quantity.Quantity
#       unit: *id001
#       value: !astropy.table.SerializedColumn {name: aperture_bkg_err}
#     aperture_sum:
#       __class__: astropy.units.quantity.Quantity
#       unit: *id001
#       value: !astropy.table.SerializedColumn {name: aperture_sum}
#     aperture_sum_err:
#       __class__: astropy.units.quantity.Quantity
#       unit: *id001
#       value: !astropy.table.SerializedColumn {name: aperture_sum_err}
#     net_aperture_sum:
#       __class__: astropy.units.quantity.Quantity
#       unit: *id001
#       value: !astropy.table.SerializedColumn {name: net_aperture_sum}
#     net_aperture_sum_err:
#       __class__: astropy.units.quantity.Quantity
#       unit: *id001
#       value: !astropy.table.SerializedColumn {name: net_aperture_sum_err}
# schema: astropy-2.0
MJD aperture_sum aperture_sum_err annulus_sum annulus_sum_err annulus_mean annulus_mean_err aperture_bkg aperture_bkg_err net_aperture_sum net_aperture_sum_err
[from data line 138]
59852.22595712164 0.21396729972774417 6.260041083540936e-05 0.02457971744739218 1.9863589898555577e-05 6.57476223790684e-05 5.313258016647664e-08 0.12909515466067323 0.0001043255771982961 0.08487214506707094 0.00012166609015876066
59852.226159748614 0.21506807859209404 6.312726074002426e-05 0.024585460674114386 1.9862965866218406e-05 6.576298478112111e-05 5.3130910959231096e-08 0.12912531866656715 0.00010432229971753365 0.08594275992552688 0.00012193520109834539
59852.22636237558 0.21362692520970858 6.254785546157117e-05 0.024561829818335663 1.9860449007319033e-05 6.56997752431938e-05 5.312417868133362e-08 0.1290012070290739 0.00010430908092079325 0.08462571818063469 0.0001216249093951654
59852.226565002544 0.21374336318363396 6.256033021775127e-05 0.02456159046515078 1.986108270448344e-05 6.569913500382374e-05 5.312587374076452e-08 0.12899994992201042 0.00010431240916220295 0.08474341326162355 0.00012163417949810375
59852.226767629516 0.21388515187890775 6.256872082025243e-05 0.024592834211250858 1.9864157418737952e-05 6.578270805647138e-05 5.313409821088554e-08 0.12916404522715788 0.00010432855787152286 0.08472110665174987 0.00012165234404907446
59852.22697025648 0.2139404137796809 6.257614044095447e-05 0.024580523792876542 1.9863897474241865e-05 6.574977925082765e-05 5.313340289237324e-08 0.12909938966846923 0.00010432719261681652 0.08484102411121167 0.0001216549895063593
59852.227172883446 0.21367955782362713 6.255361330576481e-05 0.024572619357184987 1.9863745405507873e-05 6.57286358892703e-05 5.313299612782358e-08 0.12905787477513123 0.00010432639393649093 0.0846216830484959 0.00012164271868631944
59852.22737551042 0.21366768988163684 6.255532762874934e-05 0.024549510150376194 1.985933950134068e-05 6.566682169608455e-05 5.3121210893756393e-08 0.1289365028906313 0.00010430325368351199 0.08473118699100554 0.00012162375484956558
59852.22757813738 0.21365018600456778 6.255001401975423e-05 0.024533706306302507 1.985677018470076e-05 6.562454842038402e-05 5.311433829806544e-08 0.12885349950789132 0.00010428975937342836 0.08479668649667646 0.00012160944932051555
59852.227780764355 0.2138839530224576 6.25701175048644e-05 0.02459788786840621 1.986593006915475e-05 6.579622594751283e-05 5.313883982561171e-08 0.12919058754415028 0.00010433786801026654 0.08469336547830733 0.000121661046787788
59852.22798339132 0.21355983373418166 6.255137723437345e-05 0.024503232029021427 1.985263089853851e-05 6.554303359909938e-05 5.310326623329915e-08 0.12869344553057474 0.00010426801942509722 0.08486638820360692 0.0001215915073874378
59852.228186018285 0.2136017595329711 6.25503807110869e-05 0.024575515621760823 1.986268082155651e-05 6.57363830291652e-05 5.313014850096315e-08 0.12907308624874383 0.00010432080263422538 0.08452867328422728 0.00012163626099708473
59852.22838864526 0.21383324876190432 6.256326472530281e-05 0.024594877388466344 1.9864291199248683e-05 6.578817329602529e-05 5.31344560567607e-08 0.1291747761999283 0.0001043292605002557 0.08465847256197603 0.00012165014052445041
59852.22859127222 0.2134080967596365 6.253115897198579e-05 0.02454207383284722 1.985800192974362e-05 6.564693049115787e-05 5.311763305961502e-08 0.12889744660108834 0.00010429622862260305 0.08451065015854817 0.00012160530065452757
59852.22879389919 0.21353278834243794 6.25375000853894e-05 0.024586801151596078 1.9866337985050276e-05 6.57665703881348e-05 5.313993094882413e-08 0.1291323589894752 0.00010434001042568424 0.08440042935296274 0.00012164611252548095
59852.22899652616 0.21363492528980724 6.255538488527552e-05 0.024541212055238897 1.985854509697353e-05 6.564462534550727e-05 5.3119085962969065e-08 0.12889292045818748 0.0001042990813916677 0.08474200483161975 0.0001216202062047696
59852.229199153124 0.2137145792675979 6.255603731430658e-05 0.024578714893101393 1.986386850560676e-05 6.574494067367181e-05 5.313332540495355e-08 0.12908988914444008 0.00010432704047062375 0.08462469012315782 0.00012164451971966549
59852.229401780096 0.213545190827432 6.254442913779804e-05 0.024525867179200033 1.9856086400677297e-05 6.560357975100782e-05 5.3112509262647936e-08 0.12881232762184894 0.00010428616807078412 0.08473286320558307 0.00012160349693598814
59852.22960440706 0.2136657337275249 6.255342267097153e-05 0.024528222763011854 1.985620021766231e-05 6.560988063852914e-05 5.3112813708627304e-08 0.12882469938556648 0.00010428676584906675 0.08484103434195842 0.00012160863546274702
59852.229807034026 0.21377412456179767 6.256858441366332e-05 0.02477930955068383 1.993646846799896e-05 6.628150590580746e-05 5.332752108365951e-08 0.13014343251409577 0.0001047083427941122 0.0836306920477019 0.00012197813249193079
59852.230009661 0.2137410297800324 6.255627027375616e-05 0.024586363321593613 1.9863918442019838e-05 6.576539924848562e-05 5.313345897851627e-08 0.12913005946215134 0.00010432730274170084 0.08461097031788106 0.00012164486445354662
59852.23021228796 0.21371979076510725 6.255713207276003e-05 0.02456888263226959 1.9862850187873187e-05 6.57186406247113e-05 5.313060153434958e-08 0.12903824911906298 0.00010432169216319952 0.08468154164604427 0.00012164049584312827
59852.23041491493 0.21352257814004058 6.254097873453853e-05 0.024528918446294012 1.9856482066270058e-05 6.561174150295236e-05 5.311356761785633e-08 0.1288283531843173 0.00010428824614637637 0.08469422495572329 0.00012160350449457115
59852.2306175419 0.21354845372243722 6.254261660303546e-05 0.024557182581809833 1.9859174997760885e-05 6.568734447571812e-05 5.3120770867573525e-08 0.12897679927421132 0.00010430238969412231 0.0845716544482259 0.00012161647662820545
59852.230820168865 0.21354146120970663 6.254068080435517e-05 0.024574794450690975 1.9864594014805692e-05 6.573445398814702e-05 5.3135266049916046e-08 0.12906929858556185 0.00010433085091809713 0.08447216262414478 0.00012163989151905081
59852.23102279584 0.21373561273313924 6.255669084576956e-05 0.024565157183417237 1.9861883435515184e-05 6.570867552218882e-05 5.31280155945761e-08 0.1290186826860149 0.00010431661468232766 0.08471693004712433 0.0001216359143853262
59852.2312254228 0.21350728052039122 6.253877415297872e-05 0.024557662033713637 1.9860042809471564e-05 6.568862694866711e-05 5.312309215368155e-08 0.12897931740395818 0.00010430694752873721 0.08452796311643304 0.00012161840968915856
59852.23142804977 0.2134874393736376 6.254196039041377e-05 0.024523781615902008 1.98566791348135e-05 6.559800113406645e-05 5.3114094751180984e-08 0.1288013740330988 0.00010428928117023898 0.0846860653405388 0.00012160489700863714
59852.23163067674 0.21366435138547554 6.255737339673364e-05 0.024569659388439056 1.9863159954726147e-05 6.572071834881126e-05 5.313143012133873e-08 0.12904232872079335 0.00010432331908994825 0.08462202266468219 0.000121642015242438
59852.231833303704 0.21351319374402813 6.253725622160136e-05 0.02453529941304359 1.985757085313785e-05 6.562880977858093e-05 5.311647998444428e-08 0.1288618666651449 0.00010429396456479964 0.08465132707888323 0.00012160649431823081
59852.23203593067 0.21365843692768133 6.25493012243929e-05 0.02455662357822765 1.986034723591564e-05 6.568584921213306e-05 5.3123906455755206e-08 0.1289738633310276 0.00010430854640711997 0.08468457359665374 0.00012162519450026026
59852.23223855764 0.21351752566599547 6.25356590333856e-05 0.024544648131669948 1.985859241914251e-05 6.565381641355506e-05 5.311921254376085e-08 0.1289109670780985 0.00010429932993247117 0.08460655858789698 0.00012161027454578966
59852.232441184606 0.21381566759303194 6.256316018212318e-05 0.02455632812873796 1.9861203234237712e-05 6.568505892227226e-05 5.312619614254909e-08 0.1289723116005145 0.00010431304219662665 0.08484335599251744 0.00012163617794179994
59852.23264381157 0.21386084111298073 6.256600220528677e-05 0.024564949091371965 1.9861400069922186e-05 6.570811890239683e-05 5.312672265300558e-08 0.12901758976560906 0.00010431407599749048 0.08484325134737167 0.00012163852631120687
59852.23284643854 0.21352524964924513 6.254470698958321e-05 0.024544669239209956 1.9858130038481904e-05 6.565387287354378e-05 5.3117975734219244e-08 0.12891107793702708 0.00010429690146261505 0.08461417171221805 0.00012161284482781929
59852.23304906551 0.213680063314161 6.255167713598207e-05 0.024575582817532058 1.986234508092065e-05 6.573656276931892e-05 5.312925043740359e-08 0.12907343916771039 0.00010431903929054964 0.08460662414645062 0.00012163541536504647
59852.23325169248 0.21378767788433764 6.25585383081706e-05 0.024582262379919992 1.9864735619105186e-05 6.57544297503564e-05 5.313564482343248e-08 0.12910852090294114 0.0001043315946381575 0.0846791569813965 0.00012164971169302319
59852.233454319445 0.213506989424142 6.254132227638732e-05 0.024590422245623553 1.986792701351539e-05 6.577625635475452e-05 5.314418139815079e-08 0.12915137734045984 0.00010434835616342117 0.08435561208368217 0.00012165523591727213
59852.23365694641 0.21348176566211613 6.253898791134717e-05 0.024520888739081075 1.9856475012599368e-05 6.559026305598565e-05 5.31135487501831e-08 0.12878618035231656 0.0001042882090997866 0.08469558530979956 0.00012160244884958707
59852.23385957338 0.21368575071744916 6.255490079473219e-05 0.024587771880979707 1.986516511584919e-05 6.576916696594672e-05 5.3136793672673655e-08 0.1291374573580867 0.0001043338503983676 0.08454829335936245 0.00012164977580081164
59852.23406220035 0.21361720166766748 6.254845809571396e-05 0.024541601641380105 1.985773832040721e-05 6.564566743895489e-05 5.311692793812032e-08 0.1288949666038871 0.00010429484411978578 0.08472223506378038 0.0001216130096664074
59852.23426482731 0.21350058163853242 6.25376604181984e-05 0.024560248759628728 1.9861150474005254e-05 6.569554611195804e-05 5.312605501562818e-08 0.12899290314931056 0.00010431276509456542 0.08450767848922186 0.00012162282652633874
59852.234467454284 0.21356615478672256 6.254574692793601e-05 0.024579940102720535 1.9864414441482057e-05 6.574821795379299e-05 5.3134785714082365e-08 0.12909632406891036 0.00010432990778089315 0.0844698307178122 0.00012164168741160691
59852.23467008125 0.21382053054996675 6.256226975949401e-05 0.02458821205942957 1.98630260494442e-05 6.577034438739442e-05 5.3131071941716415e-08 0.1291397692196931 0.00010432261580590442 0.08468076133027364 0.00012164393024744818
59852.23487270822 0.21367061788128186 6.255000380001849e-05 0.024538065463555702 1.9856462387353267e-05 6.563620861239345e-05 5.3113514979253274e-08 0.128876394241364 0.00010428814279072095 0.08479422363991787 0.00012160805771872245
59852.235075335186 0.21359343660774832 6.254862194730827e-05 0.024553127793788557 1.9859567634168843e-05 6.567649843274709e-05 5.312182112009729e-08 0.12895550311863738 0.00010430445186013049 0.08463793348911094 0.00012162133359468467
59852.23527796215 0.2135669634019298 6.254681812869281e-05 0.024566681951881168 1.986139991202178e-05 6.571275408417378e-05 5.312672223064205e-08 0.12902669092374563 0.00010431407516818163 0.08454027247818416 0.00012162865918942305
59852.23548058912 0.2135999703438896 6.254794775735396e-05 0.02457323727783279 1.9864608500264846e-05 6.573028874852301e-05 5.3135304796679535e-08 0.12906112015668483 0.00010433092699718934 0.08453885018720478 0.00012164369320581126
59852.23568321609 0.2137240260559251 6.256121398962497e-05 0.02456431541809888 1.9860556253132666e-05 6.570642390687218e-05 5.3124465550264134e-08 0.129014261649679 0.00010430964418662115 0.08470976440624611 0.000121632262850755
59852.23588584305 0.2138415841647778 6.255735478667922e-05 0.024620221910397633 1.9868782914517966e-05 6.585596667326337e-05 5.3146470824627386e-08 0.12930788818486152 0.00010435285144179605 0.08453369597991628 0.00012166733432577544
59852.236088470025 0.2137237895134093 6.255565081280351e-05 0.0245745146192344 1.9863435433869984e-05 6.573370547454119e-05 5.3132166993060755e-08 0.1290678288825336 0.0001043247659341911 0.08465596063087572 0.00012164237023273249
59852.23629109699 0.21357759991844855 6.254922409816585e-05 0.0245462068932365 1.9857647577686766e-05 6.565798590277218e-05 5.311668521286808e-08 0.12891915385103206 0.00010429436752986748 0.08465844606741649 0.00012161299492133908
59852.23649372396 0.21356000020481503 6.254975892644218e-05 0.024549595920097554 1.986040489333205e-05 6.566705111919584e-05 5.312406068202122e-08 0.1289369533618569 0.00010430884922968515 0.08462304684295813 0.00012162568959466261
59852.23669635093 0.21345644170831904 6.25362843114719e-05 0.024531806550996915 1.985587044053859e-05 6.561946681622352e-05 5.311193159670531e-08 0.1288435218014544 0.00010428503382635813 0.08461291990686465 0.00012159833525032285
59852.23689897789 0.2135607124109704 6.254430525413598e-05 0.02454509781470015 1.9859202664612286e-05 6.565501925854802e-05 5.312084487288714e-08 0.12891332885871928 0.00010430253500321579 0.08464738355225113 0.000121617469665421
59852.237101604864 0.2137353714914772 6.256074783586251e-05 0.024597080463966768 1.986544733619983e-05 6.579406624318322e-05 5.31375485762677e-08 0.1291863469746154 0.00010433533264810836 0.0845490245168618 0.00012165405381068812
59852.23730423183 0.2136929453780796 6.255168715414963e-05 0.02457417236635856 1.986191411679297e-05 6.573278999156679e-05 5.3128097663097445e-08 0.12906603133591682 0.0001043167758234925 0.08462691404216277 0.00012163347928937737
59852.23750685879 0.21371579370397353 6.25527876407865e-05 0.02458559993581092 1.9865647285206094e-05 6.576335728847215e-05 5.3138083414464556e-08 0.12912605008304057 0.00010433638280045218 0.08458974362093297 0.00012165086114580458
59852.237709485766 0.2137569831399368 6.256206518006184e-05 0.024549857207685603 1.985887412108821e-05 6.566775003030855e-05 5.311996606068752e-08 0.12893832567061767 0.00010430080945949691 0.08481865746931913 0.00012162512426920922
59852.23791211273 0.21382494538136945 6.25645353392641e-05 0.024613100633875364 1.9868788082949722e-05 6.583691816301727e-05 5.314648464952591e-08 0.12927048652245465 0.00010435287858692082 0.0845544588589148 0.00012167104976778437
59852.238114739695 0.21355143456841014 6.254354116977112e-05 0.02455451632950992 1.985962908399057e-05 6.568021258944818e-05 5.3121985490565864e-08 0.12896279584826642 0.00010430477460079081 0.08458863872014372 0.00012161899747398278
59852.23831736667 0.21361367673277115 6.254608696546015e-05 0.024548290904157097 1.9857266601054194e-05 6.566356036730109e-05 5.311566614876259e-08 0.12893009928653937 0.00010429236660217539 0.08468357744623178 0.00012160966543072739
59852.23851999363 0.21372559628041007 6.255877894313931e-05 0.024581099747131113 1.9863622671826392e-05 6.57513198553085e-05 5.313266783081364e-08 0.12910241463829367 0.00010432574932681929 0.08462318164211641 0.00012164482231257895
59852.238722620605 0.21364093692637576 6.255057925914746e-05 0.024540979167161435 1.985859453785316e-05 6.564400239947844e-05 5.311921821104274e-08 0.12889169730652014 0.00010429934106015315 0.08474923961985562 0.0001216179571906922
59852.23892524757 0.21359365150682563 6.254573808273195e-05 0.024545608009164516 1.9857964447655876e-05 6.5656383963942e-05 5.311753279979079e-08 0.1289160084514943 0.00010429603176289852 0.08467764305533132 0.00012161262925289152
59852.239127874534 0.21391865482016598 6.257015598698553e-05 0.024604182806791476 1.986764402298602e-05 6.581306410819307e-05 5.314342443442647e-08 0.12922364919533338 0.00010434686986862407 0.08469500562483259 0.00012166878675985582
59852.23933050151 0.2136911175209551 6.25550759264063e-05 0.02453915758002345 1.9858874158983415e-05 6.563912988523839e-05 5.3119966162052376e-08 0.12888213014718197 0.00010430080965852634 0.08480898737377313 0.00012162152942461544
59852.23953312847 0.21371728106926052 6.255670208113481e-05 0.02457829621208376 1.9864091424821494e-05 6.574382075512501e-05 5.313392168554069e-08 0.12908769018951555 0.00010432821126481877 0.08462959087974498 0.00012164586569622707
