WASP80b/WASP80b_WLP4/Results/25512_radii/WASP80b_WLP4_nrca3_level3_asn_phot.ecsv
# %ECSV 0.9
# ---
# datatype:
# - {name: MJD, datatype: float64}
# - {name: aperture_sum, unit: Jy, datatype: float64}
# - {name: aperture_sum_err, unit: Jy, datatype: float64}
# - {name: annulus_sum, unit: Jy, datatype: float64}
# - {name: annulus_sum_err, unit: Jy, datatype: float64}
# - {name: annulus_mean, unit: Jy, datatype: float64}
# - {name: annulus_mean_err, unit: Jy, datatype: float64}
# - {name: aperture_bkg, unit: Jy, datatype: float64}
# - {name: aperture_bkg_err, unit: Jy, datatype: float64}
# - {name: net_aperture_sum, unit: Jy, datatype: float64}
# - {name: net_aperture_sum_err, unit: Jy, datatype: float64}
# meta: !!omap
# - {instrument: NIRCAM}
# - {detector: NRCA3}
# - {channel: SHORT}
# - {subarray: SUBGRISM256}
# - {filter: WLP4}
# - {pupil: CLEAR}
# - {target_name: UNKNOWN}
# - {xcenter: 1055.75}
# - {ycenter: 166.5}
# - ra_icrs: !numpy.ndarray
#     buffer: !!binary |
#       N3hKNXpxcnlja0E9
#     dtype: float64
#     order: C
#     shape: !!python/tuple []
# - dec_icrs: !numpy.ndarray
#     buffer: !!binary |
#       OGpMa01hd25BY0E9
#     dtype: float64
#     order: C
#     shape: !!python/tuple []
# - {apertures: Photometry measured in a circular aperture of r=25.0 pixels.  Background calculated as the mean in a circular annulus
#     with r_inner=5.0 pixels and r_outer=12.0 pixels.}
# - {number_of_integrations: 1227}
# - __serialized_columns__:
#     annulus_mean:
#       __class__: astropy.units.quantity.Quantity
#       unit: &id001 !astropy.units.Unit {unit: Jy}
#       value: !astropy.table.SerializedColumn {name: annulus_mean}
#     annulus_mean_err:
#       __class__: astropy.units.quantity.Quantity
#       unit: *id001
#       value: !astropy.table.SerializedColumn {name: annulus_mean_err}
#     annulus_sum:
#       __class__: astropy.units.quantity.Quantity
#       unit: *id001
#       value: !astropy.table.SerializedColumn {name: annulus_sum}
#     annulus_sum_err:
#       __class__: astropy.units.quantity.Quantity
#       unit: *id001
#       value: !astropy.table.SerializedColumn {name: annulus_sum_err}
#     aperture_bkg:
#       __class__: astropy.units.quantity.Quantity
#       unit: *id001
#       value: !astropy.table.SerializedColumn {name: aperture_bkg}
#     aperture_bkg_err:
#       __class__: astropy.units.quantity.Quantity
#       unit: *id001
#       value: !astropy.table.SerializedColumn {name: aperture_bkg_err}
#     aperture_sum:
#       __class__: astropy.units.quantity.Quantity
#       unit: *id001
#       value: !astropy.table.SerializedColumn {name: aperture_sum}
#     aperture_sum_err:
#       __class__: astropy.units.quantity.Quantity
#       unit: *id001
#       value: !astropy.table.SerializedColumn {name: aperture_sum_err}
#     net_aperture_sum:
#       __class__: astropy.units.quantity.Quantity
#       unit: *id001
#       value: !astropy.table.SerializedColumn {name: net_aperture_sum}
#     net_aperture_sum_err:
#       __class__: astropy.units.quantity.Quantity
#       unit: *id001
#       value: !astropy.table.SerializedColumn {name: net_aperture_sum_err}
# schema: astropy-2.0
MJD aperture_sum aperture_sum_err annulus_sum annulus_sum_err annulus_mean annulus_mean_err aperture_bkg aperture_bkg_err net_aperture_sum net_aperture_sum_err
[from data line 276]
59852.25391964317 0.21364427228050448 6.254797279575569e-05 0.02458194197059963 1.9864693382660375e-05 6.575357269611863e-05 5.313553184630693e-08 0.12910683808088044 0.00010433137280809021 0.08453743419962403 0.00012164408844197608
59852.25412227014 0.21355396393295517 6.25476260360928e-05 0.024540715681797755 1.9856723629544463e-05 6.564329760959504e-05 5.311421376893517e-08 0.12889031345482013 0.00010428951486105286 0.08466365047813504 0.00012160801138372701
59852.254324897105 0.21381543330748332 6.255874285399462e-05 0.02463554541625716 1.987333253451215e-05 6.589695510524725e-05 5.315864048027889e-08 0.12938836878286322 0.00010437674650479071 0.0844270645246201 0.00012168854308601761
59852.25452752408 0.2138053025877546 6.256124364659556e-05 0.024578226106379594 1.9861797187524928e-05 6.574363323127027e-05 5.3127784892156253e-08 0.1290873219872878 0.00010431616169918556 0.08471798060046679 0.00012163786745195479
59852.25473015104 0.21357962919006224 6.254771590421436e-05 0.024517920696366716 1.985493809649417e-05 6.558232391868652e-05 5.310943769480058e-08 0.12877059189268233 0.00010428013706141896 0.0848090372973799 0.00012160001542098025
59852.25493277801 0.2137022579168057 6.255590795714171e-05 0.024569098961162467 1.986197625496697e-05 6.57192192770245e-05 5.312826387482093e-08 0.12903938530022305 0.00010431710217944839 0.08466287261658265 0.0001216359298376095
59852.25513540498 0.21347266732010084 6.254050005689744e-05 0.024521973902253854 1.9855533248612474e-05 6.559316572964967e-05 5.3111029651128644e-08 0.12879187973872824 0.00010428326286035964 0.0846807875813726 0.0001215989846181688
59852.255338031944 0.21383608355372546 6.256870223607685e-05 0.024574468651132983 1.986214253574285e-05 6.573358251570817e-05 5.31287086547776e-08 0.12906758745342953 0.00010431797550285112 0.08476849610029594 0.00012164325921529846
59852.25554065891 0.21410692276948076 6.264498811162e-05 0.02454928327653281 1.9859973573383645e-05 6.566621483736802e-05 5.3122906955939826e-08 0.12893531132632777 0.00010430658389382168 0.085171611443153 0.00012167274953375496
59852.25574328588 0.21356315813935328 6.254690738268474e-05 0.024550606755934873 1.9860569759477624e-05 6.566975497667758e-05 5.3124501678021496e-08 0.12894226237360754 0.00010430971512330685 0.08462089576574575 0.0001216249657440592
59852.255945912846 0.2135584698727971 6.25443059613601e-05 0.02452610977133904 1.9855190877603635e-05 6.560422865416879e-05 5.311011385216347e-08 0.12881360174022605 0.00010428146469329642 0.08474486813257107 0.00012159940002634656
59852.25614853982 0.2137020989678754 6.255540595983263e-05 0.024555869723384284 1.9859761010973382e-05 6.56838327461718e-05 5.3122338378489254e-08 0.12896990400937125 0.0001043054674946081 0.08473219495850415 0.00012162569368381096
59852.25635116678 0.21368589835929008 6.254831408257916e-05 0.024585871298577325 1.986152935518364e-05 6.576408314940735e-05 5.312706847465985e-08 0.12912747530765403 0.0001043147550167208 0.08455842305163605 0.00012163001154637555
59852.25655379375 0.21348515228897935 6.25373723476663e-05 0.024530290309066866 1.9855475899603727e-05 6.561541106163376e-05 5.311087624981396e-08 0.12883555834593943 0.0001042829616575826 0.08464959394303992 0.00012159711769703878
59852.25675642072 0.21391455014596455 6.256919324626798e-05 0.024633466253823618 1.9874528515691335e-05 6.589139360980542e-05 5.316183957803539e-08 0.12937744881209884 0.00010438302791854693 0.08453710133386572 0.00012169930345294904
59852.256959047685 0.21346541738283223 6.253916341031754e-05 0.02452066225185954 1.9854586173623427e-05 6.558965723143347e-05 5.3108496345817963e-08 0.12878499081859004 0.00010427828872701381 0.08468042656424218 0.00012159403134980291
59852.25716167465 0.21361906123068694 6.254725754187718e-05 0.024557284054268977 1.9859234820391902e-05 6.568761590165862e-05 5.312093088551361e-08 0.12897733221779925 0.00010430270388861294 0.08464172901288769 0.00012161913280600872
59852.25736430162 0.2137138428936794 6.255305844402478e-05 0.024616614236324885 1.9869777475472253e-05 6.584631660331811e-05 5.314913114886404e-08 0.12928894031683238 0.00010435807497621982 0.08442490257684701 0.0001216696056270583
59852.25756692859 0.213491854448002 6.253855046262293e-05 0.024532151651870303 1.985541274027135e-05 6.562038991722966e-05 5.311070730662152e-08 0.12884533430604153 0.00010428262993839995 0.08464652014196047 0.0001215974391212056
59852.25776955555 0.2135493475361056 6.254008845966122e-05 0.02455135270990498 1.98606617293518e-05 6.567175030880635e-05 5.312474768575411e-08 0.1289461801990808 0.00010431019815836031 0.0846031673370248 0.0001216218734618845
59852.257972182524 0.21349277832592142 6.254533648844947e-05 0.024518476011400815 1.985344175028757e-05 6.558380931587392e-05 5.310543515874415e-08 0.1287735084632396 0.00010427227810024984 0.08471926986268183 0.00012159205194694762
59852.25817480949 0.21348718935872713 6.253826748061805e-05 0.0244983733338427 1.9851300543691717e-05 6.553003720658389e-05 5.3099707703048174e-08 0.12866792717354358 0.00010426103226728843 0.08481926218518354 0.0001215787717856941
59852.25837743646 0.21374003471996683 6.255440563966252e-05 0.02461255926657898 1.9867223437808127e-05 6.583547007425679e-05 5.314229942249281e-08 0.12926764320682238 0.00010434466091285782 0.08447239151314445 0.00012165879304822452
59852.258580063426 0.2138659263183897 6.256471771205933e-05 0.024601998027497102 1.9865558839819574e-05 6.580722010106257e-05 5.313784683428879e-08 0.12921217451416545 0.00010433591827636331 0.08465375180422424 0.00012165659762200172
59852.25878269039 0.21348646948379 6.254078372803739e-05 0.024530660173579667 1.9856366502365424e-05 6.561640040223017e-05 5.311325849908884e-08 0.1288375009116579 0.00010428763919309572 0.08464896857213208 0.00012160288367381121
59852.25898531736 0.21374356254126137 6.256024929955482e-05 0.024593340613776434 1.9866704615727875e-05 6.57840626189107e-05 5.314091163932209e-08 0.129166704904288 0.00010434193600697414 0.08457685763697337 0.00012165946079983231
59852.25918794433 0.21354175933339448 6.254458175560726e-05 0.02455486882841703 1.9860294741359787e-05 6.568115547925492e-05 5.312376603948547e-08 0.12896464720807266 0.00010430827070041906 0.08457711212532182 0.00012162253098622699
59852.25939057129 0.2135299270696559 6.253842558213292e-05 0.02455761220008097 1.9861577861680814e-05 6.568849365002893e-05 5.312719822337913e-08 0.1289790556726942 0.00010431500977773538 0.08455087139696171 0.00012162514517656702
59852.259593198265 0.21347152390908092 6.253656483748887e-05 0.024539739727760322 1.985833194760083e-05 6.564068705649777e-05 5.311851581546853e-08 0.1288851876458 0.00010429796190966823 0.08458633626328091 0.00012160956705861614
59852.25979582523 0.2135924098748429 6.254806829754093e-05 0.024576174162322675 1.986270126920592e-05 6.573814454152897e-05 5.3130203195828335e-08 0.12907654497018212 0.00010432091002734203 0.08451586490466079 0.00012163516398100772
59852.2599984522 0.21360520905460312 6.254926414581193e-05 0.02454765801763434 1.9857247897442404e-05 6.566186747623365e-05 5.3115616118976545e-08 0.12892677530270139 0.0001042922683689202 0.08467843375190173 0.00012161121529989504
59852.26020107917 0.21382373664762638 6.257024524600251e-05 0.024760027199201003 1.9933449901804675e-05 6.622992806458179e-05 5.33194468024684e-08 0.13004215965966914 0.00010469248898006657 0.08378157698795724 0.00012196537557432544
59852.26040370613 0.21374636446283218 6.256780535826295e-05 0.024741967788767735 1.9929636305716405e-05 6.618162143534179e-05 5.330924591728514e-08 0.1299473098149566 0.00010467245958884667 0.08379905464787557 0.0001219469313419908
59852.260606333104 0.21343108372008812 6.253724307691526e-05 0.0244923023747434 1.9852326401916653e-05 6.55137981620467e-05 5.310245174350885e-08 0.1286360418841565 0.0001042664201781337 0.08479504183593162 0.00012158286535702435
59852.26080896007 0.2134991884211197 6.253803174997586e-05 0.024552218544882865 1.986183896447026e-05 6.567406630740521e-05 5.312789664017906e-08 0.12895072765169574 0.00010431638111591524 0.08454846076942396 0.00012162611884082245
59852.261011587034 0.21349976892164502 6.254074181327635e-05 0.024537619142515944 1.985926245514951e-05 6.563501476029793e-05 5.3121004804980406e-08 0.128874050118256 0.0001043028490291466 0.08462571880338901 0.00012161590645204203
59852.261214214006 0.21358353440869982 6.254597289438492e-05 0.024551509632433913 1.9857388747508427e-05 6.567217005664101e-05 5.311599287501423e-08 0.12894700437202689 0.00010429300812767032 0.08463653003667293 0.00012161015693445773
59852.26141684097 0.21373357334216092 6.255772456668905e-05 0.02458264345274438 1.9863669464647685e-05 6.575544907176279e-05 5.313279299566759e-08 0.12911052233584236 0.00010432599508743533 0.08462305100631856 0.0001216444908491351
59852.26161946794 0.21372272336144094 6.255452923082968e-05 0.024572021412745906 1.986153764950523e-05 6.57270364638388e-05 5.312709066091667e-08 0.12905473431064027 0.0001043147985793342 0.08466798905080067 0.00012163324516733815
59852.26182209491 0.21373074863158026 6.255940697562624e-05 0.0245558164469578 1.9859399311218447e-05 6.568369023849742e-05 5.312137087758315e-08 0.12896962419620694 0.00010430356781102126 0.08476112443537331 0.00012162612243778202
59852.26202472187 0.21377161110142184 6.255970978990389e-05 0.024600152952197415 1.986779686686578e-05 6.580228475897312e-05 5.31438332723926e-08 0.12920248399263348 0.00010434767262009338 0.08456912710878836 0.00012166410345795174
59852.262227348845 0.21356113953194072 6.254118825468999e-05 0.024558383936786762 1.985967052914772e-05 6.569055794770108e-05 5.312209635109742e-08 0.1289831089116952 0.00010430499227493551 0.08457803062024552 0.00012161797417233577
59852.26242997581 0.21382568117054407 6.256702360578548e-05 0.024575586881588986 1.986431484732402e-05 6.573657364015504e-05 5.313451931235876e-08 0.1290734605125472 0.00010432938470233204 0.08475222065799687 0.00012165218023222646
59852.262632602775 0.21364110340573483 6.254972691307364e-05 0.024604664872364006 1.9868186843369437e-05 6.581435357237395e-05 5.31448764100102e-08 0.12922618105233197 0.00010434972081601597 0.08441492235340287 0.00012166072731691425
59852.26283522975 0.21337627830271777 6.252753768531909e-05 0.024513264993905312 1.9852514050972554e-05 6.556987050590841e-05 5.310295368090067e-08 0.12874613967387247 0.00010426740572989788 0.0846301386288453 0.0001215787188065088
59852.26303785671 0.213380669074162 6.252549672140114e-05 0.024531089989309484 1.985632327349339e-05 6.561755010471789e-05 5.311314286734652e-08 0.12883975834721367 0.00010428741215070058 0.08454091072694833 0.00012159482749421555
59852.263240483684 0.2138070118294188 6.256078657801747e-05 0.02459275596975034 1.9863120001887014e-05 6.578249877039471e-05 5.313132325256834e-08 0.12916363429490726 0.00010432310925360829 0.08464337753451154 0.00012164359063099272
59852.26344311065 0.213551006970234 6.254418396758195e-05 0.024538450694426346 1.985614569098099e-05 6.563723905604546e-05 5.311266785668004e-08 0.12887841751274343 0.00010428647946943797 0.08467258945749057 0.00012160363789089635
59852.263645737614 0.21342370815470718 6.253456520827375e-05 0.024519730069472084 1.9853370418163598e-05 6.558716376194058e-05 5.3105244354372204e-08 0.12878009490268952 0.0001042719034567416 0.08464361325201766 0.00012158619040121243
59852.263848364586 0.21382160124176008 6.255873765822157e-05 0.024587590632028658 1.98639149590584e-05 6.576868214802253e-05 5.313344966203678e-08 0.1291365054203186 0.00010432728444883614 0.08468509582144149 0.00012164611764400274
59852.26405099155 0.21347086031046236 6.253509059665372e-05 0.024569780283452507 1.9861604244366844e-05 6.572104172761776e-05 5.312726879371348e-08 0.12904296367359513 0.00010431514834226285 0.08442789663686723 0.00012162354923944618
59852.264253618516 0.21342481329614016 6.253235035428801e-05 0.02453072093337054 1.9855551754278255e-05 6.561656292695385e-05 5.311107915143426e-08 0.12883782002820662 0.00010428336005398243 0.08458699326793354 0.00012159487663951948
59852.26445624549 0.21359590890745941 6.254967511766621e-05 0.024545968228107524 1.9856708561050285e-05 6.565734750386428e-05 5.311417346262705e-08 0.12891790035770762 0.00010428943571980193 0.0846780085497518 0.00012160899744706512
59852.26465887245 0.2136641364946364 6.255421608886014e-05 0.02458333125121756 1.9864360196819415e-05 6.575728884532342e-05 5.313464061649924e-08 0.12911413472278133 0.00010432962288245491 0.08455000177185507 0.00012164579795984351
59852.26486149942 0.213850753839786 6.256992916249664e-05 0.02458904524276688 1.9864282678128116e-05 6.577257304700173e-05 5.313443326384542e-08 0.12914414518259917 0.0001043292157464712 0.08470660865718682 0.0001216535297213919
59852.26506412639 0.213532802602043 6.253874497224871e-05 0.02454852668359031 1.985990080938651e-05 6.566419104733934e-05 5.312271232148901e-08 0.12893133762389872 0.00010430620172997116 0.08460146497814428 0.00012161775504439063
59852.265266753355 0.2136232108901226 6.254908160853258e-05 0.02456988533241401 1.986333605039698e-05 6.572132272024783e-05 5.313190115489286e-08 0.12904351540133407 0.00010432424396216903 0.08457969548878852 0.00012163854441890132
59852.26546938033 0.21381313381768186 6.257244155205678e-05 0.02474932497239101 1.9932136205225292e-05 6.620130096712127e-05 5.331593283096703e-08 0.12998595048524691 0.00010468558931315806 0.08382718333243494 0.00012196057990854568
59852.26567200729 0.2136134399729252 6.254805938573771e-05 0.024567425010486303 1.9860948355885056e-05 6.571474167156898e-05 5.3125514375327035e-08 0.1290305935424701 0.00010431170354981648 0.0845828464304551 0.00012162726351598381
59852.26587463426 0.21354256947915395 6.254169772321823e-05 0.02453618389350417 1.9856776049334242e-05 6.563117565147791e-05 5.3114353985215154e-08 0.1288665120457152 0.0001042897901750748 0.08467605743343876 0.00012160519844506455
59852.26607726123 0.21375352341265774 6.255687040816463e-05 0.024600043067300004 1.986631425931545e-05 6.580199083082868e-05 5.31398674854968e-08 0.12920190686607144 0.00010433988581573242 0.0845516165465863 0.00012165596494748616
59852.266279888194 0.21377372938129108 6.255938831851296e-05 0.024584351528811492 1.986404344367997e-05 6.576001795830494e-05 5.313379334208105e-08 0.1291194933235898 0.00010432795926302506 0.08465423605770128 0.0001216470309985982
59852.26648251516 0.21358376844657645 6.254596963887945e-05 0.024538681381429422 1.985726690625257e-05 6.563785611447985e-05 5.311566696512949e-08 0.12887962910414613 0.00010429236820510804 0.08470413934243032 0.00012160960646222592
59852.26668514213 0.21364725504297394 6.255092166447865e-05 0.02455028978286808 1.98595732409766e-05 6.566890711398166e-05 5.312183611759594e-08 0.12894059759909707 0.00010430448130765021 0.08470665744387687 0.0001216225415863922
59852.266887769096 0.21374918911369878 6.256247529063148e-05 0.02459564081097581 1.9868200914957174e-05 6.579021535427821e-05 5.31449140497202e-08 0.1291787857719318 0.00010434979472141373 0.08457040334176699 0.00012166734554880393
59852.26709039607 0.21357139026757277 6.254411341178726e-05 0.0245429052440271 1.985819115341921e-05 6.564915441046913e-05 5.311813920891452e-08 0.12890181325644487 0.00010429722244442863 0.0846695770111279 0.00012161281483498823
59852.26729302303 0.21363577979882897 6.254786792917732e-05 0.024573948679844963 1.9861322501506323e-05 6.573219165855264e-05 5.312651516734486e-08 0.12906485651179078 0.00010431366860034833 0.08457092328703819 0.00012162885035775479
59852.26749565 0.21355087346204937 6.253964506399891e-05 0.024554585762095238 1.9861658382581965e-05 6.568039831279549e-05 5.3127413606563006e-08 0.1289631605152061 0.00010431543268162797 0.08458771294684328 0.00012162613493935513
