WASP80b/WASP80b_WLP4/Results/25512_radii/WASP80b_WLP4_nrca3_level3_asn_phot.ecsv
# %ECSV 0.9
# ---
# datatype:
# - {name: MJD, datatype: float64}
# - {name: aperture_sum, unit: Jy, datatype: float64}
# - {name: aperture_sum_err, unit: Jy, datatype: float64}
# - {name: annulus_sum, unit: Jy, datatype: float64}
# - {name: annulus_sum_err, unit: Jy, datatype: float64}
# - {name: annulus_mean, unit: Jy, datatype: float64}
# - {name: annulus_mean_err, unit: Jy, datatype: float64}
# - {name: aperture_bkg, unit: Jy, datatype: float64}
# - {name: aperture_bkg_err, unit: Jy, datatype: float64}
# - {name: net_aperture_sum, unit: Jy, datatype: float64}
# - {name: net_aperture_sum_err, unit: Jy, datatype: float64}
# meta: !!omap
# - {instrument: NIRCAM}
# - {detector: NRCA3}
# - {channel: SHORT}
# - {subarray: SUBGRISM256}
# - {filter: WLP4}
# - {pupil: CLEAR}
# - {target_name: UNKNOWN}
# - {xcenter: 1055.75}
# - {ycenter: 166.5}
# - ra_icrs: !numpy.ndarray
#     buffer: !!binary |
#       N3hKNXpxcnlja0E9
#     dtype: float64
#     order: C
#     shape: !!python/tuple []
# - dec_icrs: !numpy.ndarray
#     buffer: !!binary |
#       OGpMa01hd25BY0E9
#     dtype: float64
#     order: C
#     shape: !!python/tuple []
# - {apertures: Photometry measured in a circular aperture of r=25.0 pixels.  Background calculated as the mean in a circular annulus
#     with r_inner=5.0 pixels and r_outer=12.0 pixels.}
# - {number_of_integrations: 1227}
# - __serialized_columns__:
#     annulus_mean:
#       __class__: astropy.units.quantity.Quantity
#       unit: &id001 !astropy.units.Unit {unit: Jy}
#       value: !astropy.table.SerializedColumn {name: annulus_mean}
#     annulus_mean_err:
#       __class__: astropy.units.quantity.Quantity
#       unit: *id001
#       value: !astropy.table.SerializedColumn {name: annulus_mean_err}
#     annulus_sum:
#       __class__: astropy.units.quantity.Quantity
#       unit: *id001
#       value: !astropy.table.SerializedColumn {name: annulus_sum}
#     annulus_sum_err:
#       __class__: astropy.units.quantity.Quantity
#       unit: *id001
#       value: !astropy.table.SerializedColumn {name: annulus_sum_err}
#     aperture_bkg:
#       __class__: astropy.units.quantity.Quantity
#       unit: *id001
#       value: !astropy.table.SerializedColumn {name: aperture_bkg}
#     aperture_bkg_err:
#       __class__: astropy.units.quantity.Quantity
#       unit: *id001
#       value: !astropy.table.SerializedColumn {name: aperture_bkg_err}
#     aperture_sum:
#       __class__: astropy.units.quantity.Quantity
#       unit: *id001
#       value: !astropy.table.SerializedColumn {name: aperture_sum}
#     aperture_sum_err:
#       __class__: astropy.units.quantity.Quantity
#       unit: *id001
#       value: !astropy.table.SerializedColumn {name: aperture_sum_err}
#     net_aperture_sum:
#       __class__: astropy.units.quantity.Quantity
#       unit: *id001
#       value: !astropy.table.SerializedColumn {name: net_aperture_sum}
#     net_aperture_sum_err:
#       __class__: astropy.units.quantity.Quantity
#       unit: *id001
#       value: !astropy.table.SerializedColumn {name: net_aperture_sum_err}
# schema: astropy-2.0
MJD aperture_sum aperture_sum_err annulus_sum annulus_sum_err annulus_mean annulus_mean_err aperture_bkg aperture_bkg_err net_aperture_sum net_aperture_sum_err
[from data line 69]
59852.21197586088 0.21348110855992758 6.253669381739599e-05 0.024557157743171278 1.986012687594684e-05 6.568727803551465e-05 5.31233170208259e-08 0.12897666881917688 0.00010430738905434266 0.0845044397407507 0.00012161771863073546
59852.21217848785 0.21390276219404322 6.256992390032779e-05 0.024595133951987834 1.9865110486888214e-05 6.578885957085995e-05 5.31366475471413e-08 0.1291761236974151 0.00010433356348155576 0.08472663849662812 0.00012165725562272328
59852.21238111481 0.21377842424459692 6.256271762887356e-05 0.024564555514727204 1.9858769755811262e-05 6.570706613485902e-05 5.3119686896826786e-08 0.12901552266138236 0.00010430026132253814 0.08476290158321456 0.00012162498982141751
59852.212583741784 0.21359451335199864 6.254708871462578e-05 0.024568570526097268 1.9862945776376473e-05 6.571780578033996e-05 5.313085722145547e-08 0.12903660990597304 0.00010432219420365795 0.0845579034460256 0.00012163576164163643
59852.21278636875 0.21346994926847 6.253485476743097e-05 0.02454013475117933 1.9858531276472985e-05 6.564174369397293e-05 5.311904899488541e-08 0.12888726234863093 0.00010429900880500519 0.08458268691983906 0.00012160958555348437
59852.212988995714 0.21350215635501507 6.253667611108629e-05 0.024582746724173616 1.9865315962000382e-05 6.57557253097198e-05 5.31371971669696e-08 0.1291110647278026 0.00010433464265756503 0.08439109162721248 0.00012164108482541866
59852.213191622686 0.21358428237509808 6.254675393250529e-05 0.024534661206161094 1.9857683533806948e-05 6.562710265622692e-05 5.3116781390922895e-08 0.12885851473824106 0.0001042945563750365 0.08472576763685702 0.00012161188641312588
59852.21339424965 0.21360319133947017 6.254677641638997e-05 0.02456225433124629 1.986198263148442e-05 6.570091076131367e-05 5.3128280931195234e-08 0.12900343661368852 0.00010431713566956103 0.08459975472578166 0.00012163126257004603
59852.21359687662 0.21355007747308435 6.25414253132686e-05 0.024554369419383198 1.9859399269062966e-05 6.567981962351778e-05 5.31213707648226e-08 0.12896202426146638 0.00010430356758961643 0.08458805321161797 0.00012161687420805074
59852.21379950359 0.21383723385638828 6.256643732846567e-05 0.02460339362196208 1.986713092868125e-05 6.581095313900631e-05 5.31420519723277e-08 0.12921950431702775 0.0001043441750455948 0.08461772953936053 0.00012166456322990089
59852.21400213055 0.21353700702395345 6.254283117093108e-05 0.024553329763576152 1.9860361518378194e-05 6.567703867627737e-05 5.312394465952857e-08 0.12895656388432855 0.00010430862142005355 0.0845804431396249 0.00012162193154784068
59852.214204757525 0.21360913906585982 6.254746551721749e-05 0.02455334845885855 1.985880277282857e-05 6.567708868378334e-05 5.31197752131547e-08 0.12895666207383694 0.0001043004347312425 0.08465247699202288 0.00012161729370346015
59852.21440738449 0.2136311531372185 6.254986437881886e-05 0.024556888031848495 1.985870945120196e-05 6.56865565919814e-05 5.3119525589656003e-08 0.12897525226811185 0.00010429994459664896 0.08465590086910665 0.0001216181071085744
59852.214610011455 0.21354534058831182 6.254279694781469e-05 0.024574468742805777 1.9862987382403385e-05 6.573358276092125e-05 5.3130968512293213e-08 0.1290675879349043 0.00010432241272270686 0.08447775265340751 0.00012163374221959287
59852.21481263843 0.2136459926218668 6.255084936071084e-05 0.024560565248891504 1.9861269289821973e-05 6.569639268053966e-05 5.3126372832847476e-08 0.12899456538283352 0.00010431338912721625 0.08465142723903327 0.00012163014390747212
59852.21501526539 0.2137110725636994 6.255938439856029e-05 0.024560281288065908 1.986162310087246e-05 6.569563312139616e-05 5.312731923247109e-08 0.1289930739919428 0.00010431524737853182 0.0847179985717566 0.00012163612708390185
59852.215217892364 0.21370152545239052 6.255685314121622e-05 0.024551634353898153 1.9860903471496357e-05 6.567250367071737e-05 5.312539431528789e-08 0.12894765942173403 0.00010431146781248088 0.08475386603065649 0.00012163158385931643
59852.21542051933 0.21366868229309982 6.255300013057042e-05 0.024549551789713568 1.9858156647670653e-05 6.566693307602354e-05 5.31180469104196e-08 0.1289367215846301 0.00010429704121675764 0.08473196070846972 0.00012161722999602147
59852.215623146294 0.21369038991250727 6.25610436823187e-05 0.02456169003260927 1.986316473288192e-05 6.569940133412945e-05 5.313144290229857e-08 0.12900047286034283 0.00010432334418530421 0.08468991705216444 0.00012164392433914006
59852.215825773266 0.21361356084037553 6.255021432610222e-05 0.024540639392146752 1.985905314790785e-05 6.564309354446793e-05 5.312044493469242e-08 0.12888991277388 0.00010430174972640677 0.08472364806649552 0.00012161983517597497
59852.21602840023 0.21345687897835716 6.253859659569871e-05 0.024555906615159842 1.98616160092036e-05 6.56839314269859e-05 5.3127300263157585e-08 0.12897009776869667 0.00010431521013237185 0.0844867812096605 0.00012162540494946125
59852.216231027196 0.21356054263409835 6.25480838652572e-05 0.024567903659408603 1.9862910268270113e-05 6.571602199664443e-05 5.3130762241780735e-08 0.12903310745487712 0.00010432200771150271 0.08452743517922123 0.00012163611342103167
59852.21643365417 0.21393054315614213 6.259847620111192e-05 0.024572532740703416 1.986315442094002e-05 6.572840420118299e-05 5.313141531916367e-08 0.1290574198566356 0.00010432329002594549 0.08487312329950653 0.0001216631335472612
59852.21663628113 0.21371499529402008 6.25579085979964e-05 0.024580178008612064 1.986394477451454e-05 6.574885432183715e-05 5.313352941459519e-08 0.1290975735746432 0.0001043274410426184 0.08461742171937689 0.00012164582558664431
59852.216838908105 0.21383379174747752 6.257526243770007e-05 0.024754213571539143 1.9933961826755093e-05 6.62143773489569e-05 5.332081613669279e-08 0.1300116259009409 0.00010469517766152887 0.08382216584653662 0.00012197025741846301
59852.21704153507 0.21374928875451457 6.255823272356642e-05 0.024592252486663 1.9865506147200124e-05 6.578115201708188e-05 5.3137705888224084e-08 0.12916098995096115 0.00010433564152941242 0.08458829880355342 0.00012165302534195336
59852.217244162035 0.21393562999954763 6.257072865315637e-05 0.024637326316397576 1.9872487553835506e-05 6.590171878693633e-05 5.31563802642872e-08 0.12939772224998727 0.00010437230858106884 0.08453790774956035 0.00012169089893138591
59852.21744678901 0.2137106474713642 6.25534298498793e-05 0.024587839416623312 1.9863550431168705e-05 6.576934761521588e-05 5.313247459622939e-08 0.12913781206209726 0.00010432536991160035 0.08457283540926694 0.00012164174609555725
59852.21764941597 0.21375654539721686 6.256238877118385e-05 0.024561939734350155 1.9860435486424787e-05 6.570006925457247e-05 5.312414251465875e-08 0.12900178431906595 0.00010430900990769322 0.08475476107815091 0.00012163232315745676
59852.21785204294 0.21375325173754628 6.25576711225438e-05 0.02460199674035462 1.986919358431887e-05 6.58072166581199e-05 5.314756931418692e-08 0.12921216775396333 0.00010435500832100247 0.08454108398358295 0.00012166934691183661
59852.21805466991 0.21363379433379565 6.254883549777594e-05 0.02459554519444263 1.9867374806211693e-05 6.578995959219591e-05 5.314270431374752e-08 0.1291782835842575 0.00010434545591497739 0.08445551074953814 0.00012165661096805355
59852.218257296874 0.21398164033863643 6.258319838858012e-05 0.024593190360997934 1.9864667684229243e-05 6.578366071181136e-05 5.313546310626753e-08 0.1291659157615438 0.00010433123783733847 0.08481572457709263 0.00012166208903851547
59852.21845992384 0.21352839723698802 6.254456208576666e-05 0.024541256285106526 1.9857163032394713e-05 6.564474365478568e-05 5.311538911575242e-08 0.12889315275791244 0.00010429182264913192 0.08463524447907558 0.00012160841466764669
59852.21866255081 0.21387083621578434 6.256823362443717e-05 0.024593811479653928 1.986702246721069e-05 6.578532212532981e-05 5.314176185166931e-08 0.1291691779393589 0.00010434360539501414 0.08470165827642545 0.00012166499844126319
59852.218865177776 0.21356278965939934 6.254284610681636e-05 0.0245659172135307 1.9861617003596003e-05 6.571070850621329e-05 5.3127302923030974e-08 0.1290226744408125 0.00010431521535502103 0.08454011521858684 0.00012162759454048793
59852.21906780475 0.21389267951022312 6.256948234340257e-05 0.02462296894564183 1.987193023653665e-05 6.586331464364927e-05 5.3154889511295884e-08 0.129322315890976 0.00010436938149441519 0.08457036361924711 0.00012168774759296082
59852.21927043171 0.21354332771585965 6.254477921661856e-05 0.02455298418882257 1.9859339300869946e-05 6.567611430770188e-05 5.312121035752264e-08 0.12895474889087483 0.00010430325263061947 0.08458857882498483 0.00012161832886774258
59852.21947305868 0.21355717247884493 6.254109000722926e-05 0.02454819297896007 1.985906881805915e-05 6.566329842983622e-05 5.312048685035693e-08 0.1289295849735298 0.00010430183202762158 0.08462758750531513 0.00012161521329015765
59852.21967568565 0.21377184971047417 6.256484849729548e-05 0.02458194073056577 1.9866069004508666e-05 6.575356937918554e-05 5.31392114600377e-08 0.12910683156809755 0.00010433859771275561 0.08466501814237662 0.00012165896284349044
59852.219878312615 0.21358983035339862 6.254428975538688e-05 0.024536164467203053 1.985818411762944e-05 6.56311236885897e-05 5.311812038907048e-08 0.12886641001682278 0.00010429718549175127 0.08472342033657584 0.00012161287383540677
59852.22008093958 0.2136350211299477 6.254829900047341e-05 0.024578514492918136 1.9861793102354924e-05 6.57444046286338e-05 5.312777396484534e-08 0.1290888366224692 0.00010431614024346075 0.0845461845074785 0.00012163119181832427
59852.22028356655 0.21365554517809168 6.25479750280062e-05 0.024671086741437802 1.9883403517891243e-05 6.59920236361134e-05 5.318557908173399e-08 0.12957503540671114 0.00010442964032505906 0.08408050977138054 0.00012172838189397446
59852.22048619352 0.21367094209441354 6.255403308593193e-05 0.024596489379301003 1.9866456210174512e-05 6.579248516677412e-05 5.314024718601606e-08 0.12918324253834562 0.00010434063135595858 0.08448769955606791 0.00012165514541964887
59852.22068882049 0.21359685677192242 6.254538101015248e-05 0.02455316313323745 1.9860668295299372e-05 6.567659296128452e-05 5.3124765248829946e-08 0.1289556887249866 0.00010431023264337906 0.0846411680469358 0.00012162462464411146
59852.220891447454 0.21378931525370665 6.259572214227058e-05 0.0245502680344912 1.986015972062317e-05 6.566884893983572e-05 5.312340487616358e-08 0.1289404833744286 0.00010430756155789482 0.08484883187927805 0.00012164822986244543
59852.22109407442 0.21366719564462794 6.255205434218119e-05 0.024566418677989935 1.9864538710585084e-05 6.571204985995232e-05 5.3135118118149936e-08 0.12902530818272026 0.0001043305604547536 0.08464188746190768 0.0001216454904516817
59852.22129670139 0.21347857593915717 6.254038416111214e-05 0.024522191194576777 1.9856323657568378e-05 6.559374695901587e-05 5.3113143894698327e-08 0.12879302097992007 0.00010428741416790115 0.0846855549592371 0.00012160248519190237
59852.221499328356 0.21366051663788366 6.255316644324223e-05 0.02453614889765043 1.9857299465511318e-05 6.563108204201387e-05 5.311575405701139e-08 0.12886632824396235 0.00010429253920961828 0.0847941883939213 0.00012161345471149864
59852.22170195532 0.2135779049252663 6.254652374042614e-05 0.02454012954855765 1.9857679589075904e-05 6.564172977762072e-05 5.311677083926836e-08 0.12888723502393726 0.00010429453565691127 0.08469066990132904 0.00012161175025425145
59852.22190458229 0.21364130366602918 6.25521128939654e-05 0.024576694833142607 1.9863972108597252e-05 6.573953726984353e-05 5.3133602529794826e-08 0.129079279585833 0.00010432758460397717 0.08456202408019617 0.00012164296829985451
59852.22210720926 0.21361709056042838 6.255076721904729e-05 0.024568629106669793 1.9862669322002527e-05 6.571796247593133e-05 5.3130117741116765e-08 0.12903691757704724 0.00010432074223740823 0.08458017298338114 0.00012163640795689098
59852.22230983623 0.21374303458622898 6.25569275447347e-05 0.024572456587897803 1.9862864636239614e-05 6.57282005020999e-05 5.3130640181894726e-08 0.12905701989442125 0.00010432176804747697 0.08468601469180773 0.0001216404557389883
59852.222512463195 0.21358698469497023 6.254491034326479e-05 0.02456005835760218 1.986267265944487e-05 6.569503681071939e-05 5.3130126668351156e-08 0.12899190313866693 0.00010432075976599196 0.0845950815563033 0.00012163341123227959
59852.22271509016 0.21340833152370603 6.253396301547167e-05 0.024526189547432256 1.9856130179638473e-05 6.560444204508603e-05 5.3112626365808854e-08 0.12881402073231227 0.0001042863980023029 0.08459431079139376 0.00012159831141391357
59852.22291771713 0.21350033830003762 6.253401982240607e-05 0.024545489892746526 1.985803117925781e-05 6.565606801752547e-05 5.311771129835059e-08 0.12891538809215614 0.0001042963822440011 0.08458495020788148 0.00012160690352252154
59852.2231203441 0.21355776066600016 6.255235056729326e-05 0.02452562847314352 1.9855789746413267e-05 6.560294124262396e-05 5.3111715750168785e-08 0.12881107391356894 0.00010428461001267472 0.08474668675243122 0.00012160623523072002
59852.22332297106 0.21357841997201127 6.254419098871593e-05 0.024562884694747406 1.9862529111225422e-05 6.570259690361867e-05 5.312974269509574e-08 0.12900674734636244 0.00010432000583626797 0.08457167262564882 0.0001216323947150263
59852.223525598034 0.2136216956227931 6.255382169962828e-05 0.024571543273556828 1.9861172776093066e-05 6.572575750223497e-05 5.312611467088056e-08 0.1290522230754035 0.00010431288222737956 0.08456947254738958 0.00012163123779610254
59852.223728225 0.21355623437826904 6.254268865726787e-05 0.02453682366874709 1.9858637274799915e-05 6.563288696899688e-05 5.3119332526947436e-08 0.12886987220980617 0.00010429956551890713 0.08468636216846287 0.00012161409158445721
59852.22393085197 0.21366149774431425 6.25534379773967e-05 0.02458543652978931 1.9864105915678603e-05 6.576292019811802e-05 5.313396044674302e-08 0.12912519185813712 0.00010432828737226157 0.08453630588617714 0.00012164425242822289
59852.224133478936 0.21367069236449385 6.25531008463775e-05 0.024566592323100614 1.9862670308740077e-05 6.571251433856926e-05 5.3130120380514396e-08 0.12902622018435198 0.00010432074741985336 0.08464447218014187 0.00012163761247136478
59852.2243361059 0.21366257941652994 6.255042711448686e-05 0.024573599988772322 1.986290142319442e-05 6.573125895421949e-05 5.313073858232664e-08 0.12906302515111517 0.00010432196125627322 0.08459955426541477 0.00012163727854798505
59852.22453873287 0.21366068274630098 6.254838795215799e-05 0.024579605450186705 1.9863416793639867e-05 6.574732280076816e-05 5.313211713281263e-08 0.12909456644005624 0.00010432466803382284 0.08456611630624475 0.00012163855143736709
59852.22474135984 0.21354299892571427 6.254543997781577e-05 0.024531791197748738 1.9857294411765796e-05 6.561942574823461e-05 5.311574053888398e-08 0.12884344116464674 0.00010429251266683717 0.08469955776106752 0.0001216094579396724
59852.2249439868 0.21359464862261768 6.254633426727047e-05 0.024548739025604678 1.9859321062702402e-05 6.566475903525888e-05 5.3121161572740834e-08 0.1289324528655708 0.0001043031568419244 0.08466219575704687 0.00012161904644201175
59852.225146613775 0.21374048190822056 6.25559696197968e-05 0.024570637875387623 1.9862610362050917e-05 6.572333567712413e-05 5.312996003073453e-08 0.1290474678329182 0.00010432043257379684 0.08469301407530236 0.00012163881776578164
59852.22534924074 0.21363733308893645 6.255162588404093e-05 0.024576068028854925 1.98641178722625e-05 6.573786064798243e-05 5.313399242908638e-08 0.12907598754650698 0.00010432835016944591 0.08456134554242947 0.00012164337445917695
59852.225551867705 0.21353794207894713 6.254392923323413e-05 0.02455275712427024 1.9859674800397e-05 6.567550693886317e-05 5.3122107776146773e-08 0.12895355632494876 0.00010430501470796745 0.08458438575399838 0.00012161940296334753
