WASP80b/WASP80b_WLP4/Results/25512_radii/WASP80b_WLP4_nrca3_level3_asn_phot.ecsv
# %ECSV 0.9
# ---
# datatype:
# - {name: MJD, datatype: float64}
# - {name: aperture_sum, unit: Jy, datatype: float64}
# - {name: aperture_sum_err, unit: Jy, datatype: float64}
# - {name: annulus_sum, unit: Jy, datatype: float64}
# - {name: annulus_sum_err, unit: Jy, datatype: float64}
# - {name: annulus_mean, unit: Jy, datatype: float64}
# - {name: annulus_mean_err, unit: Jy, datatype: float64}
# - {name: aperture_bkg, unit: Jy, datatype: float64}
# - {name: aperture_bkg_err, unit: Jy, datatype: float64}
# - {name: net_aperture_sum, unit: Jy, datatype: float64}
# - {name: net_aperture_sum_err, unit: Jy, datatype: float64}
# meta: !!omap
# - {instrument: NIRCAM}
# - {detector: NRCA3}
# - {channel: SHORT}
# - {subarray: SUBGRISM256}
# - {filter: WLP4}
# - {pupil: CLEAR}
# - {target_name: UNKNOWN}
# - {xcenter: 1055.75}
# - {ycenter: 166.5}
# - ra_icrs: !numpy.ndarray
#     buffer: !!binary |
#       N3hKNXpxcnlja0E9
#     dtype: float64
#     order: C
#     shape: !!python/tuple []
# - dec_icrs: !numpy.ndarray
#     buffer: !!binary |
#       OGpMa01hd25BY0E9
#     dtype: float64
#     order: C
#     shape: !!python/tuple []
# - {apertures: Photometry measured in a circular aperture of r=25.0 pixels.  Background calculated as the mean in a circular annulus
#     with r_inner=5.0 pixels and r_outer=12.0 pixels.}
# - {number_of_integrations: 1227}
# - __serialized_columns__:
#     annulus_mean:
#       __class__: astropy.units.quantity.Quantity
#       unit: &id001 !astropy.units.Unit {unit: Jy}
#       value: !astropy.table.SerializedColumn {name: annulus_mean}
#     annulus_mean_err:
#       __class__: astropy.units.quantity.Quantity
#       unit: *id001
#       value: !astropy.table.SerializedColumn {name: annulus_mean_err}
#     annulus_sum:
#       __class__: astropy.units.quantity.Quantity
#       unit: *id001
#       value: !astropy.table.SerializedColumn {name: annulus_sum}
#     annulus_sum_err:
#       __class__: astropy.units.quantity.Quantity
#       unit: *id001
#       value: !astropy.table.SerializedColumn {name: annulus_sum_err}
#     aperture_bkg:
#       __class__: astropy.units.quantity.Quantity
#       unit: *id001
#       value: !astropy.table.SerializedColumn {name: aperture_bkg}
#     aperture_bkg_err:
#       __class__: astropy.units.quantity.Quantity
#       unit: *id001
#       value: !astropy.table.SerializedColumn {name: aperture_bkg_err}
#     aperture_sum:
#       __class__: astropy.units.quantity.Quantity
#       unit: *id001
#       value: !astropy.table.SerializedColumn {name: aperture_sum}
#     aperture_sum_err:
#       __class__: astropy.units.quantity.Quantity
#       unit: *id001
#       value: !astropy.table.SerializedColumn {name: aperture_sum_err}
#     net_aperture_sum:
#       __class__: astropy.units.quantity.Quantity
#       unit: *id001
#       value: !astropy.table.SerializedColumn {name: net_aperture_sum}
#     net_aperture_sum_err:
#       __class__: astropy.units.quantity.Quantity
#       unit: *id001
#       value: !astropy.table.SerializedColumn {name: net_aperture_sum_err}
# schema: astropy-2.0
MJD aperture_sum aperture_sum_err annulus_sum annulus_sum_err annulus_mean annulus_mean_err aperture_bkg aperture_bkg_err net_aperture_sum net_aperture_sum_err
[from data line 1103]
59852.42149214537 0.21379084559314626 6.255982047248758e-05 0.02458215723974315 1.9862628005375947e-05 6.575414851373688e-05 5.3130007224388165e-08 0.12910796869613 0.00010432052523831906 0.08468287689701626 0.0001216408776832387
59852.42169477234 0.21357438221722994 6.254475549977563e-05 0.024552293637146082 1.9859653282126458e-05 6.567426716967208e-05 5.312205021750604e-08 0.12895112204383447 0.00010430490169184066 0.08462326017339547 0.0001216197309546081
59852.421897399305 0.21359716258837677 6.254799869526293e-05 0.024516166082194694 1.98537004717483e-05 6.55776305486244e-05 5.3106127205792216e-08 0.128761376482115 0.00010427363693145118 0.08483578610626177 0.00012159458663811771
59852.42210002627 0.21345991353049618 6.253869386181503e-05 0.02453356122878081 1.9858610840784406e-05 6.562416035643933e-05 5.3119261819313246e-08 0.1288527375461177 0.00010429942668479206 0.08460717598437847 0.00012161191815244974
59852.42230265324 0.2135493334287608 6.254569241584507e-05 0.02453012023195099 1.9856490387404147e-05 6.561495612694975e-05 5.311358987583318e-08 0.1288346650837762 0.0001042882898498117 0.08471466834498462 0.00012160596629925621
59852.42250528021 0.2134981989718842 6.253856553565489e-05 0.024562579992209392 1.9862456166175584e-05 6.570178186302879e-05 5.3129547576351947e-08 0.12900514701790647 0.00010431962272151043 0.08449305195397774 0.00012162917357285494
59852.42270790718 0.21370458357112068 6.255739502048113e-05 0.024562969070589358 1.9860665884724343e-05 6.570282259827957e-05 5.31247588008479e-08 0.12900719049679285 0.00010431021998279593 0.08469739307432783 0.00012163079241955056
59852.422910534144 0.21376461072257466 6.25562469183461e-05 0.02460173380461285 1.9864454274647316e-05 6.580651333840531e-05 5.3134892262740353e-08 0.12921078678893305 0.0001043301169886939 0.08455382393364161 0.00012164726605799097
59852.42311316111 0.2135057404187536 6.254070649081861e-05 0.024517853954073517 1.985474783339616e-05 6.558214539152895e-05 5.3108928765178125e-08 0.12877024135542817 0.00010427913778044203 0.08473549906332542 0.00012159555314485448
59852.42331578808 0.2134868813240426 6.253431419908356e-05 0.024583410632831433 1.9865836849092698e-05 6.575750118105851e-05 5.313859047378531e-08 0.12911455164302224 0.0001043373784091003 0.08437232968102035 0.00012164221711903107
59852.423518415046 0.21382035520007484 6.256173512220988e-05 0.02457980899762444 1.986203076001561e-05 6.574786726431218e-05 5.312840966890351e-08 0.129095635491725 0.00010431738844546013 0.08472471970834983 0.0001216391722825446
59852.42372104201 0.21368273759350478 6.255513821681198e-05 0.02456192188209582 1.9860164863546768e-05 6.570002150205949e-05 5.312341863283101e-08 0.12900169055722596 0.00010430758856904816 0.08468104703627882 0.00012162737500420815
59852.42392366898 0.2135339242197584 6.254327187363526e-05 0.024528311068912394 1.9855966469007203e-05 6.561011684559763e-05 5.311218846066258e-08 0.12882516317706091 0.00010428553817755884 0.08470876104269748 0.00012160236152987547
59852.42412629595 0.21381946705465502 6.256437399943164e-05 0.02454724940811784 1.9858739897054922e-05 6.566077449767322e-05 5.311960702844585e-08 0.12892462924431639 0.00010430010450133888 0.08489483781033863 0.00012162570736867667
59852.42432892292 0.21359269051460336 6.254797587849278e-05 0.024587983524148264 1.986334867325845e-05 6.576973308454248e-05 5.3131934919444094e-08 0.12913856892935013 0.00010432431025871035 0.08445412158525323 0.00012163803269311853
59852.424531549885 0.21361266392041964 6.254554563015642e-05 0.024572750572820823 1.986158795399032e-05 6.572898687443087e-05 5.312722521902527e-08 0.12905856393288248 0.00010431506278356262 0.08455409998753716 0.00012162885184738277
59852.42473417685 0.21365736340898006 6.255180188195731e-05 0.024573304405227973 1.9862076757716174e-05 6.573046830577949e-05 5.3128532706910505e-08 0.12906147271653348 0.00010431763003002194 0.08459589069244658 0.00012163427088514229
59852.42493680382 0.21347351180225527 6.253407134492145e-05 0.02453694688887529 1.985785008230107e-05 6.563321656719e-05 5.311722688699187e-08 0.12887051937434502 0.00010429543110452243 0.08460299242791025 0.00012160611427165128
59852.42513943079 0.2137396177811571 6.255315815442363e-05 0.02461527483854881 1.986807015398169e-05 6.584273388437982e-05 5.314456428071833e-08 0.12928190566464712 0.00010434910795158452 0.08445771211650999 0.00012166196581258983
59852.42534205775 0.2135859305688837 6.254497189742077e-05 0.024552160142825057 1.9856622690760768e-05 6.567391008931804e-05 5.311394377050871e-08 0.12895042091819886 0.0001042889847203822 0.08463550965068484 0.00012160619163372095
59852.425544684724 0.21358345757526342 6.254564433605892e-05 0.024556675486321858 1.9858986459432388e-05 6.568598805969238e-05 5.3120266551490454e-08 0.1289741359575728 0.00010430139947180877 0.08460932161769064 0.00012161718446498673
59852.42574731169 0.21355417809578378 6.253947829041017e-05 0.024592619291094634 1.9864983434987133e-05 6.578213317234982e-05 5.313630769944237e-08 0.12916291644482478 0.00010433289619215932 0.084391261650959 0.00012164102750585665
59852.42594993866 0.21359706382153035 6.254497879922576e-05 0.024531248638307093 1.985579888738172e-05 6.561797447063699e-05 5.311174020109843e-08 0.12884059158774736 0.00010428465802196281 0.08475647223378299 0.00012160248464465409
59852.426152565626 0.2135646153655413 6.254798627552692e-05 0.02451971604760954 1.9856912296107742e-05 6.558712625523914e-05 5.3114718428029993e-08 0.12878002125845345 0.0001042905057568684 0.08478459410708786 0.00012160904644863763
59852.42635519259 0.21361223811344715 6.255132965698905e-05 0.02454097170944903 1.9857925351978365e-05 6.564398245104494e-05 5.3117428223818864e-08 0.12889165813786255 0.0001042958264284578 0.0847205799755846 0.00012161532901839436
59852.42655781956 0.21393328985627827 6.257269342330042e-05 0.024599734904706443 1.9866568868229926e-05 6.580116653502968e-05 5.314054853200594e-08 0.12920028836505487 0.00010434122304742609 0.0847330014912234 0.0001216652488974525
59852.42676044653 0.21371078099020008 6.25515425712705e-05 0.024615745633034865 1.986654527986989e-05 6.584399319983589e-05 5.314048543613873e-08 0.12928437832476297 0.00010434109915898052 0.0844264026654371 0.00012165426606473638
59852.42696307349 0.2135542117215505 6.254569925526553e-05 0.024532362802768763 1.985671034544326e-05 6.562095471906543e-05 5.3114178235651626e-08 0.12884644329185277 0.00010428944509161377 0.08470776842969774 0.00012160696054439831
59852.427165700465 0.21366455273035923 6.255094110810397e-05 0.024575259355537685 1.986275224945907e-05 6.573569754956586e-05 5.313033956153067e-08 0.1290717403126979 0.00010432117778077245 0.08459281241766131 0.00012163687091945855
59852.42736832743 0.2136000832435626 6.254737691202745e-05 0.024571537925550033 1.9861249329771752e-05 6.572574319699604e-05 5.31263194422482e-08 0.12905219498713255 0.00010431328429501971 0.08454788825643006 0.00012162826825614525
59852.4275709544 0.2137360024703976 6.255469876532034e-05 0.024566872450278998 1.9859678640805753e-05 6.571326364319338e-05 5.3122118048752426e-08 0.12902769144054096 0.00010430503487818149 0.08470831102985663 0.00012162495894576339
59852.42777358137 0.21364342075231835 6.255303011297544e-05 0.024549515006052524 1.9858129626896546e-05 6.566683468440202e-05 5.311797463328069e-08 0.128936528393133 0.00010429689930092724 0.08470689235918535 0.00012161712371250427
59852.42797620833 0.21365849847573115 6.255052025942327e-05 0.02457911211243021 1.9861845141694893e-05 6.574600318492683e-05 5.3127913163470404e-08 0.12909197538041078 0.00010431641355932193 0.08456652309532037 0.0001216325685110859
59852.428178835304 0.21371217889872965 6.255863946333335e-05 0.024550829634060287 1.9860129067406237e-05 6.567035114735601e-05 5.3123322882701454e-08 0.1289434329519973 0.0001043074005641084 0.08476874594673234 0.00012162901456455483
59852.42838146227 0.21352381397105435 6.253888448012249e-05 0.0245584798673925 1.9860279846369778e-05 6.569081454988757e-05 5.312372619727896e-08 0.12898361274891018 0.00010430819247042952 0.08454020122214417 0.00012161953415659129
59852.42858408923 0.2140224549766743 6.258251914492284e-05 0.024668064498126877 1.9878595977224076e-05 6.598393951910231e-05 5.317271952103996e-08 0.12955916228007816 0.00010440439063668107 0.08446329269659614 0.00012172447776327214
59852.428786716206 0.21361337781729195 6.254795067851612e-05 0.024516855019285515 1.9852778804667487e-05 6.557947336784261e-05 5.3103661863409077e-08 0.12876499484918866 0.00010426879624300152 0.08484838296810329 0.0001215904108227563
59852.42898934317 0.21349129495788471 6.253637455202997e-05 0.024589616772186323 1.986454685615514e-05 6.577410181561059e-05 5.31351399065153e-08 0.12914714691274332 0.00010433060323610895 0.0843441480451414 0.00012163746509082704
59852.429191970135 0.2135751235746866 6.254654977725009e-05 0.02456615839016393 1.986177532510641e-05 6.57113536230761e-05 5.312772641296339e-08 0.12902394112481058 0.00010431604687555888 0.08455118244987603 0.00012163021222040936
59852.42939459711 0.21388517167517937 6.256899779536948e-05 0.024604509763323495 1.9865834043970685e-05 6.58139386753905e-05 5.31385829704402e-08 0.12922536640400997 0.00010433736367631663 0.0846598052711694 0.0001216600384022663
59852.42959722407 0.21345054098091615 6.253536950502648e-05 0.024534540315356342 1.9855942759729525e-05 6.562677928867817e-05 5.3112125041356036e-08 0.12885787980754382 0.00010428541365404164 0.08459266117337233 0.00012159819052981326
59852.429799851045 0.2137273579710844 6.256519463692017e-05 0.024727347541652553 1.9929352904769147e-05 6.614251413118034e-05 5.330848785574509e-08 0.12987052280279704 0.00010467097113849342 0.08385683516828735 0.00012194431425462618
59852.43000247801 0.2134324942582697 6.253121647775262e-05 0.02452805842558931 1.985468065370358e-05 6.560944105679581e-05 5.310874906803275e-08 0.1288238362688514 0.00010427878494592216 0.0846086579894183 0.00012159036978307716
59852.430205104974 0.21356364095700675 6.254253449674688e-05 0.02455747673831461 1.985914113030355e-05 6.568813130700849e-05 5.312068027642655e-08 0.12897834421383725 0.00010430221181882117 0.0845852967431695 0.00012161628185228741
59852.43040773195 0.21365824546094644 6.255132040665683e-05 0.024590645221308594 1.9866883052954943e-05 6.577685278639257e-05 5.3141388936241746e-08 0.12915254843124263 0.00010434287317728437 0.08450569702970381 0.00012165567338807958
59852.43061035891 0.21358773197829284 6.254762574965592e-05 0.024547689634805615 1.985725625945405e-05 6.56619520481512e-05 5.3115638486295665e-08 0.12892694135927318 0.0001042923122870486 0.08466079061901965 0.00012161041028258348
59852.43081298588 0.21376727402571338 6.255876894119843e-05 0.02457482370222036 1.9862667276187942e-05 6.573453223227299e-05 5.3130112268822584e-08 0.12906945221754393 0.00010432073149258373 0.08469782180816945 0.00012164051377146514
59852.43101561285 0.21367793905333765 6.255057537182586e-05 0.024569810727144505 1.986062416573643e-05 6.572112316062729e-05 5.312464720785383e-08 0.12904312356693542 0.00010431000087046445 0.08463481548640223 0.00012162709714920751
59852.43121823981 0.2134570219232652 6.253466980734524e-05 0.024532886531366004 1.9854601013340234e-05 6.562235562654591e-05 5.310853604017567e-08 0.1288491939672584 0.00010427836666670291 0.0846078279560068 0.00012159178706881906
59852.431420866786 0.21353906673483025 6.254440746613486e-05 0.024536258128428787 1.9857285494030675e-05 6.563137422047291e-05 5.3115716685075145e-08 0.12886690193502515 0.00010429246582999305 0.0846721647998051 0.00012160888674019747
59852.43162349375 0.21366482221385397 6.255254534062753e-05 0.02453655767883834 1.985941951053939e-05 6.56321754797735e-05 5.312142490820122e-08 0.12886847520398287 0.00010430367389989175 0.0847963470098711 0.00012162268422299445
59852.431826120715 0.213870627423862 6.25683487392356e-05 0.024615313864144103 1.9868950077286592e-05 6.584283827289072e-05 5.314691796380264e-08 0.12928211063100897 0.00010435372939751362 0.08458851679285304 0.00012167374040081164
59852.43202874769 0.21355967425853387 6.25416720271509e-05 0.024542713608878282 1.9856745503890514e-05 6.564864181078501e-05 5.311427228003267e-08 0.1289008067693187 0.00010428962974732414 0.08465886748921517 0.00012160504764517658
59852.43223137465 0.2134578620809866 6.253755998424084e-05 0.02454053351466326 1.9858850131771496e-05 6.564281033564675e-05 5.311990189231212e-08 0.12888935669465998 0.00010430068346518644 0.08456850538632663 0.00012161241293588224
59852.43243400162 0.21366570245561073 6.255629211709209e-05 0.024557523181893328 1.9859702410477758e-05 6.568825553768292e-05 5.3122181629606127e-08 0.12897858814019605 0.0001043051597188958 0.08468711431541467 0.00012162588551547453
59852.43263662859 0.21354740173834527 6.254390333421379e-05 0.024521014893588884 1.985465419158586e-05 6.559060050327155e-05 5.310867828522873e-08 0.12878684292851306 0.00010427864596421146 0.08476055880983221 0.00012159677564972203
59852.432839255554 0.21368005445724214 6.255544326780079e-05 0.024575811644374806 1.9862255950213566e-05 6.57371748520607e-05 5.3129012024082354e-08 0.1290746409893635 0.00010431857116708807 0.08460541346787864 0.0001216369506884066
59852.43304188253 0.2136318483035199 6.254763404815106e-05 0.024539500915451172 1.9858135536775422e-05 6.56400482639016e-05 5.3117990441456085e-08 0.12888393337947046 0.00010429693034020706 0.08474791492404943 0.00012161437498672363
59852.43324450949 0.21354016824472422 6.25417148172854e-05 0.024534220454858886 1.9857271313713375e-05 6.562592370247194e-05 5.311567875452736e-08 0.12885619986795632 0.00010429239135353664 0.08468396837676789 0.00012160743803947972
59852.43344713646 0.21372552780408438 6.255610840290028e-05 0.024574873399953418 1.9860080640806078e-05 6.573466516739696e-05 5.3123193347696533e-08 0.12906971323504948 0.000104307146222721 0.0846558145690349 0.00012162749463687686
59852.43364976343 0.21355948315788964 6.25459993363118e-05 0.024523043920993068 1.9853699723392093e-05 6.559602789387734e-05 5.3106125204034404e-08 0.12879749958504763 0.0001042736330010089 0.08476198357284201 0.00012159355481359615
59852.43385239039 0.21355613450919164 6.253956242654439e-05 0.024565701947013928 1.9860533423150753e-05 6.571013269562125e-05 5.3124404482962076e-08 0.12902154383935888 0.00010430952428125396 0.08453459066983277 0.00012162102500918643
59852.43405501736 0.21358510432396016 6.254867897638294e-05 0.02454679785071755 1.985933452241459e-05 6.565956663897834e-05 5.3121197575761464e-08 0.1289222576193149 0.00010430322753369008 0.08466284670464527 0.0001216203129236039
59852.43425764433 0.21337637797407488 6.25254609776764e-05 0.02452601726212135 1.9856577664793005e-05 6.560398120376078e-05 5.3113823331763544e-08 0.1288131158724861 0.00010428874823945907 0.0845632621015888 0.00012159595503068435
59852.434460271295 0.2138004827932451 6.255892198764208e-05 0.02463423397141281 1.986980664921655e-05 6.589344715685111e-05 5.3149209184924774e-08 0.12938148094229418 0.00010435822819966677 0.08441900185095091 0.00012167275172868251
59852.43466289826 0.21380569875468022 6.255870132902905e-05 0.024606440557483324 1.9866916400949735e-05 6.581910330454393e-05 5.31414781378924e-08 0.1292355071296393 0.00010434304832431585 0.08457019162504092 0.00012165961879598824
59852.43486552523 0.2136521768478514 6.254858325901885e-05 0.024576128759178414 1.986101313355357e-05 6.573802309388459e-05 5.31256876473631e-08 0.12907630650829 0.00010431204376866372 0.0845758703395614 0.00012162782470679162
59852.4350681522 0.2136798561507176 6.255240626582417e-05 0.02456376410774197 1.986014923883729e-05 6.570494922168764e-05 5.312337683871761e-08 0.1290113661120902 0.00010430750650649838 0.08466849003862742 0.00012162589955781589
