WASP80b/WASP80b_WLP8/Results/ROEBA_Results/7075100_radii/WASP80b_WLP8_nrca3_level3_asn_phot.ecsv
# %ECSV 0.9
# ---
# datatype:
# - {name: MJD, datatype: float64}
# - {name: aperture_sum, unit: Jy, datatype: float64}
# - {name: aperture_sum_err, unit: Jy, datatype: float64}
# - {name: annulus_sum, unit: Jy, datatype: float64}
# - {name: annulus_sum_err, unit: Jy, datatype: float64}
# - {name: annulus_mean, unit: Jy, datatype: float64}
# - {name: annulus_mean_err, unit: Jy, datatype: float64}
# - {name: aperture_bkg, unit: Jy, datatype: float64}
# - {name: aperture_bkg_err, unit: Jy, datatype: float64}
# - {name: net_aperture_sum, unit: Jy, datatype: float64}
# - {name: net_aperture_sum_err, unit: Jy, datatype: float64}
# meta: !!omap
# - {instrument: NIRCAM}
# - {detector: NRCA3}
# - {channel: SHORT}
# - {subarray: SUBGRISM256}
# - {filter: F210M}
# - {pupil: WLP8}
# - {target_name: UNKNOWN}
# - {xcenter: 1055.0}
# - {ycenter: 166.0}
# - ra_icrs: !numpy.ndarray
#     buffer: !!binary |
#       aE5BSnpLcnlja0E9
#     dtype: float64
#     order: C
#     shape: !!python/tuple []
# - dec_icrs: !numpy.ndarray
#     buffer: !!binary |
#       aHllR0pMQW5BY0E9
#     dtype: float64
#     order: C
#     shape: !!python/tuple []
# - {apertures: Photometry measured in a circular aperture of r=70.0 pixels.  Background calculated as the mean in a circular annulus
#     with r_inner=75.0 pixels and r_outer=100.0 pixels.}
# - {number_of_integrations: 1227}
# - __serialized_columns__:
#     annulus_mean:
#       __class__: astropy.units.quantity.Quantity
#       unit: &id001 !astropy.units.Unit {unit: Jy}
#       value: !astropy.table.SerializedColumn {name: annulus_mean}
#     annulus_mean_err:
#       __class__: astropy.units.quantity.Quantity
#       unit: *id001
#       value: !astropy.table.SerializedColumn {name: annulus_mean_err}
#     annulus_sum:
#       __class__: astropy.units.quantity.Quantity
#       unit: *id001
#       value: !astropy.table.SerializedColumn {name: annulus_sum}
#     annulus_sum_err:
#       __class__: astropy.units.quantity.Quantity
#       unit: *id001
#       value: !astropy.table.SerializedColumn {name: annulus_sum_err}
#     aperture_bkg:
#       __class__: astropy.units.quantity.Quantity
#       unit: *id001
#       value: !astropy.table.SerializedColumn {name: aperture_bkg}
#     aperture_bkg_err:
#       __class__: astropy.units.quantity.Quantity
#       unit: *id001
#       value: !astropy.table.SerializedColumn {name: aperture_bkg_err}
#     aperture_sum:
#       __class__: astropy.units.quantity.Quantity
#       unit: *id001
#       value: !astropy.table.SerializedColumn {name: aperture_sum}
#     aperture_sum_err:
#       __class__: astropy.units.quantity.Quantity
#       unit: *id001
#       value: !astropy.table.SerializedColumn {name: aperture_sum_err}
#     net_aperture_sum:
#       __class__: astropy.units.quantity.Quantity
#       unit: *id001
#       value: !astropy.table.SerializedColumn {name: net_aperture_sum}
#     net_aperture_sum_err:
#       __class__: astropy.units.quantity.Quantity
#       unit: *id001
#       value: !astropy.table.SerializedColumn {name: net_aperture_sum_err}
# schema: astropy-2.0
MJD aperture_sum aperture_sum_err annulus_sum annulus_sum_err annulus_mean annulus_mean_err aperture_bkg aperture_bkg_err net_aperture_sum net_aperture_sum_err
[from data line 276]
59852.25391964317 0.2931737499600686 4.030784726136098e-05 0.005055354704547611 5.654269983508697e-06 3.6781014414245506e-07 4.113851508349891e-10 0.005661997269093324 6.3327823815297404e-06 0.2875117526909753 4.08022877243056e-05
59852.25412227014 0.2931603062794018 4.030225561980626e-05 0.005011273104520158 5.657507223250387e-06 3.646029192081607e-07 4.116206812152696e-10 0.0056126258770625775 6.336408090040434e-06 0.28754768040233925 4.079732681840485e-05
59852.254324897105 0.2932140793621754 4.0305603091029415e-05 0.005058824373229831 5.654232239926996e-06 3.680625852495026e-07 4.1138240474237304e-10 0.005665883298017411 6.332740108718236e-06 0.287548196064158 4.0800064188873145e-05
59852.25452752408 0.2931900402728095 4.030562145837353e-05 0.005042491109570002 5.6575361364314365e-06 3.6687423341028657e-07 4.1162278483843965e-10 0.005647590042718402 6.3364404728032094e-06 0.28754245023009106 4.080065684533865e-05
59852.25473015104 0.2931919098324967 4.030331520412568e-05 0.005004919396592412 5.654054514525787e-06 3.641406453687719e-07 4.1136947405614886e-10 0.005605509724183501 6.332541056268882e-06 0.2875864001083132 4.079777313374395e-05
59852.25493277801 0.29321681111145526 4.0321492331557584e-05 0.005043523214567105 5.656354173404599e-06 3.6694932580437973e-07 4.1153678929180056e-10 0.005648746000315157 6.3351166742131514e-06 0.2875680651111401 4.081612974204868e-05
59852.25513540498 0.29311514553425844 4.030110703876769e-05 0.005050449528911729 5.654239131749108e-06 3.674532605085421e-07 4.113829061675415e-10 0.005656503472381136 6.332747827559001e-06 0.2874586420618773 4.0795623829004795e-05
59852.255338031944 0.2932150518136881 4.0305721430391515e-05 0.005072540826342122 5.657041563080199e-06 3.690605469932783e-07 4.115868013899501e-10 0.005681245725503177 6.335886550649824e-06 0.28753380608818496 4.080066958282703e-05
59852.25554065891 0.29325365529479575 4.031320584918643e-05 0.005003853794843265 5.657865932954786e-06 3.640631158667174e-07 4.116467796941679e-10 0.005604316250224456 6.33680984490936e-06 0.2876493390445713 4.080820658702633e-05
59852.25574328588 0.29318167694805924 4.0314145631101315e-05 0.005055843669133933 5.654309396207634e-06 3.6784571951658537e-07 4.113880183668092e-10 0.0056625449094300055 6.33282652375255e-06 0.2875191320386292 4.080851663250686e-05
59852.255945912846 0.29318579460180094 4.030464688427871e-05 0.005039322721139166 5.654157596786015e-06 3.666437124135311e-07 4.1137697396529647e-10 0.005644041447675867 6.332656508400337e-06 0.28754175315412506 4.079910659462757e-05
59852.25614853982 0.2931409430285742 4.030123979388779e-05 0.005031683925718983 5.658800772833736e-06 3.660879400476385e-07 4.1171479541427503e-10 0.005635485996805261 6.337856865573784e-06 0.28750545703176894 4.079654836592117e-05
59852.25635116678 0.29312973342176357 4.0302024822610514e-05 0.005028552681376272 5.658196609260439e-06 3.658601215264175e-07 4.1167083855981735e-10 0.005631979003141425 6.3371802023716925e-06 0.28749775441862213 4.0797218749807516e-05
59852.25655379375 0.2931733658107692 4.030721773103695e-05 0.0050524399661816205 5.655784569369919e-06 3.675980778481616e-07 4.114953468699837e-10 0.005658732762123415 6.33447871769431e-06 0.2875146330486458 4.080192914363415e-05
59852.25675642072 0.2931155432552944 4.02990026828862e-05 0.005036008666835891 5.654479452859676e-06 3.6640259327111225e-07 4.1140039110133637e-10 0.005640329706856199 6.333016987202837e-06 0.2874752135484382 4.0793586767964756e-05
59852.256959047685 0.2931585435779298 4.030231998983189e-05 0.005011183167506563 5.654200565315377e-06 3.6459637570174673e-07 4.1138010020705433e-10 0.005612525147607351 6.332704633153223e-06 0.28754601843032246 4.079681537244744e-05
59852.25716167465 0.2931557710524735 4.0301838292945164e-05 0.005009557740383284 5.654009299614128e-06 3.644781152394356e-07 4.1136618437537535e-10 0.005610704669229278 6.332490415567823e-06 0.2875450663832442 4.0796306262380664e-05
59852.25736430162 0.293159115579002 4.030290490594535e-05 0.005030097453842485 5.657253059819312e-06 3.65972513834509e-07 4.1160218916205414e-10 0.005633709148303584 6.33612342699763e-06 0.2875254064306984 4.079792401507486e-05
59852.25756692859 0.29312779266967837 4.0301016275190653e-05 0.004996910105974984 5.660581800089243e-06 3.635579170522356e-07 4.118443768046729e-10 0.005596539318691983 6.339851616099952e-06 0.2875312533509864 4.0796637500256645e-05
59852.25776955555 0.2931583379287066 4.030807034120084e-05 0.005037481365372653 5.657248464356794e-06 3.665097417290825e-07 4.1160185481207676e-10 0.005641979129217372 6.33611828007961e-06 0.2875163587994892 4.08030259844825e-05
59852.257972182524 0.2931730184029989 4.030085751314323e-05 0.005071732425923485 5.654328388984384e-06 3.6900173057150743e-07 4.1138940021563335e-10 0.005680340317034303 6.332847795662511e-06 0.2874926780859646 4.079539284646859e-05
59852.25817480949 0.2931491527819398 4.030127453662581e-05 0.005028854168876204 5.659312051596523e-06 3.658820567153979e-07 4.117519942907987e-10 0.005632316669141349 6.3384294977881065e-06 0.2875168361127985 4.0796671650698593e-05
59852.25837743646 0.2931616068167663 4.030206184984571e-05 0.00505883960747687 5.6542169663734e-06 3.6806369364068913e-07 4.113812934913772e-10 0.005665900360374095 6.332723002338208e-06 0.28749570645639216 4.079656321276502e-05
59852.258580063426 0.2931512804544113 4.0300739951793805e-05 0.005047949337635195 5.656594516473549e-06 3.6727135522838875e-07 4.1155427582321145e-10 0.005653703258151419 6.3353858584503756e-06 0.2874975771962599 4.079567078303239e-05
59852.25878269039 0.2931633124098513 4.030558073643105e-05 0.005023792348943555 5.663979071800275e-06 3.6551377618359347e-07 4.1209155055819843e-10 0.005626647430816782 6.343656560416309e-06 0.2875366649790345 4.0801737917121556e-05
59852.25898531736 0.29323627923633844 4.0307442338378815e-05 0.0050468976912579 5.655207424365454e-06 3.671948410709801e-07 4.114533557932562e-10 0.005652525414208848 6.333832315289309e-06 0.2875837538221296 4.0802050679591295e-05
59852.25918794433 0.2932372532698678 4.030681868497666e-05 0.005068155938957865 5.654369932009821e-06 3.6874151773517277e-07 4.113924227426501e-10 0.005676334651632809 6.332894323850999e-06 0.287560918618235 4.080128898724461e-05
59852.25939057129 0.2931850214071989 4.030531620741847e-05 0.005050027447756678 5.660105535093128e-06 3.674225513418165e-07 4.118097254088543e-10 0.00565603074148748 6.339318199304304e-06 0.2875289906657114 4.080080231823905e-05
59852.259593198265 0.293159294550441 4.030597315262454e-05 0.005015847181139173 5.654785139849485e-06 3.649357132214166e-07 4.114226318306927e-10 0.005617748842875874 6.333359356631424e-06 0.2875415457075651 4.080052588534026e-05
59852.25979582523 0.29316765247336907 4.030712035905812e-05 0.005049984709201397 5.65474349102513e-06 3.674194418321783e-07 4.1141960160611213e-10 0.005655982874305565 6.333312709948146e-06 0.2875116695990635 4.080165194598851e-05
59852.2599984522 0.2930068857759638 4.0297245455541753e-05 0.005044085449960692 5.6541428801371206e-06 3.669902321093263e-07 4.1137590323276283e-10 0.005649375703955975 6.3326400257535755e-06 0.2873575100720078 4.079179232394621e-05
59852.26020107917 0.2930870176324434 4.0300576919145395e-05 0.005046540364797334 5.654209530561162e-06 3.6716884323212457e-07 4.1138075248736644e-10 0.005652125208573015 6.332714674228502e-06 0.2874348924238704 4.0795094988995224e-05
59852.26040370613 0.2931500725097541 4.0303893553366794e-05 0.0050346797826558345 5.654104464468758e-06 3.6630590824891676e-07 4.11373108241443e-10 0.005638841356574535 6.332597000205009e-06 0.28751123115317956 4.079835315705925e-05
59852.260606333104 0.29314367018024623 4.030177645819153e-05 0.005035987926650474 5.654333137054628e-06 3.6640108428687006e-07 4.113897456688217e-10 0.005640306477848531 6.332853113501184e-06 0.2875033637023977 4.079630147750189e-05
59852.26080896007 0.29320517169569243 4.0306192466684236e-05 0.0050066485398670615 5.655900894840297e-06 3.6426645185996027e-07 4.11503810309352e-10 0.005607446364651109 6.334609002221133e-06 0.28759772533104133 4.080093653793273e-05
59852.261011587034 0.29307949710317277 4.029979564214783e-05 0.005046219981066411 5.658309716961632e-06 3.671455332186559e-07 4.1167906788541576e-10 0.0056517663787943795 6.337306882997028e-06 0.2874277307243784 4.0795036307474454e-05
59852.261214214006 0.29324982670206334 4.0307789542924725e-05 0.005034719083772728 5.656089009986559e-06 3.6630876766241283e-07 4.1151749691753396e-10 0.0056388853738254556 6.3348196911849465e-06 0.2876109413282379 4.080254695918548e-05
59852.26141684097 0.29310732623760816 4.0301841088020824e-05 0.005010352161155767 5.656560664050186e-06 3.645359145504461e-07 4.1155181283783364e-10 0.005611594420494459 6.335347943736208e-06 0.2874957318171137 4.079675267288177e-05
59852.26161946794 0.29311037023564285 4.030369017757101e-05 0.0050594291795526955 5.6547700466061305e-06 3.681065888681984e-07 4.1142153369844715e-10 0.0056665606810990185 6.333342452198867e-06 0.28744380955454385 4.0798267960128626e-05
59852.26182209491 0.29309162847131837 4.030233974678277e-05 0.005029736329969842 5.65731492295016e-06 3.6594623970906915e-07 4.1160669010974306e-10 0.005633304689566223 6.336192713704179e-06 0.2874583237817521 4.0797376474110495e-05
59852.26202472187 0.2931251817207229 4.0306928408186026e-05 0.00503415008217965 5.654245439014085e-06 3.6626736907216567e-07 4.1138336506235223e-10 0.005638248092041207 6.3327548916957754e-06 0.28748693362868166 4.080137573931706e-05
59852.262227348845 0.29312261947829843 4.0301052648539905e-05 0.005033136371536493 5.65676561246226e-06 3.661936149877208e-07 4.1156672417628413e-10 0.005637112736120872 6.335577485957731e-06 0.28748550674217754 4.079600944529942e-05
59852.26242997581 0.29313234450925646 4.030163917282486e-05 0.005012258631625603 5.656224075098251e-06 3.646746227557642e-07 4.1152732378846656e-10 0.005613729667420676 6.334970964110042e-06 0.2875186148418358 4.079649466722219e-05
59852.262632602775 0.2931718052296889 4.031055445625195e-05 0.0050248526547747065 5.660957667555077e-06 3.655909203729498e-07 4.1187172362302033e-10 0.0056278349733476715 6.340272587661687e-06 0.2875439702563412 4.080612523943321e-05
59852.26283522975 0.2930926088058222 4.030077192427678e-05 0.005022517431102729 5.654083804752343e-06 3.65421017565809e-07 4.1137160511184745e-10 0.005625219522835056 6.332573861322625e-06 0.28746738928298715 4.079526577192116e-05
59852.26303785671 0.29311378586916914 4.029998486999951e-05 0.005034281673698591 5.655774618846549e-06 3.6627694321648955e-07 4.1149462290427817e-10 0.005638395474542422 6.334467573108134e-06 0.2874753903946267 4.0794782263874726e-05
59852.263240483684 0.2932435762094926 4.0311590615378775e-05 0.005043339962836995 5.659483514410947e-06 3.669359930415559e-07 4.1176446933284305e-10 0.005648540758377435 6.338621536140261e-06 0.28759503545111514 4.0806892321277234e-05
59852.26344311065 0.2931422505619202 4.030161501375625e-05 0.005054461024902373 5.654321952231077e-06 3.6774512309876127e-07 4.11388931899699e-10 0.005660996347890659 6.332840586498806e-06 0.2874812542140296 4.079614004548751e-05
59852.263645737614 0.29314083780093336 4.030007305924216e-05 0.005041976904527028 5.654534243933635e-06 3.668368216277256e-07 4.114043775105971e-10 0.0056470141330702715 6.333078353205672e-06 0.2874938236678631 4.079465369393516e-05
59852.263848364586 0.2931760879055004 4.0310515727521654e-05 0.005041545307208293 5.658760676444492e-06 3.6680542009780477e-07 4.1171187813951014e-10 0.0056465307440732885 6.3378119576178315e-06 0.28752955716142714 4.0805704731433007e-05
59852.26405099155 0.29317495706409236 4.030492450672948e-05 0.005019305694690739 5.6539864408177565e-06 3.651873427196941e-07 4.113645212483191e-10 0.005621622378053628 6.332464813715888e-06 0.2875533346860387 4.0799351099130394e-05
59852.264253618516 0.2932634279480995 4.030647089354308e-05 0.005053901037082545 5.658651292308045e-06 3.6770438031951697e-07 4.117039197276192e-10 0.005660369161532451 6.337689447385011e-06 0.28760305878656706 4.080168995793595e-05
59852.26445624549 0.2931416289026959 4.03067351909421e-05 0.005039611315980817 5.66104779379402e-06 3.6666470957723375e-07 4.1187828089681693e-10 0.005644364673898516 6.3403735290493036e-06 0.2874972642287974 4.0802368046972456e-05
59852.26465887245 0.293117353218811 4.0299839940871956e-05 0.005038747692168939 5.655354763622845e-06 3.6660187529214467e-07 4.114640756886277e-10 0.005643397415229212 6.333997335257586e-06 0.28747395580358176 4.079456607813042e-05
59852.26486149942 0.29318030177160614 4.0303646328732386e-05 0.00502436084937483 5.6552833001265025e-06 3.655551383110391e-07 4.1145887625151067e-10 0.00562728415129981 6.333917296141683e-06 0.28755301762030633 4.079831388312397e-05
59852.26506412639 0.2930285647837169 4.029918552347721e-05 0.0050375995243362535 5.654060193852355e-06 3.6651833856708367e-07 4.1136988726433026e-10 0.005642111467256604 6.332547417114639e-06 0.2873864533164603 4.0793694496155165e-05
59852.265266753355 0.29318159994070375 4.0310233067790496e-05 0.004976477512235482 5.657634552640394e-06 3.620713121179132e-07 4.1162994526181607e-10 0.005573654813703741 6.336550698957241e-06 0.287607945127 4.0805229624890554e-05
59852.26546938033 0.293250458625559 4.030862394108172e-05 0.00504958257893699 5.6542331810557195e-06 3.6739018422333383e-07 4.1138247321564775e-10 0.005655532488409429 6.3327411627824064e-06 0.28759492613714954 4.0803048595152115e-05
59852.26567200729 0.29326034726024286 4.0305153919070734e-05 0.005061240570371051 5.654313345668194e-06 3.6823837940653554e-07 4.113883057159158e-10 0.005668589438815577 6.332830947148378e-06 0.28759175782142726 4.0799634560191136e-05
59852.26587463426 0.2931089771681744 4.030682336693891e-05 0.0050360989984877935 5.654144719180186e-06 3.6640916549004615e-07 4.1137603703518313e-10 0.005640430878306329 6.332642085481809e-06 0.28746854628986807 4.080125446253372e-05
59852.26607726123 0.29317473901871927 4.030336820716993e-05 0.005004624544819725 5.655982183171725e-06 3.6411919297238216e-07 4.115097245675291e-10 0.005605179490198092 6.334700045152333e-06 0.28756955952852115 4.0798160663255016e-05
59852.266279888194 0.2932124219393576 4.03044673258936e-05 0.005044542783412053 5.6541875437050925e-06 3.6702350611134934e-07 4.113791527996743e-10 0.0056498879174215 6.332690048949703e-06 0.2875625340219361 4.079893441843906e-05
59852.26648251516 0.2931774622154578 4.03016159652365e-05 0.005069458816418465 5.657444569270596e-06 3.6883631059830307e-07 4.116161227281436e-10 0.005677793874388681 6.336337917583068e-06 0.28749966834106916 4.079668402720013e-05
59852.26668514213 0.2931840363252196 4.030378299751714e-05 0.005042095353744485 5.657212990145696e-06 3.6684543958359475e-07 4.11599273831026e-10 0.005647146796193824 6.33607854896318e-06 0.2875368895290258 4.0798784482991444e-05
59852.266887769096 0.2931733355884387 4.030607456173259e-05 0.00503548541319663 5.658887517964312e-06 3.6636452314394457e-07 4.117211066903072e-10 0.005639743662780226 6.3379540201200294e-06 0.28753359192565847 4.080133953361216e-05
59852.26709039607 0.29317680341230784 4.03029953056336e-05 0.005052575468592639 5.655181043277495e-06 3.6760793653548245e-07 4.1145143639643203e-10 0.005658884524823755 6.333802768470795e-06 0.28751791888748407 4.07976529731284e-05
59852.26729302303 0.2930912860460594 4.029812654062838e-05 0.005024188899132602 5.65545010680292e-06 3.6554262780543164e-07 4.1147101252903873e-10 0.005627091567028515 6.334104119619271e-06 0.2874641944790309 4.0792890038371575e-05
59852.26749565 0.29310907415497445 4.0298515218168773e-05 0.005009675520986944 5.655874736577467e-06 3.644866845492746e-07 4.1150190712451443e-10 0.005610836583505377 6.334579704966763e-06 0.2874982375714691 4.0793347850201714e-05
