WASP80b/WASP80b_WLP8/Results/ROEBA_Results/7075100_radii/WASP80b_WLP8_nrca3_level3_asn_phot.ecsv
# %ECSV 0.9
# ---
# datatype:
# - {name: MJD, datatype: float64}
# - {name: aperture_sum, unit: Jy, datatype: float64}
# - {name: aperture_sum_err, unit: Jy, datatype: float64}
# - {name: annulus_sum, unit: Jy, datatype: float64}
# - {name: annulus_sum_err, unit: Jy, datatype: float64}
# - {name: annulus_mean, unit: Jy, datatype: float64}
# - {name: annulus_mean_err, unit: Jy, datatype: float64}
# - {name: aperture_bkg, unit: Jy, datatype: float64}
# - {name: aperture_bkg_err, unit: Jy, datatype: float64}
# - {name: net_aperture_sum, unit: Jy, datatype: float64}
# - {name: net_aperture_sum_err, unit: Jy, datatype: float64}
# meta: !!omap
# - {instrument: NIRCAM}
# - {detector: NRCA3}
# - {channel: SHORT}
# - {subarray: SUBGRISM256}
# - {filter: F210M}
# - {pupil: WLP8}
# - {target_name: UNKNOWN}
# - {xcenter: 1055.0}
# - {ycenter: 166.0}
# - ra_icrs: !numpy.ndarray
#     buffer: !!binary |
#       aE5BSnpLcnlja0E9
#     dtype: float64
#     order: C
#     shape: !!python/tuple []
# - dec_icrs: !numpy.ndarray
#     buffer: !!binary |
#       aHllR0pMQW5BY0E9
#     dtype: float64
#     order: C
#     shape: !!python/tuple []
# - {apertures: Photometry measured in a circular aperture of r=70.0 pixels.  Background calculated as the mean in a circular annulus
#     with r_inner=75.0 pixels and r_outer=100.0 pixels.}
# - {number_of_integrations: 1227}
# - __serialized_columns__:
#     annulus_mean:
#       __class__: astropy.units.quantity.Quantity
#       unit: &id001 !astropy.units.Unit {unit: Jy}
#       value: !astropy.table.SerializedColumn {name: annulus_mean}
#     annulus_mean_err:
#       __class__: astropy.units.quantity.Quantity
#       unit: *id001
#       value: !astropy.table.SerializedColumn {name: annulus_mean_err}
#     annulus_sum:
#       __class__: astropy.units.quantity.Quantity
#       unit: *id001
#       value: !astropy.table.SerializedColumn {name: annulus_sum}
#     annulus_sum_err:
#       __class__: astropy.units.quantity.Quantity
#       unit: *id001
#       value: !astropy.table.SerializedColumn {name: annulus_sum_err}
#     aperture_bkg:
#       __class__: astropy.units.quantity.Quantity
#       unit: *id001
#       value: !astropy.table.SerializedColumn {name: aperture_bkg}
#     aperture_bkg_err:
#       __class__: astropy.units.quantity.Quantity
#       unit: *id001
#       value: !astropy.table.SerializedColumn {name: aperture_bkg_err}
#     aperture_sum:
#       __class__: astropy.units.quantity.Quantity
#       unit: *id001
#       value: !astropy.table.SerializedColumn {name: aperture_sum}
#     aperture_sum_err:
#       __class__: astropy.units.quantity.Quantity
#       unit: *id001
#       value: !astropy.table.SerializedColumn {name: aperture_sum_err}
#     net_aperture_sum:
#       __class__: astropy.units.quantity.Quantity
#       unit: *id001
#       value: !astropy.table.SerializedColumn {name: net_aperture_sum}
#     net_aperture_sum_err:
#       __class__: astropy.units.quantity.Quantity
#       unit: *id001
#       value: !astropy.table.SerializedColumn {name: net_aperture_sum_err}
# schema: astropy-2.0
MJD aperture_sum aperture_sum_err annulus_sum annulus_sum_err annulus_mean annulus_mean_err aperture_bkg aperture_bkg_err net_aperture_sum net_aperture_sum_err
[from data line 138]
59852.22595712164 0.2930756060654428 4.030357620571802e-05 0.005032539851123604 5.654264181693464e-06 3.6615021422321035e-07 4.1138472871495564e-10 0.005636444633258436 6.33277588349668e-06 0.2874391614321844 4.0798067421885516e-05
59852.226159748614 0.29309714044497004 4.029974311596247e-05 0.005023018974727495 5.653825457031401e-06 3.654575081473211e-07 4.1135280862415626e-10 0.005625781251694794 6.3322845118751694e-06 0.28747135919327527 4.0794204519170353e-05
59852.22636237558 0.293150132823035 4.0307722194144946e-05 0.0050345671567162634 5.6525662583652975e-06 3.662977139746296e-07 4.1126119367922136e-10 0.005638715215522215 6.330874209369133e-06 0.28751141760751275 4.0801868054480304e-05
59852.226565002544 0.29312540439826185 4.030072046980569e-05 0.005032212306477482 5.6540104974858546e-06 3.6612638320628986e-07 4.11366271528384e-10 0.00563607778325478 6.332491757184157e-06 0.2874893266150071 4.079520219633947e-05
59852.226767629516 0.2930774128514217 4.0301199449631106e-05 0.005008076409072946 5.654821133792731e-06 3.6437033869068266e-07 4.114252506256591e-10 0.0056090455781617 6.333399669847859e-06 0.28746836727326 4.079581631070734e-05
59852.22697025648 0.2932382686205886 4.030531765006593e-05 0.005046186602107676 5.661252707095766e-06 3.6714310468092886e-07 4.1189318968076123e-10 0.005651728994360597 6.3406030319472585e-06 0.287586539626228 4.080100339062086e-05
59852.227172883446 0.29316999061178406 4.0302121372060915e-05 0.005024029323067798 5.6513892201667995e-06 3.655310176022258e-07 4.11175556446079e-10 0.005626912841835935 6.329555926586815e-06 0.28754307776994814 4.07961305189122e-05
59852.22737551042 0.29313080857122004 4.030170232067603e-05 0.005002300400774512 5.6508286344456965e-06 3.6395009628060926e-07 4.1113477016560343e-10 0.005602576448867453 6.32892807057918e-06 0.28752823212235257 4.079561913327151e-05
59852.22757813738 0.29305495664056025 4.029783684061583e-05 0.005034809374892352 5.650986500529184e-06 3.6631533693235816e-07 4.1114625595647596e-10 0.005638986499879434 6.329104880592687e-06 0.2874159701406808 4.079182789018453e-05
59852.227780764355 0.2931302365120775 4.030185954071538e-05 0.005031377708717656 5.650981101772496e-06 3.660656607564751e-07 4.111458631615898e-10 0.005635143033763774 6.329098833985196e-06 0.2874950934783137 4.079580094188499e-05
59852.22798339132 0.2931631322519143 4.030205157805587e-05 0.004971478117912246 5.65072925766751e-06 3.6170757345779496e-07 4.1112753985452825e-10 0.005568055492061716 6.3288167685876114e-06 0.2875950767598526 4.079594689537959e-05
59852.228186018285 0.29316866877048675 4.030221968793727e-05 0.005018483492827118 5.6522207446941635e-06 3.6512752215246455e-07 4.1123605529811654e-10 0.005620701511966373 6.330487234057463e-06 0.2875479672585204 4.07963721474756e-05
59852.22838864526 0.293187991267147 4.0305404935312726e-05 0.0050067374278987735 5.653973173030832e-06 3.6427291904607623e-07 4.1136355592997717e-10 0.005607545919246626 6.332449953794532e-06 0.2875804453479004 4.079982339933402e-05
59852.22859127222 0.29312085369037366 4.030185503359165e-05 0.0050444876806301706 5.6515109092255595e-06 3.670194970232969e-07 4.1118441012160896e-10 0.005649826202305791 6.3296922183326265e-06 0.28747102748806785 4.0795888551757974e-05
59852.22879389919 0.29314798198772746 4.0301838797460464e-05 0.0050415938860232335 5.651922557921803e-06 3.668089545245601e-07 4.112143602586716e-10 0.005646585152346021 6.330153264872419e-06 0.28750139683538145 4.0795944048560325e-05
59852.22899652616 0.29311222404076975 4.030053594974689e-05 0.005031989680877581 5.651034961003842e-06 3.6611018573672043e-07 4.1114978177320115e-10 0.00563582844258289 6.3291591563243035e-06 0.2874763955981869 4.0794502735821224e-05
59852.229199153124 0.2930838587965957 4.030619909792825e-05 0.005022526587062593 5.650913239914106e-06 3.654216837218187e-07 4.11140925767208e-10 0.005625229777510105 6.329022828703799e-06 0.2874586290190856 4.0800076172577004e-05
59852.229401780096 0.2931202129274066 4.0301614491359495e-05 0.005028282625130732 5.6546633631321655e-06 3.658404731669247e-07 4.1141377177742877e-10 0.00563167654014642 6.333222966708026e-06 0.2874885363872602 4.079619888857534e-05
59852.22960440706 0.29328639884622176 4.030733800652804e-05 0.0050464087461526575 5.657059933143998e-06 3.671592671142259e-07 4.115881379323311e-10 0.0056519777956909765 6.335907125121278e-06 0.2876344210505308 4.080226974410446e-05
59852.229807034026 0.293228469392559 4.030868739297036e-05 0.005041965391019723 5.652262611090887e-06 3.6683598394470856e-07 4.11239101352511e-10 0.005647001237942091 6.330534124421793e-06 0.2875814681546169 4.080276879875526e-05
59852.230009661 0.29320735823237315 4.030757273129303e-05 0.005059813059761931 5.653435112860426e-06 3.68134518666075e-07 4.113244085307538e-10 0.005666990626933363 6.3318473264036765e-06 0.2875403676054398 4.080187140381386e-05
59852.23021228796 0.29319473528858386 4.030375972298131e-05 0.005006999224424586 5.6531108320908685e-06 3.6429196645689563e-07 4.1130081498221683e-10 0.0056078391313555374 6.331484131941773e-06 0.2875868961572283 4.079804822685567e-05
59852.23041491493 0.2931592784938555 4.0301285961327696e-05 0.005049302061657541 5.652293084739984e-06 3.673697747551524e-07 4.112413185099455e-10 0.005655218309056446 6.330568254908783e-06 0.287504060184799 4.079546230362842e-05
59852.2306175419 0.29320223798001976 4.0304870283768837e-05 0.005056761405073843 5.651174416122676e-06 3.6791249081317497e-07 4.1115992804588776e-10 0.005663572773682704 6.329315346057398e-06 0.2875386652063371 4.079880882257802e-05
59852.230820168865 0.29311142348829944 4.0303068289928607e-05 0.005031694253446706 5.652285744899501e-06 3.6608869145742964e-07 4.1124078448850806e-10 0.005635497563860311 6.330560034287441e-06 0.2874759259244391 4.0797221767301337e-05
59852.23102279584 0.2931648052917538 4.030214962669136e-05 0.00504685371338506 5.651019595131893e-06 3.6719164139287767e-07 4.111486638054409e-10 0.005652476158991267 6.329141946547721e-06 0.28751232913276253 4.079609420412411e-05
59852.2312254228 0.2932241351724475 4.030762222390903e-05 0.0050178943568697666 5.652111278902122e-06 3.650846586554288e-07 4.112280909452467e-10 0.005620041679694139 6.330364632370378e-06 0.28760409349275334 4.08016902312163e-05
59852.23142804977 0.2931436724270529 4.030935370323583e-05 0.005049802034640845 5.6529540833839925e-06 3.674061510622176e-07 4.1128941048780654e-10 0.005655778278797746 6.3313085733900726e-06 0.28748789414825515 4.080354720148795e-05
59852.23163067674 0.2931027350930112 4.030402605030955e-05 0.004979397289098002 5.651391546093788e-06 3.622837449958082e-07 4.111757256724916e-10 0.005576924963789762 6.329558531625043e-06 0.28752581012922146 4.079801253822664e-05
59852.231833303704 0.2931335475715986 4.0304326178190854e-05 0.005031803441251108 5.652247914663058e-06 3.660966355848792e-07 4.112380320911923e-10 0.0056356198542012416 6.330517664422625e-06 0.28749792771739735 4.079845784557999e-05
59852.23203593067 0.29309508057611194 4.0302452911699865e-05 0.005030883249842742 5.654233088412348e-06 3.660296856368874e-07 4.113824664752361e-10 0.0056345892398238714 6.33274105902183e-06 0.2874604913362881 4.0796952337403904e-05
59852.23223855764 0.2930364235632454 4.029516421027914e-05 0.005034631396650917 5.6510148750819196e-06 3.663023878503526e-07 4.1114832039091065e-10 0.005638787164249028 6.32913666009175e-06 0.28739763639899635 4.078919255875849e-05
59852.232441184606 0.29314078974237456 4.030219362360939e-05 0.005053389767864685 5.654228790517576e-06 3.6766718213744926e-07 4.113821537752599e-10 0.005659796540008448 6.3327362453796855e-06 0.28748099320236614 4.079669544495543e-05
59852.23264381157 0.2931450461259602 4.03011583406905e-05 0.005013421115853223 5.650863511821337e-06 3.6475920109226344e-07 4.111373077229681e-10 0.005615031649755611 6.3289671332398975e-06 0.2875300144762046 4.079508779957506e-05
59852.23284643854 0.2931701803689487 4.030851802735024e-05 0.005043877543677019 5.652928696094118e-06 3.669751055663565e-07 4.1128756339629784e-10 0.005649142848918261 6.331280139625413e-06 0.28752103752003044 4.080271723510132e-05
59852.23304906551 0.29306548635577545 4.02957247887994e-05 0.0050071464013914805 5.651017968169507e-06 3.6430267454457126e-07 4.111485454332782e-10 0.005608003969558458 6.329140124349849e-06 0.287457482386217 4.07897468853181e-05
59852.23325169248 0.2932019124122569 4.030158368962596e-05 0.0050406024038311585 5.655976445349172e-06 3.667368177054258e-07 4.1150930710338197e-10 0.0056454746922908975 6.334693618791073e-06 0.28755643771996603 4.079639679108779e-05
59852.233454319445 0.2931792755979622 4.030365865010681e-05 0.005011032586118961 5.650853882123643e-06 3.645854199201812e-07 4.111366070994305e-10 0.005612356496453236 6.32895634797848e-06 0.28756691910150894 4.0797556165032074e-05
59852.23365694641 0.29312141854358637 4.030423562113414e-05 0.00504317523195523 5.65440546147964e-06 3.669240077916758e-07 4.1139500774413454e-10 0.005648356259789858 6.332934116857197e-06 0.2874730622837965 4.0798743406290734e-05
59852.23385957338 0.2931241713118309 4.030066011985099e-05 0.005024368453840962 5.651771281594377e-06 3.655556915857246e-07 4.112033539156852e-10 0.005627292668301878 6.329983835385702e-06 0.287496878643529 4.079475335692069e-05
59852.23406220035 0.2931603345288748 4.030502139934838e-05 0.005051992644984747 5.654071115582993e-06 3.6756553230318686e-07 4.1137068189172135e-10 0.005658231762382917 6.332559649452952e-06 0.2875021027664919 4.079946153708172e-05
59852.23426482731 0.2930949548646545 4.029919055542313e-05 0.005041060623868398 5.651443622688933e-06 3.6677015621237454e-07 4.1117951458565125e-10 0.005645987898732606 6.329616857411606e-06 0.28744896696592187 4.079324464888683e-05
59852.234467454284 0.29324490273446113 4.0304883010823185e-05 0.005072861042076947 5.651326387676442e-06 3.6908384478393115e-07 4.1117098497114084e-10 0.005681604367126181 6.329485554197615e-06 0.28756329836733496 4.079884780109531e-05
59852.23467008125 0.29312143865254064 4.0301612762150976e-05 0.0050213207827577416 5.65158331502839e-06 3.6533395356615306e-07 4.1118967811769083e-10 0.005623879276688671 6.329773312831797e-06 0.287497559375852 4.079566179659558e-05
59852.23487270822 0.2932272233365643 4.030476756267138e-05 0.005070668265026315 5.656860427825629e-06 3.689243059008653e-07 4.1157362261457497e-10 0.005679148456829472 6.335683679164705e-06 0.2875480748797348 4.079969578273104e-05
59852.235075335186 0.2931180101773231 4.030243690974656e-05 0.005033202989090524 5.652257720130525e-06 3.6619846185081597e-07 4.112387455031314e-10 0.005637187347781387 6.330528646546189e-06 0.2874808228295417 4.079659316424405e-05
59852.23527796215 0.2931222689896286 4.030490751780165e-05 0.005003827477804361 5.65198054775698e-06 3.640612011298813e-07 4.112185793987482e-10 0.005604286775140885 6.330218213487818e-06 0.2875179822144877 4.0798985681618566e-05
59852.23548058912 0.29321709914581795 4.030527502979557e-05 0.00503389591554935 5.651491685590383e-06 3.662488767861857e-07 4.1118301147632325e-10 0.005637963425415272 6.329670687861229e-06 0.28757913572040267 4.0799263795370524e-05
59852.23568321609 0.2931135197325751 4.0302706947139915e-05 0.004965366260108908 5.650586019104275e-06 3.6126289579796593e-07 4.1111711831149727e-10 0.005561210211321977 6.3286563413967875e-06 0.2875523095212531 4.079656944345372e-05
59852.23588584305 0.29314158136926094 4.0303131453804436e-05 0.005045253619998365 5.650987093514942e-06 3.6707522412572284e-07 4.1114629910007116e-10 0.005650684054398169 6.329105544736735e-06 0.28749089731486277 4.0797058496649706e-05
59852.236088470025 0.2931769173998714 4.030304714778459e-05 0.00505138290891406 5.653026395458284e-06 3.675211700130697e-07 4.1129467166452366e-10 0.0056575488579837475 6.331389562913279e-06 0.28751936854188764 4.079732960861427e-05
59852.23629109699 0.2931067486849497 4.03018811494031e-05 0.005017621676108489 5.660288901256602e-06 3.650648193452376e-07 4.118230664974543e-10 0.005619736277241509 6.339523569407394e-06 0.2874870124077082 4.079744089115989e-05
59852.23649372396 0.29312642239453324 4.029953221966142e-05 0.0050566203992255514 5.6567570012609336e-06 3.679022317147702e-07 4.1156609765502377e-10 0.005663414847132618 6.335567841412246e-06 0.2874630075474006 4.079450596583645e-05
59852.23669635093 0.29319072355532405 4.0303191732141255e-05 0.0049991936945042205 5.652479989537954e-06 3.637240630647686e-07 4.1125491705736696e-10 0.005599096937844728 6.330777588282508e-06 0.28759162661747933 4.079737747294597e-05
59852.23689897789 0.29322275100844836 4.03071348420609e-05 0.0050462688806329195 5.652468954174526e-06 3.671490909821873e-07 4.112541141624466e-10 0.00565182114630887 6.33076522867547e-06 0.2875709298621395 4.080127090614564e-05
59852.237101604864 0.29311098565657767 4.030162187737032e-05 0.005032401971496771 5.651055106042662e-06 3.661401825778791e-07 4.1115124745663293e-10 0.005636290208076384 6.329181718767782e-06 0.2874746954485013 4.079557901508101e-05
59852.23730423183 0.2931951662459652 4.0305447229354456e-05 0.004998458657161812 5.650874586191292e-06 3.6367058428698506e-07 4.111381134558687e-10 0.005598273696021229 6.328979536534247e-06 0.28759689254994397 4.079932668969117e-05
59852.23750685879 0.2931052398671693 4.029727933623488e-05 0.005031797914992618 5.652333263626882e-06 3.660962335134024e-07 4.112442417869547e-10 0.005635613664791732 6.330613255262107e-06 0.2874696262023776 4.079151120135466e-05
59852.237709485766 0.2931090552129948 4.0300392233294235e-05 0.005049463555782912 5.656942791217453e-06 3.673815245098189e-07 4.115796150904326e-10 0.005655399182476861 6.335775926163547e-06 0.2874536560305179 4.079538786117759e-05
59852.23791211273 0.29314043434562786 4.0303203034626936e-05 0.005036281062431773 5.651853923883891e-06 3.6642241183365446e-07 4.112093666831753e-10 0.005640634789923587 6.330076394749957e-06 0.28749979955570426 4.079727983596128e-05
59852.238114739695 0.2930940794211153 4.030419937393936e-05 0.005053752187714398 5.65116950640799e-06 3.676935505537036e-07 4.111595708320082e-10 0.005660202450240126 6.329309847176949e-06 0.2874338769708752 4.0798145182297504e-05
59852.23831736667 0.2930911409093249 4.0298624205794034e-05 0.005022647343481729 5.651920313921274e-06 3.654304695417115e-07 4.112141969929452e-10 0.005625365024699537 6.330150751591828e-06 0.2874657758846254 4.079276800387156e-05
59852.23851999363 0.2930939670833968 4.030065247420683e-05 0.005011665605619248 5.654240582118244e-06 3.6463147623220144e-07 4.1138301169138945e-10 0.005613065478293558 6.332749451972434e-06 0.28748090160510326 4.07951750268123e-05
59852.238722620605 0.29312003806401343 4.0300048591795406e-05 0.005053258098689704 5.66050947075136e-06 3.676576023431402e-07 4.1183911437191647e-10 0.005659649070532469 6.339770607241523e-06 0.287460388993481 4.0795668984017344e-05
59852.23892524757 0.2931649483096278 4.0308546950618126e-05 0.0050013339708846185 5.650926586844415e-06 3.6387978218043634e-07 4.1114189684374914e-10 0.005601494047390773 6.329037777265745e-06 0.287563454262237 4.0802397925321044e-05
59852.239127874534 0.2931040487594716 4.0304316180011154e-05 0.005017377367899291 5.655955185368654e-06 3.6504704432392014e-07 4.115077603006439e-10 0.005619462652047206 6.334669807612893e-06 0.2874845861074244 4.079909244468302e-05
59852.23933050151 0.29309061572952955 4.0298564297618e-05 0.005010047814133818 5.6533899915027545e-06 3.645137713125223e-07 4.113211256566453e-10 0.005611253551829876 6.3317967904830854e-06 0.28747936217769965 4.079296428362646e-05
59852.23953312847 0.2931964320157592 4.0302790696793645e-05 0.005037853627483903 5.652721190577332e-06 3.665368262342853e-07 4.112724660117422e-10 0.0056423960627819715 6.331047733446612e-06 0.2875540359529772 4.079702321680757e-05
