WASP80b/WASP80b_WLP8/Results/ROEBA_Results/7075100_radii/WASP80b_WLP8_nrca3_level3_asn_phot.ecsv
# %ECSV 0.9
# ---
# datatype:
# - {name: MJD, datatype: float64}
# - {name: aperture_sum, unit: Jy, datatype: float64}
# - {name: aperture_sum_err, unit: Jy, datatype: float64}
# - {name: annulus_sum, unit: Jy, datatype: float64}
# - {name: annulus_sum_err, unit: Jy, datatype: float64}
# - {name: annulus_mean, unit: Jy, datatype: float64}
# - {name: annulus_mean_err, unit: Jy, datatype: float64}
# - {name: aperture_bkg, unit: Jy, datatype: float64}
# - {name: aperture_bkg_err, unit: Jy, datatype: float64}
# - {name: net_aperture_sum, unit: Jy, datatype: float64}
# - {name: net_aperture_sum_err, unit: Jy, datatype: float64}
# meta: !!omap
# - {instrument: NIRCAM}
# - {detector: NRCA3}
# - {channel: SHORT}
# - {subarray: SUBGRISM256}
# - {filter: F210M}
# - {pupil: WLP8}
# - {target_name: UNKNOWN}
# - {xcenter: 1055.0}
# - {ycenter: 166.0}
# - ra_icrs: !numpy.ndarray
#     buffer: !!binary |
#       aE5BSnpLcnlja0E9
#     dtype: float64
#     order: C
#     shape: !!python/tuple []
# - dec_icrs: !numpy.ndarray
#     buffer: !!binary |
#       aHllR0pMQW5BY0E9
#     dtype: float64
#     order: C
#     shape: !!python/tuple []
# - {apertures: Photometry measured in a circular aperture of r=70.0 pixels.  Background calculated as the mean in a circular annulus
#     with r_inner=75.0 pixels and r_outer=100.0 pixels.}
# - {number_of_integrations: 1227}
# - __serialized_columns__:
#     annulus_mean:
#       __class__: astropy.units.quantity.Quantity
#       unit: &id001 !astropy.units.Unit {unit: Jy}
#       value: !astropy.table.SerializedColumn {name: annulus_mean}
#     annulus_mean_err:
#       __class__: astropy.units.quantity.Quantity
#       unit: *id001
#       value: !astropy.table.SerializedColumn {name: annulus_mean_err}
#     annulus_sum:
#       __class__: astropy.units.quantity.Quantity
#       unit: *id001
#       value: !astropy.table.SerializedColumn {name: annulus_sum}
#     annulus_sum_err:
#       __class__: astropy.units.quantity.Quantity
#       unit: *id001
#       value: !astropy.table.SerializedColumn {name: annulus_sum_err}
#     aperture_bkg:
#       __class__: astropy.units.quantity.Quantity
#       unit: *id001
#       value: !astropy.table.SerializedColumn {name: aperture_bkg}
#     aperture_bkg_err:
#       __class__: astropy.units.quantity.Quantity
#       unit: *id001
#       value: !astropy.table.SerializedColumn {name: aperture_bkg_err}
#     aperture_sum:
#       __class__: astropy.units.quantity.Quantity
#       unit: *id001
#       value: !astropy.table.SerializedColumn {name: aperture_sum}
#     aperture_sum_err:
#       __class__: astropy.units.quantity.Quantity
#       unit: *id001
#       value: !astropy.table.SerializedColumn {name: aperture_sum_err}
#     net_aperture_sum:
#       __class__: astropy.units.quantity.Quantity
#       unit: *id001
#       value: !astropy.table.SerializedColumn {name: net_aperture_sum}
#     net_aperture_sum_err:
#       __class__: astropy.units.quantity.Quantity
#       unit: *id001
#       value: !astropy.table.SerializedColumn {name: net_aperture_sum_err}
# schema: astropy-2.0
MJD aperture_sum aperture_sum_err annulus_sum annulus_sum_err annulus_mean annulus_mean_err aperture_bkg aperture_bkg_err net_aperture_sum net_aperture_sum_err
[from data line 1171]
59852.43527077917 0.2931300627219673 4.0299254145665594e-05 0.0050148688799875035 5.652068466969803e-06 3.6486453540924713e-07 4.1122497609694865e-10 0.005616653145586004 6.33031668300618e-06 0.2875134095763813 4.079341606195897e-05
59852.435473406134 0.29307318760651074 4.029756387330388e-05 0.00500024978845966 5.652694098285717e-06 3.638009008125984e-07 4.11270494870197e-10 0.00560027976307482 6.331017390080003e-06 0.28747290784343593 4.079185501195676e-05
59852.4356760331 0.29323543423380416 4.030797243511321e-05 0.0050304321976039085 5.653742669879287e-06 3.6599686863418886e-07 4.1134678531696385e-10 0.0056340840613163775 6.332191790264802e-06 0.2876013501724878 4.080231972202737e-05
59852.43587866007 0.29309540883059104 4.030053712213416e-05 0.005026758391019606 5.650395979313647e-06 3.6572957515859784e-07 4.111032916728401e-10 0.005629969397941958 6.3284434968312846e-06 0.2874654394326491 4.079439286746525e-05
59852.436081287036 0.29314928782255145 4.0301409506919625e-05 0.005035117981527083 5.656360734374137e-06 3.663377900849929e-07 4.115372666452787e-10 0.005639332139310334 6.3351240224990335e-06 0.2875099556832411 4.079629155480772e-05
59852.436283914 0.29305923176957754 4.0299662550481216e-05 0.005020950963924582 5.651633812111477e-06 3.6530704682542356e-07 4.111933521110097e-10 0.005623465079595533 6.329829869564855e-06 0.287435766689982 4.0793743979442404e-05
59852.43648654097 0.2931696806094592 4.030846493745293e-05 0.0050350632670264385 5.652467895790406e-06 3.6633380924694195e-07 4.112540371580743e-10 0.0056392708590696115 6.330764043285255e-06 0.28753040975038957 4.08025847096189e-05
59852.43668916794 0.2930756718169067 4.029932928353762e-05 0.004983102423391739 5.6500099026877414e-06 3.6255331776731337e-07 4.110752020712744e-10 0.005581074714198748 6.328011091010271e-06 0.2874945971027079 4.079313257241887e-05
59852.43689179491 0.29317382161167826 4.030156735790307e-05 0.005018501410975258 5.6534332587573805e-06 3.6512882581502343e-07 4.1132427363262144e-10 0.0056207215802922894 6.331845249808267e-06 0.28755310003138596 4.0795938471508626e-05
59852.437094421875 0.29314190799770834 4.030092371786495e-05 0.005046935396085782 5.651895790098915e-06 3.6719758434400224e-07 4.1121241272435006e-10 0.005652567643616076 6.330123284910786e-06 0.28748934035409224 4.079503540034424e-05
59852.43729704884 0.2932004983618638 4.030459600519069e-05 0.005044833283163878 5.6523626954290325e-06 3.670446418697356e-07 4.112463831432045e-10 0.005650213277143544 6.330646218880517e-06 0.28755028508472025 4.079874435188244e-05
59852.43749967581 0.29319361990207526 4.030499394196237e-05 0.005055851220020606 5.658137721208428e-06 3.678462688930145e-07 4.1166655406858687e-10 0.005662553366423079 6.33711424775344e-06 0.2875310665356522 4.080014158861098e-05
59852.43770230278 0.2931141681857771 4.030126496993615e-05 0.005050314275237961 5.652001860828038e-06 3.674434199184843e-07 4.112201300641705e-10 0.005656351988266517 6.330242084127403e-06 0.2874578161975106 4.0795390953153767e-05
59852.43790492974 0.29320269584787595 4.030326274270585e-05 0.005032374405269749 5.653365565776583e-06 3.661381769544309e-07 4.1131934852518984e-10 0.00563625933390212 6.331769433669773e-06 0.28756643651397384 4.0797601545541083e-05
59852.438107556714 0.2931408158738703 4.030103676125101e-05 0.0050037837763979185 5.650155250913545e-06 3.6405802156651884e-07 4.110857771060658e-10 0.005604237829565669 6.328173881023171e-06 0.28753657804430466 4.079484463385256e-05
59852.43831018368 0.29316571719540896 4.030983829541517e-05 0.005037430023280102 5.654346434189119e-06 3.6650600625579414e-07 4.113907131223911e-10 0.005641921626073714 6.332868006291813e-06 0.28752379556933527 4.08042679212314e-05
59852.43851281065 0.2931471640520539 4.030471486104118e-05 0.0050597024080861926 5.651865588434296e-06 3.6812646803240404e-07 4.1121021535556663e-10 0.005666866697056536 6.330089459046412e-06 0.28748029735499736 4.0798775381000886e-05
59852.438715437616 0.29316123726970544 4.030525506701665e-05 0.00504013832717249 5.651672161794551e-06 3.6670305309093405e-07 4.111961423014679e-10 0.005644954926433189 6.329872821209898e-06 0.28751628234327226 4.07992754341295e-05
59852.43891806458 0.29303614207795936 4.0295124503151366e-05 0.0050105954604952345 5.650140768342021e-06 3.645536161698872e-07 4.1108472340419303e-10 0.005611866915754663 6.328157660543064e-06 0.2874242751622047 4.0789001435450214e-05
59852.43912069155 0.2931818182967064 4.0303166580982295e-05 0.005010301408855448 5.650238152639137e-06 3.645322219884031e-07 4.110918087492287e-10 0.005611537577918101 6.328266730955834e-06 0.2875702807187883 4.0796963076588565e-05
59852.43932331852 0.29320193011273515 4.030294969696726e-05 0.005068208065106373 0.0005146672079433028 3.687453102536639e-07 3.7445408087534185e-08 0.005676393032919138 0.0005764272728964991 0.28752553707981604 0.0005778345167028112
59852.43952594548 0.2931152035702086 4.0301207733183885e-05 0.005015718200175429 5.6572882936220515e-06 3.649263290120705e-07 4.1160475265182324e-10 0.005617604384196481 6.336162888856698e-06 0.2874975991860121 4.079625356460279e-05
59852.439728572455 0.29310595919467974 4.029850479909923e-05 0.005024490136505296 5.650259433874338e-06 3.6556454479601824e-07 4.1109335709838405e-10 0.005627428952885932 6.328290565939259e-06 0.2874785302417938 4.079236142380065e-05
59852.43993119942 0.2931362397566114 4.030402723262814e-05 0.005004713207462654 5.650574530989888e-06 3.641256437599889e-07 4.111162824759812e-10 0.005605278792358173 6.328643474708675e-06 0.28753096096425323 4.0797871750845084e-05
59852.44013382639 0.2931806010216549 4.030969086006236e-05 0.005010820344253051 5.6531527385513505e-06 3.645699779352255e-07 4.11303863951512e-10 0.005612118785563417 6.331531067177512e-06 0.2875684822360915 4.0803914798563495e-05
59852.44033645336 0.29311139247325635 4.030016209298974e-05 0.005008193124148127 5.654209861381393e-06 3.643788304763505e-07 4.113807765567036e-10 0.005609176299045902 6.3327150447471604e-06 0.28750221617421046 4.0794685248929346e-05
59852.44053908032 0.29312956170398186 4.030520128349562e-05 0.005033715723125428 5.650582139852285e-06 3.6623576660791144e-07 4.111168360705237e-10 0.005637761609900479 6.328651996634559e-06 0.2874918000940814 4.079903291252875e-05
59852.440741707294 0.29302972515414194 4.029759923620505e-05 0.0050394159478317265 5.650997161459695e-06 3.666504952656221e-07 4.111470316089508e-10 0.005644145861571534 6.329116820834858e-06 0.2873855792925704 4.0791595015806486e-05
59852.44094433426 0.29315313774329577 4.030472139826669e-05 0.005032071892643006 5.659628783439383e-06 3.6611616718076516e-07 4.117750386055076e-10 0.005635920519760167 6.3387842374521094e-06 0.2875172172235356 4.080013177185667e-05
59852.441146961224 0.2931986562039559 4.030332342615913e-05 0.005001579987717868 5.650220804060578e-06 3.6389768151533715e-07 4.110905465265849e-10 0.005601769586244013 6.328247300547847e-06 0.2875968866177119 4.079711500940328e-05
59852.441349588196 0.2931850034717001 4.030221334029402e-05 0.005037931752347569 5.652253376038898e-06 3.6654251032947654e-07 4.1123842944203163e-10 0.005642483562629278 6.330523781163566e-06 0.28754251990907087 4.079637154785277e-05
59852.44155221516 0.2932207447989103 4.030552229346468e-05 0.005031525749170108 5.651360968208692e-06 3.66076431668377e-07 4.111735009312059e-10 0.005635308839070522 6.3295242843937345e-06 0.28758543595983976 4.07994853523388e-05
59852.441754842126 0.29308836608719624 4.030342014660669e-05 0.0050276958023361415 5.650293975561879e-06 3.6579777796762046e-07 4.110958702322423e-10 0.005631019298616479 6.328329252629305e-06 0.28745734678857976 4.07972232712422e-05
59852.4419574691 0.29314892578487445 4.030288674532822e-05 0.005045945212953526 5.652439567342755e-06 3.6712554203997266e-07 4.1125197607808627e-10 0.0056514586385079495 6.330732315423886e-06 0.2874974671463665 4.079706915522616e-05
59852.44216009606 0.29309818733007875 4.030980625882752e-05 0.0049745367455203224 5.65497380455501e-06 3.6193010863626477e-07 4.1143635842290814e-10 0.0055714811549827615 6.333570661101612e-06 0.287526706175096 4.080434533163567e-05
59852.442362723035 0.2930961280947113 4.030294118874025e-05 0.005021855544861998 5.650279960077921e-06 3.6537286100947676e-07 4.110948505140472e-10 0.005624478210245438 6.328313555287272e-06 0.2874716498844659 4.079674767572885e-05
59852.44256535 0.29322439402241407 4.03035166443189e-05 0.00506389425307167 5.653263069575221e-06 3.68431452192456e-07 4.113118912556608e-10 0.0056715615634402704 6.331654637924248e-06 0.2875528324589738 4.079783455470203e-05
59852.442767976965 0.2931957227890744 4.03040044541294e-05 0.005034853989261457 5.6515786187733914e-06 3.6631858291973003e-07 4.1118933643440076e-10 0.0056390364679728315 6.329768053026199e-06 0.2875566863211016 4.0798023710022936e-05
59852.44297060394 0.29314484788789186 4.030170928447543e-05 0.005059684235371125 5.650435142603685e-06 3.6812514584843496e-07 4.111061410585303e-10 0.005666846343615661 6.3284873597161274e-06 0.2874780015442762 4.079555764433745e-05
59852.4431732309 0.29310653921321794 4.0300550703603186e-05 0.005027553013092989 5.650322025683405e-06 3.657873891155665e-07 4.1109791106218294e-10 0.005630859374664148 6.328360668765414e-06 0.2874756798385538 4.079439343546694e-05
59852.44337585787 0.29315463819157966 4.030141989402468e-05 0.005057139616304206 5.652422710735092e-06 3.6794000815573275e-07 4.1125074964954537e-10 0.005663996370260711 6.330713436023304e-06 0.28749064182131895 4.079561714306494e-05
59852.44357848484 0.29313664535614253 4.030677149345519e-05 0.005051916890675108 5.650821027600683e-06 3.6756002068131737e-07 4.1113421671783877e-10 0.0056581469175561215 6.328919550912766e-06 0.2874784984385864 4.0800625619070325e-05
59852.443781111804 0.29310390712243495 4.0299758759264954e-05 0.005009974311648872 5.650157563298507e-06 3.645084235256383e-07 4.110859453472073e-10 0.005611171229046736 6.328176470894328e-06 0.2874927358933882 4.079358250389064e-05
59852.443983738776 0.29311440409401296 4.0301480369750175e-05 0.005002668700680456 5.650106008048644e-06 3.639768925094419e-07 4.110821943653294e-10 0.005602988944762112 6.328118729014483e-06 0.2875114151492508 4.079527431752191e-05
59852.44418636574 0.29308723268308995 4.029739736250075e-05 0.0050216578372721705 5.6538504202247885e-06 3.653584764882389e-07 4.113546248598696e-10 0.005624256777744831 6.332312470651763e-06 0.28746297590534514 4.0791891540075146e-05
59852.444388992706 0.2931122802830116 4.030017091519647e-05 0.005047256333383756 5.651213574571484e-06 3.672209346330972e-07 4.111627770793468e-10 0.0056529270933898075 6.329359203520062e-06 0.2874593531896218 4.079417315893572e-05
59852.44459161968 0.2931659995614299 4.0314468827370955e-05 0.005007344329844769 5.650198595040293e-06 3.643170751350716e-07 4.1108893067499196e-10 0.005608225649426142 6.328222426445129e-06 0.28755777391200377 4.080812169056091e-05
59852.44479424664 0.29312623017704964 4.030185901468405e-05 0.00503302583908909 5.650816487915963e-06 3.661855730286916e-07 4.111338864260613e-10 0.005636988939779781 6.328914466465879e-06 0.2874892412372699 4.079577181967895e-05
59852.44499687361 0.2931864084156127 4.030263637180978e-05 0.004995774577715693 5.650797221369083e-06 3.6347529993887023e-07 4.111324846586682e-10 0.005595267527041576 6.328892887933373e-06 0.28759114088857113 4.079653641800071e-05
59852.44519950058 0.2931654387187377 4.030166429345977e-05 0.005061082473281079 5.65370959417822e-06 3.682268768084293e-07 4.1134437884321704e-10 0.005668412370074809 6.332154745479606e-06 0.28749702634866287 4.079608226954434e-05
59852.445402127545 0.29307608237510085 4.029824668140437e-05 0.00502437088284576 5.651361887505324e-06 3.655558683117225e-07 4.1117356781605305e-10 0.005627295388787252 6.3295253140059625e-06 0.2874487869863136 4.079229800214693e-05
59852.44560475452 0.29320771466145545 4.030386015195122e-05 0.005059933787531586 5.65059140729324e-06 3.6814330240153054e-07 4.1111751033751243e-10 0.005667125842035377 6.328662376168429e-06 0.2875405888194201 4.079770962467834e-05
59852.44580738148 0.2931223849957125 4.0299730318907544e-05 0.005029808384229003 5.664104135752107e-06 3.6595148212804803e-07 4.1210064977928945e-10 0.005633385390336484 6.34379663204236e-06 0.28748899960537605 4.079598043294692e-05
59852.44601000845 0.2931346816023177 4.0299218337947116e-05 0.005054192884881589 5.6507986819621955e-06 3.677256141571619e-07 4.1113259092637737e-10 0.005660696031067379 6.32889452379766e-06 0.2874739855712503 4.0793160021539016e-05
59852.44621263542 0.2930862930769114 4.029821187551476e-05 0.005034345796084853 5.650348482087201e-06 3.6628160853979766e-07 4.1109983593872715e-10 0.005638467291615035 6.3283902999376645e-06 0.2874478257852964 4.07920875189322e-05
59852.446415262384 0.29315402129904644 4.030096097259562e-05 0.005061381071345861 5.65297168804745e-06 3.6824860177208995e-07 4.1129069134230285e-10 0.005668746799907364 6.331328290613144e-06 0.2874852744991391 4.079525920052713e-05
