WASP80b/WASP80b_WLP8/Results/ROEBA_Results/7075100_radii/WASP80b_WLP8_nrca3_level3_asn_phot.ecsv
# %ECSV 0.9
# ---
# datatype:
# - {name: MJD, datatype: float64}
# - {name: aperture_sum, unit: Jy, datatype: float64}
# - {name: aperture_sum_err, unit: Jy, datatype: float64}
# - {name: annulus_sum, unit: Jy, datatype: float64}
# - {name: annulus_sum_err, unit: Jy, datatype: float64}
# - {name: annulus_mean, unit: Jy, datatype: float64}
# - {name: annulus_mean_err, unit: Jy, datatype: float64}
# - {name: aperture_bkg, unit: Jy, datatype: float64}
# - {name: aperture_bkg_err, unit: Jy, datatype: float64}
# - {name: net_aperture_sum, unit: Jy, datatype: float64}
# - {name: net_aperture_sum_err, unit: Jy, datatype: float64}
# meta: !!omap
# - {instrument: NIRCAM}
# - {detector: NRCA3}
# - {channel: SHORT}
# - {subarray: SUBGRISM256}
# - {filter: F210M}
# - {pupil: WLP8}
# - {target_name: UNKNOWN}
# - {xcenter: 1055.0}
# - {ycenter: 166.0}
# - ra_icrs: !numpy.ndarray
#     buffer: !!binary |
#       aE5BSnpLcnlja0E9
#     dtype: float64
#     order: C
#     shape: !!python/tuple []
# - dec_icrs: !numpy.ndarray
#     buffer: !!binary |
#       aHllR0pMQW5BY0E9
#     dtype: float64
#     order: C
#     shape: !!python/tuple []
# - {apertures: Photometry measured in a circular aperture of r=70.0 pixels.  Background calculated as the mean in a circular annulus
#     with r_inner=75.0 pixels and r_outer=100.0 pixels.}
# - {number_of_integrations: 1227}
# - __serialized_columns__:
#     annulus_mean:
#       __class__: astropy.units.quantity.Quantity
#       unit: &id001 !astropy.units.Unit {unit: Jy}
#       value: !astropy.table.SerializedColumn {name: annulus_mean}
#     annulus_mean_err:
#       __class__: astropy.units.quantity.Quantity
#       unit: *id001
#       value: !astropy.table.SerializedColumn {name: annulus_mean_err}
#     annulus_sum:
#       __class__: astropy.units.quantity.Quantity
#       unit: *id001
#       value: !astropy.table.SerializedColumn {name: annulus_sum}
#     annulus_sum_err:
#       __class__: astropy.units.quantity.Quantity
#       unit: *id001
#       value: !astropy.table.SerializedColumn {name: annulus_sum_err}
#     aperture_bkg:
#       __class__: astropy.units.quantity.Quantity
#       unit: *id001
#       value: !astropy.table.SerializedColumn {name: aperture_bkg}
#     aperture_bkg_err:
#       __class__: astropy.units.quantity.Quantity
#       unit: *id001
#       value: !astropy.table.SerializedColumn {name: aperture_bkg_err}
#     aperture_sum:
#       __class__: astropy.units.quantity.Quantity
#       unit: *id001
#       value: !astropy.table.SerializedColumn {name: aperture_sum}
#     aperture_sum_err:
#       __class__: astropy.units.quantity.Quantity
#       unit: *id001
#       value: !astropy.table.SerializedColumn {name: aperture_sum_err}
#     net_aperture_sum:
#       __class__: astropy.units.quantity.Quantity
#       unit: *id001
#       value: !astropy.table.SerializedColumn {name: net_aperture_sum}
#     net_aperture_sum_err:
#       __class__: astropy.units.quantity.Quantity
#       unit: *id001
#       value: !astropy.table.SerializedColumn {name: net_aperture_sum_err}
# schema: astropy-2.0
MJD aperture_sum aperture_sum_err annulus_sum annulus_sum_err annulus_mean annulus_mean_err aperture_bkg aperture_bkg_err net_aperture_sum net_aperture_sum_err
[from data line 345]
59852.267900903935 0.2931096586228697 4.029952962252998e-05 0.0050475113436054455 5.660536759700173e-06 3.672394882958724e-07 4.118410998215601e-10 0.005653212704838099 6.339801170864194e-06 0.2874564459180316 4.079516106946095e-05
59852.2681035309 0.2932246801522164 4.0305946978535546e-05 0.00502059490354348 5.654521384141689e-06 3.65281141102136e-07 4.1140344187656036e-10 0.005623066291968699 6.333063950238692e-06 0.28760161386024774 4.0800454174363444e-05
59852.26830615787 0.2931993653077044 4.030614421521366e-05 0.005053223264332563 5.657392406587924e-06 3.676550679156529e-07 4.1161232755155286e-10 0.005659610056052471 6.336279495378475e-06 0.28753975525165193 4.0801148260081544e-05
59852.26850878484 0.29319290892973154 4.030504200032364e-05 0.005037190239886743 5.657217517471375e-06 3.664885604444458e-07 4.115996032236024e-10 0.005641653068673152 6.336083619567941e-06 0.2875512558610584 4.0800028998543735e-05
59852.26871141181 0.293127934070495 4.030211062496654e-05 0.005024551981320053 5.6540805491265334e-06 3.655690444110917e-07 4.1137136824376037e-10 0.00562749821907846 6.332570215021717e-06 0.2875004358514165 4.079658768028548e-05
59852.268914038774 0.2932363636097538 4.0310717655468145e-05 0.005066249376197271 5.654347223950702e-06 3.6860280281509806e-07 4.1139077058271563e-10 0.005674199301340944 6.332868890824787e-06 0.28756216430841286 4.080513676349152e-05
59852.26911666574 0.2931855252023017 4.0306155530221165e-05 0.005071236724263253 5.6558172089736575e-06 3.689656650311533e-07 4.1149772161479537e-10 0.005679785131174843 6.334515274050497e-06 0.28750574007112684 4.08008854975423e-05
59852.26931929271 0.2931103195335938 4.0300109523114845e-05 0.0050122231815608684 5.655897034262971e-06 3.646720435315194e-07 4.1150352942708244e-10 0.005613689963348174 6.334604678374528e-06 0.28749662957024563 4.079492669445965e-05
59852.269521919676 0.2931303690284701 4.029966968547137e-05 0.005031260954778932 5.654629534169032e-06 3.660571661432302e-07 4.1141131049893624e-10 0.005635012269352404 6.333185078269317e-06 0.2874953567591177 4.079427177918137e-05
59852.26972454664 0.2931904553048262 4.030555708342298e-05 0.005043076656414889 5.658647578689063e-06 3.669168357758983e-07 4.117036495375311e-10 0.005648245855184675 6.337685288131751e-06 0.2875422094496415 4.080078659310957e-05
59852.26992717361 0.2930744764035135 4.030109681933248e-05 0.005011700500176999 5.65930697349246e-06 3.646340150396771e-07 4.117516248254898e-10 0.005613104560198238 6.338423810311556e-06 0.2874613718433152 4.079649520780351e-05
59852.27012980058 0.2931520733599075 4.0300804253061606e-05 0.005011816350789124 5.654442350623733e-06 3.646424439299994e-07 4.1139769167082206e-10 0.0056132343128838195 6.332975432698582e-06 0.2875388390470237 4.0795360045901694e-05
59852.27033242755 0.293100452470327 4.030462523946811e-05 0.0050118765312550375 5.656333107076508e-06 3.646468224528006e-07 4.115352565785441e-10 0.005613301715005642 6.335093079925689e-06 0.2874871507553214 4.079946347717445e-05
59852.270535054515 0.29313712388657187 4.030397722402194e-05 0.0050269444551255356 5.654665704303539e-06 3.6574311254017076e-07 4.1141394211297006e-10 0.0056301777897406 6.333225588819963e-06 0.28750694609683125 4.07985333858138e-05
59852.27073768148 0.29320642641996986 4.0305958998472553e-05 0.005046242772816643 5.657451416647426e-06 3.6714719146766677e-07 4.1161662091962684e-10 0.005651791905554641 6.336345586645117e-06 0.2875546345144152 4.080097555426767e-05
59852.27094030845 0.2931299969818897 4.0306682822576154e-05 0.005024816081714779 5.6546230649644765e-06 3.6558825944345427e-07 4.114108398219612e-10 0.005627794011520553 6.3331778327602144e-06 0.28750220297036916 4.0801198776765384e-05
59852.27114293542 0.29315321946354095 4.030257741268068e-05 0.004998205065893422 5.658214319713138e-06 3.6365213386235e-07 4.1167212711117336e-10 0.005597989673800633 6.337200038078714e-06 0.2875552297897403 4.079776771378238e-05
59852.27134556238 0.29309375031006774 4.030007285839144e-05 0.005011326485172211 5.655948259105963e-06 3.64606802999996e-07 4.115072563696979e-10 0.005612685663392877 6.334662050198679e-06 0.28748106464667483 4.0794899383156785e-05
59852.271548189354 0.2931775842980687 4.030460198908052e-05 0.0050218177497256735 5.654127216281536e-06 3.6537011116592436e-07 4.1137476358474265e-10 0.005624435879692755 6.33262248223532e-06 0.287553148418376 4.0799056962149326e-05
59852.27175081632 0.2932448993484086 4.030790184646869e-05 0.0050511069080727625 5.655707008980311e-06 3.675010891453257e-07 4.114897038439749e-10 0.005657239737041494 6.334391850057949e-06 0.28758765961136706 4.080259147866266e-05
59852.27195344328 0.29320597986603836 4.030482558354298e-05 0.005003275860457238 5.654515214387582e-06 3.640210673573145e-07 4.114029929865655e-10 0.005603668963712107 6.333057040114092e-06 0.28760231090232624 4.079934529858487e-05
59852.272156070256 0.293126876608667 4.03006462958063e-05 0.005043941767031298 5.654214868987414e-06 3.6697977823574876e-07 4.1138114089281847e-10 0.005649214779075055 6.332720653265904e-06 0.28747766182959195 4.079516445281213e-05
59852.27235869722 0.2931606926807392 4.030133241525862e-05 0.005024699333015216 5.6598713368389844e-06 3.6557976521139255e-07 4.117926859529409e-10 0.005627663252977042 6.3390558972596635e-06 0.28753302942776215 4.079682615245649e-05
59852.27256132419 0.29317888346180787 4.0305899005325886e-05 0.005007711743569486 5.6539788450827575e-06 3.643438068884195e-07 4.1136396860888065e-10 0.005608637152797825 6.332456306492688e-06 0.28757024630901007 4.080031246818055e-05
59852.27276395116 0.29302398796362183 4.029679000621111e-05 0.0050378954642326 5.655446725931627e-06 3.6653987013159187e-07 4.1147076654852297e-10 0.005642442919940513 6.334100333043423e-06 0.2873815450436813 4.0791569126888666e-05
59852.27296657812 0.29336165659601876 4.031302399920034e-05 0.005057415062260916 5.655465361979388e-06 3.6796004865199105e-07 4.114721224429782e-10 0.005664304869732226 6.334121205416915e-06 0.2876973517262865 4.080760952818744e-05
59852.273169205095 0.2931808140685011 4.030429894948473e-05 0.005008586427461178 5.654034655232883e-06 3.644074458667078e-07 4.113680291626028e-10 0.0056096167987565206 6.332518813860829e-06 0.28757119726974456 4.079874150433242e-05
59852.27337183206 0.2931045415225982 4.03001463647263e-05 0.00500779071881176 5.6539797587031255e-06 3.643495528542205e-07 4.1136403508074244e-10 0.005608725605069172 6.3324573297475e-06 0.287495815917529 4.0794629706021786e-05
59852.273574459025 0.293157818923158 4.030040143326959e-05 0.005033511789029771 5.6542090108009496e-06 3.662209290676195e-07 4.113807146714089e-10 0.005637533203713344 6.3327140920970634e-06 0.28752028571944466 4.079492154000204e-05
59852.273777086 0.29312981278321926 4.030012604362643e-05 0.005025114027244956 5.655579665136075e-06 3.6560993693095134e-07 4.114804387457886e-10 0.0056281277105143515 6.334249224952404e-06 0.2875016850727049 4.0794887821588466e-05
59852.27397971296 0.2930982745757982 4.030699323372739e-05 0.005052253184024134 5.65427693476173e-06 3.67584488223638e-07 4.113856565841461e-10 0.0056585235661070305 6.332790166933138e-06 0.28743975100969116 4.0801445254330765e-05
59852.274182339934 0.2931754180343613 4.030508173903735e-05 0.005014719055101861 5.653990340159027e-06 3.6485363466815085e-07 4.1136480495091925e-10 0.005616485341714085 6.33246918097811e-06 0.2875589326926472 4.0799507103867314e-05
59852.2743849669 0.29313496021628704 4.030089475829655e-05 0.005008796178680467 5.65403323811004e-06 3.644227066408195e-07 4.113679260576403e-10 0.005609851720122123 6.332517226683245e-06 0.2875251084961649 4.079537832580468e-05
59852.27458759386 0.2931854254506855 4.030442590186774e-05 0.005070082995447256 5.654339081973529e-06 3.688817237081574e-07 4.1139017820058365e-10 0.005678492954900927 6.332859771810352e-06 0.2875069324957846 4.0798919840708544e-05
59852.274790220836 0.29308361883049516 4.0302517729182986e-05 0.005042805353377037 5.654223970976775e-06 3.66897096704104e-07 4.113818031221208e-10 0.005647941995782281 6.332730847493989e-06 0.2874356768347129 4.0797014784147027e-05
59852.2749928478 0.2931210160104113 4.030185402769257e-05 0.0050319058690177455 5.6541966403031934e-06 3.6610408787533415e-07 4.113798146367271e-10 0.005635734573299875 6.332700237139577e-06 0.28748528143711144 4.079635437588643e-05
59852.275195474765 0.2931828835098197 4.0307217767299126e-05 0.005025116913968274 5.656354408536562e-06 3.656101469589675e-07 4.115368063991899e-10 0.0056281309436444675 6.33511693756095e-06 0.28755475256617524 4.080202826763696e-05
59852.27539810174 0.2930818078070183 4.0299669274897175e-05 0.0050363206318390485 5.6624838456042e-06 3.6642529076703184e-07 4.119827630655603e-10 0.005640679107659734 6.341981907076704e-06 0.28744112869935856 4.079563797976175e-05
59852.2756007287 0.2931696022345476 4.0308596661203376e-05 0.005046661409508043 5.655795920420981e-06 3.671776500271163e-07 4.114961727332458e-10 0.005652260778649008 6.334491430871499e-06 0.2875173414558986 4.080329332888903e-05
59852.275803355675 0.29311927004689986 4.030116130932138e-05 0.00502114194595751 5.654067519050719e-06 3.653209420183754e-07 4.1137042022045765e-10 0.005623678979472411 6.332555621336806e-06 0.28749559106742745 4.079564760580799e-05
59852.27600598264 0.29313320527389936 4.030204855325783e-05 0.00503355269794189 5.664216987142532e-06 3.6622390545874186e-07 4.1210886045660186e-10 0.005637579021694917 6.343923025599636e-06 0.28749562625220443 4.079829012279663e-05
59852.276208609605 0.29322101047407945 4.031005611401502e-05 0.005067787804302084 5.654374267747016e-06 3.687147335293712e-07 4.1139273819591026e-10 0.005675922340818334 6.3328991798766576e-06 0.28754508813326113 4.080448793867559e-05
59852.27641123658 0.2931601005209925 4.0301790443438004e-05 0.005004913057877711 5.654726075076212e-06 3.641401841857879e-07 4.1141833448183373e-10 0.005605502624823036 6.3332932040853575e-06 0.2875545978961695 4.07963836112431e-05
59852.27661386354 0.2930843628543259 4.030506055409761e-05 0.005048453797735809 5.656557892271962e-06 3.673080580026083e-07 4.1155161117282545e-10 0.005654268253464106 6.335344839344598e-06 0.2874300946008618 4.079993260414637e-05
59852.27681649051 0.29311593438375017 4.03002846573224e-05 0.0050281962669884005 5.657572702794363e-06 3.658341900468204e-07 4.1162544528068454e-10 0.005631579819027009 6.336481427129687e-06 0.28748435456472315 4.079539116539483e-05
59852.27701911748 0.2931940113877389 4.030329662454279e-05 0.005001998180497345 5.654817416694809e-06 3.639281077772887e-07 4.1142498018245533e-10 0.005602237962157026 6.333395506698187e-06 0.28759177342558184 4.079788741405794e-05
59852.27722174444 0.29323090725994944 4.030535325516418e-05 0.005061623988194092 5.655714417029449e-06 3.6826627556278996e-07 4.114902428280384e-10 0.005669018866777383 6.334400147072983e-06 0.28756188839317204 4.0800075076484996e-05
59852.27742437141 0.2930284128901476 4.030956398342449e-05 0.0050231806712904056 5.656779220688442e-06 3.654692726306437e-07 4.1156771426381035e-10 0.005625962351845254 6.335592727171055e-06 0.2874024505383023 4.080441990444633e-05
59852.27762699838 0.2933112700583596 4.0309229103877196e-05 0.005057275851623294 5.659087054166531e-06 3.679499201669129e-07 4.117356242550656e-10 0.0056641489538180895 6.338177500666516e-06 0.2876471211045415 4.0804490500174315e-05
59852.277829625345 0.29311917942812227 4.030086644221495e-05 0.005059798544792354 5.660226489642097e-06 3.681334626070318e-07 4.118185256439893e-10 0.005666974370167437 6.339453668399149e-06 0.2874522050579548 4.0796427647614275e-05
59852.27803225232 0.29314347595492973 4.030356333550234e-05 0.005048787554622615 5.6543061147771275e-06 3.6733234100070025e-07 4.1138777962126155e-10 0.005654642061177329 6.332822848550383e-06 0.2874888338937524 4.0798061997722024e-05
59852.27823487928 0.29315298965433145 4.03009972162742e-05 0.0050287346638819945 5.6558289526774545e-06 3.658733619448596e-07 4.11498576046114e-10 0.005632182823547834 6.33452842699875e-06 0.2875208068307836 4.0795791780753516e-05
59852.27843750625 0.29311948285231093 4.030271573314601e-05 0.005007139239126454 5.657527273141125e-06 3.643021534429106e-07 4.116221399760556e-10 0.005607995947821629 6.33643054591806e-06 0.2875114869044893 4.0797784836067e-05
59852.27864013322 0.2930406452807628 4.029796580168155e-05 0.005044216805372556 5.6584493187914975e-06 3.6699978907531485e-07 4.116892248322902e-10 0.005649522822017262 6.337463237046477e-06 0.28739112245874554 4.079325297196108e-05
59852.278842760184 0.2931825220413438 4.030478650165658e-05 0.005038768277443174 5.655468569683417e-06 3.6660337300558446e-07 4.1147235582444205e-10 0.005643420470736356 6.334124798045427e-06 0.28753910157060747 4.079947244636054e-05
59852.27904538715 0.29320989495240823 4.03046827496984e-05 0.005059341506644576 5.65701846019045e-06 3.681002100902773e-07 4.1158512050350287e-10 0.005666462487441925 6.335860675413304e-06 0.28754343246496633 4.0799639484339614e-05
59852.27924801412 0.29311073112935293 4.030105133772296e-05 0.005031781470965836 5.654053824698867e-06 3.6609503710282104e-07 4.1136942386672525e-10 0.005635595247481736 6.332540283662732e-06 0.2874751358818712 4.079553658637171e-05
59852.27945064109 0.29321093650642815 4.030505022808281e-05 0.005042941364040441 5.661766683685525e-06 3.669069923701127e-07 4.1193058484185544e-10 0.005648094327725294 6.3411786857277885e-06 0.28756284217870287 4.080082868046441e-05
59852.27965326806 0.29324114571150306 4.030794918645721e-05 0.005049945855605166 5.659412944765087e-06 3.674166149787396e-07 4.117593349291992e-10 0.005655939358277786 6.338542498136898e-06 0.28758520635322526 4.0803282816688954e-05
59852.27985589502 0.2931241932009394 4.030601629178746e-05 0.00503319414366789 5.655482888051374e-06 3.6619781828842235e-07 4.114733975794306e-10 0.005637177440908037 6.334140834617539e-06 0.2874870157600314 4.080068981557304e-05
59852.28005852199 0.2931767268581076 4.0303975361896525e-05 0.005048012943316794 5.6551583621617215e-06 3.672759829580505e-07 4.114497861968022e-10 0.00565377449651481 6.333777365621128e-06 0.28752295236159275 4.079861720315551e-05
59852.28026114896 0.29317391624993583 4.031040709816666e-05 0.005004710467252877 5.6564528679032406e-06 3.641254443917918e-07 4.1154396996257304e-10 0.005605275723323222 6.33522721205163e-06 0.28756864052661263 4.080519604472259e-05
59852.280463775925 0.2930929881089721 4.030664655183612e-05 0.0050219501336589934 5.655590369590741e-06 3.6537974296358095e-07 4.1148121756493063e-10 0.005624584149698073 6.33426121394163e-06 0.28746840395927403 4.080133112266177e-05
59852.28066640289 0.293109328879465 4.0302536852415314e-05 0.00500779642679909 5.656911933546276e-06 3.643499681476599e-07 4.115773699928783e-10 0.005608731998014981 6.33574136557183e-06 0.28750059688145 4.079750109248988e-05
59852.28086902986 0.2931603971107404 4.030434042251878e-05 0.005022525298486229 5.656267617618181e-06 3.654215899694539e-07 4.115304917917952e-10 0.0056252283343045766 6.3350197317323625e-06 0.2875351687764358 4.0799170725588526e-05
59852.28107165683 0.29324747614846264 4.031479792017375e-05 0.005067438324240895 5.658786913119821e-06 3.686893065674282e-07 4.1171378702937015e-10 0.005675530923149803 6.337841342694199e-06 0.2875719452253128 4.080993952739467e-05
59852.2812742838 0.29311097861202673 4.0304706114363756e-05 0.005044252821807393 5.654226566248832e-06 3.670024095066917e-07 4.1138199194515006e-10 0.0056495631604242804 6.3327337541986925e-06 0.2874614154516025 4.079917709668663e-05
59852.281476910764 0.29315908273862634 4.030343423435549e-05 0.005025589827392236 5.657984773474515e-06 3.6564455450597464e-07 4.1165542611983855e-10 0.005628660606679305 6.336942946291457e-06 0.287530422131947 4.0798574202875905e-05
