WASP80b/WASP80b_WLP8/Results/7075100_radii/WASP80b_WLP8_nrca3_level3_asn_phot.ecsv
# %ECSV 0.9
# ---
# datatype:
# - {name: MJD, datatype: float64}
# - {name: aperture_sum, unit: Jy, datatype: float64}
# - {name: aperture_sum_err, unit: Jy, datatype: float64}
# - {name: annulus_sum, unit: Jy, datatype: float64}
# - {name: annulus_sum_err, unit: Jy, datatype: float64}
# - {name: annulus_mean, unit: Jy, datatype: float64}
# - {name: annulus_mean_err, unit: Jy, datatype: float64}
# - {name: aperture_bkg, unit: Jy, datatype: float64}
# - {name: aperture_bkg_err, unit: Jy, datatype: float64}
# - {name: net_aperture_sum, unit: Jy, datatype: float64}
# - {name: net_aperture_sum_err, unit: Jy, datatype: float64}
# meta: !!omap
# - {instrument: NIRCAM}
# - {detector: NRCA3}
# - {channel: SHORT}
# - {subarray: SUBGRISM256}
# - {filter: F210M}
# - {pupil: WLP8}
# - {target_name: UNKNOWN}
# - {xcenter: 1055.0}
# - {ycenter: 166.0}
# - ra_icrs: !numpy.ndarray
#     buffer: !!binary |
#       aE5BSnpLcnlja0E9
#     dtype: float64
#     order: C
#     shape: !!python/tuple []
# - dec_icrs: !numpy.ndarray
#     buffer: !!binary |
#       aHllR0pMQW5BY0E9
#     dtype: float64
#     order: C
#     shape: !!python/tuple []
# - {apertures: Photometry measured in a circular aperture of r=70.0 pixels.  Background calculated as the mean in a circular annulus
#     with r_inner=75.0 pixels and r_outer=100.0 pixels.}
# - {number_of_integrations: 1227}
# - __serialized_columns__:
#     annulus_mean:
#       __class__: astropy.units.quantity.Quantity
#       unit: &id001 !astropy.units.Unit {unit: Jy}
#       value: !astropy.table.SerializedColumn {name: annulus_mean}
#     annulus_mean_err:
#       __class__: astropy.units.quantity.Quantity
#       unit: *id001
#       value: !astropy.table.SerializedColumn {name: annulus_mean_err}
#     annulus_sum:
#       __class__: astropy.units.quantity.Quantity
#       unit: *id001
#       value: !astropy.table.SerializedColumn {name: annulus_sum}
#     annulus_sum_err:
#       __class__: astropy.units.quantity.Quantity
#       unit: *id001
#       value: !astropy.table.SerializedColumn {name: annulus_sum_err}
#     aperture_bkg:
#       __class__: astropy.units.quantity.Quantity
#       unit: *id001
#       value: !astropy.table.SerializedColumn {name: aperture_bkg}
#     aperture_bkg_err:
#       __class__: astropy.units.quantity.Quantity
#       unit: *id001
#       value: !astropy.table.SerializedColumn {name: aperture_bkg_err}
#     aperture_sum:
#       __class__: astropy.units.quantity.Quantity
#       unit: *id001
#       value: !astropy.table.SerializedColumn {name: aperture_sum}
#     aperture_sum_err:
#       __class__: astropy.units.quantity.Quantity
#       unit: *id001
#       value: !astropy.table.SerializedColumn {name: aperture_sum_err}
#     net_aperture_sum:
#       __class__: astropy.units.quantity.Quantity
#       unit: *id001
#       value: !astropy.table.SerializedColumn {name: net_aperture_sum}
#     net_aperture_sum_err:
#       __class__: astropy.units.quantity.Quantity
#       unit: *id001
#       value: !astropy.table.SerializedColumn {name: net_aperture_sum_err}
# schema: astropy-2.0
MJD aperture_sum aperture_sum_err annulus_sum annulus_sum_err annulus_mean annulus_mean_err aperture_bkg aperture_bkg_err net_aperture_sum net_aperture_sum_err
59852.197994600116 0.2932035993583353 4.03110125960443e-05 0.005138363381091198 5.7016776077626995e-06 3.738495686871079e-07 4.1483436580196867e-10 0.005754966986822142 6.385878920694224e-06 0.28744863237151314 4.081368870989498e-05
59852.19819722708 0.2934001695266619 4.031755847956341e-05 0.005184266979687191 5.6999759119338666e-06 3.771893559429975e-07 4.147105562921183e-10 0.0058063790172496535 6.383973021365931e-06 0.28759379050941225 4.081985587052634e-05
59852.19839985405 0.29331157506470146 4.031347423424659e-05 0.005603372049623969 6.468350720287881e-06 4.0768199299685474e-07 4.706148529306687e-10 0.006275776695578846 7.244552806722426e-06 0.28703579836912263 4.095924499065691e-05
59852.19860248102 0.2934723564195334 4.0317668818353056e-05 0.005328178758676056 5.702951552053015e-06 3.876598798265295e-07 4.149270535875812e-10 0.005967560209717183 6.387305738299377e-06 0.2875047962098162 4.082048619922245e-05
59852.19880510798 0.29352780620902286 4.032052962833384e-05 0.005395487709026555 5.700881262680039e-06 3.9255704652943646e-07 4.147764264847973e-10 0.0060429462341097424 6.384987014201644e-06 0.28748485997491313 4.08229490443901e-05
59852.199007734955 0.29348284174257994 4.0320087018116515e-05 0.005308569100248377 5.700698433908281e-06 3.862331488225941e-07 4.14763124494962e-10 0.005945597392278183 6.384782245977275e-06 0.28753724435030176 4.0822479854573194e-05
59852.19921036192 0.2934494120504433 4.031981065413927e-05 0.00520246946598168 5.700064171327343e-06 3.7851370596371995e-07 4.1471697774068797e-10 0.005826765801899481 6.384071871886625e-06 0.2876226462485438 4.0822095791997954e-05
59852.19941298889 0.29329051097377523 4.032311616389189e-05 0.005053849755150372 5.699209773244304e-06 3.677006492232899e-07 4.146548146877582e-10 0.005660311725768417 6.383114946033621e-06 0.2876301992480068 4.08252110047333e-05
59852.19961561586 0.2933815935171987 4.0315436434340344e-05 0.005195753942756204 5.700000330061365e-06 3.7802510769319063e-07 4.1471233287072054e-10 0.0058192444158869485 6.3840003696687284e-06 0.2875623491013118 4.0817764216224136e-05
59852.19981824282 0.2938040373621338 4.03345727280593e-05 0.005275437973594991 5.700524673046868e-06 3.8382264250163865e-07 4.1475048225495753e-10 0.00590849053042639 6.384587633812492e-06 0.28789554683170737 4.083675692815158e-05
59852.200020869794 0.2930296937520298 4.030477018865254e-05 0.004909208432996366 5.699721433643283e-06 3.571770462993323e-07 4.1469204133081277e-10 0.00549831344495593 6.3836880056804774e-06 0.28753138030707387 4.080718040386965e-05
59852.20022349676 0.29328899456202046 4.0313278508906176e-05 0.005290701720942141 5.7051312954259775e-06 3.849331800286808e-07 4.1508564418528577e-10 0.005925585927455198 6.389747050877095e-06 0.2873634086345653 4.081653208579618e-05
59852.20042612372 0.2934718922249518 4.031752171623745e-05 0.005362887314472651 5.7007375156471545e-06 3.9018515444257935e-07 4.147659679472712e-10 0.0060064337922093695 6.384826017524814e-06 0.2874654584327424 4.081995297171887e-05
59852.200628750696 0.29314043288588365 4.03072646027148e-05 0.0052942891476771455 5.829259689046367e-06 3.8519418880484353e-07 4.241167972928247e-10 0.0059296038453984035 6.528770851731931e-06 0.2872108290404852 4.0832590275265296e-05
59852.20083137766 0.2932148820627887 4.031052313771248e-05 0.005110133733269613 5.7011220799192904e-06 3.717956770333714e-07 4.1479394751520123e-10 0.0057233497812619665 6.385256729509605e-06 0.2874915322815267 4.081310793284188e-05
59852.20103400463 0.29320724153721056 4.0313753183487365e-05 0.004875048335347001 5.698332202106698e-06 3.546916756033788e-07 4.145909656434314e-10 0.005460054135588642 6.3821320663595014e-06 0.2877471874016219 4.081580950381349e-05
59852.2012366316 0.29440886094498164 4.1891442703491354e-05 0.004886800280761934 5.699751341627967e-06 3.5554670655365657e-07 4.146942173324586e-10 0.005473216314453366 6.383721502623323e-06 0.2889356446305283 4.2375050112099623e-05
59852.20143925856 0.2932487334400431 4.0312788739509696e-05 0.005091520428847725 5.699640264249699e-06 3.704414373049062e-07 4.146861357261423e-10 0.005702502880309452 6.383597095959664e-06 0.28754623055973366 4.081508603249397e-05
59852.201641885535 0.29339905147222867 4.035293056969419e-05 0.0049564502216057245 5.7375670455591905e-06 3.606141956377011e-07 4.174455573128718e-10 0.005551224248198412 6.426075091026293e-06 0.28784782722403024 4.0861393106917786e-05
59852.2018445125 0.2931811588080907 4.0308956237271306e-05 0.005088861079335165 5.699798565255663e-06 3.7024795222132543e-07 4.146976531604717e-10 0.005699524408855385 6.383774393086343e-06 0.2874816343992353 4.081132843268004e-05
59852.202047139464 0.29338369068952713 4.031687697123412e-05 0.005212023935758546 5.699896187365962e-06 3.792088561779418e-07 4.14704755807973e-10 0.005837466808049571 6.383883729849878e-06 0.28754622388147755 4.08191687836716e-05
59852.20224976644 0.2929663862111589 4.030216322067758e-05 0.004893849678451582 5.698669760366963e-06 3.5605959637680085e-07 4.146155252163241e-10 0.005481111639865772 6.3825101316109995e-06 0.28748527457129314 4.080442127816854e-05
59852.2024523934 0.29366765651616955 4.0324517620465644e-05 0.005457603378230403 5.701494201177841e-06 3.9707636803675224e-07 4.148210217724483e-10 0.006112515783618051 6.385673505319183e-06 0.2875551407325515 4.082699532710899e-05
59852.202655020374 0.29378302159844616 4.033238472060878e-05 0.005442667977500301 5.701946038632662e-06 3.9598971987526474e-07 4.148538959047495e-10 0.006095788134800338 6.386179563268582e-06 0.28768723346364583 4.083484476112901e-05
59852.20285764734 0.2930529972140033 4.0305096819544076e-05 0.005088497862618287 5.7001123326669556e-06 3.7022152582776895e-07 4.147204817933806e-10 0.005699117606132482 6.38412581258699e-06 0.2873538796078708 4.0807571503628605e-05
59852.2030602743 0.29337584234427794 4.033551701858186e-05 0.005079861902923552 5.699555196432414e-06 3.6959320323405033e-07 4.146799464856307e-10 0.005689445331274378 6.383501820004304e-06 0.2876863970130036 4.083751986399646e-05
59852.203262901276 0.2936834959443123 4.032700309137803e-05 0.005514277240459053 5.7015233937054895e-06 4.01199762467746e-07 4.1482314571991185e-10 0.0061759905093141405 6.385706200950148e-06 0.28750750543499815 4.0829455323538996e-05
59852.20346552824 0.29343249100779173 4.031783047891493e-05 0.005265387131460651 5.700653975767318e-06 3.8309137794944827e-07 4.1475988987421e-10 0.00589723358723593 6.384732452859396e-06 0.2875352574205558 4.082024329938662e-05
59852.203668155205 0.29351784508848966 4.032006033048023e-05 0.005397289608518987 5.701003273336919e-06 3.9268814651168805e-07 4.147853035586955e-10 0.0060449643615412664 6.38512366613735e-06 0.2874728807269484 4.082250689614043e-05
59852.20387078218 0.29331064517656247 4.0315687273394116e-05 0.005133805891729691 5.704622227958877e-06 3.735179815054062e-07 4.1504860619499714e-10 0.005749862598737255 6.389176895313942e-06 0.2875607825778252 4.081882190516681e-05
59852.20407340914 0.29368891449285306 4.049445011305112e-05 0.004947471693447607 5.699171475923228e-06 3.599609489460192e-07 4.146520283069781e-10 0.00554116829666132 6.383072053034016e-06 0.28814774619619177 4.0994439852163e-05
59852.204276036115 0.29338107529269486 4.031639478638482e-05 0.005128311795512834 5.699662093667218e-06 3.7311825004449866e-07 4.1468772395914937e-10 0.005743709210974375 6.383621544907285e-06 0.28763736608172047 4.0818651528440304e-05
59852.20447866308 0.29350093970060265 4.032129190348244e-05 0.0053180124989063386 5.720550754233201e-06 3.8692021788590924e-07 4.1620751074024416e-10 0.0059561739987750995 6.4070168447411855e-06 0.2875447657018275 4.0827153288156596e-05
59852.204681290044 0.29312925427394265 4.030897174606676e-05 0.005211696407800523 5.84361752500737e-06 3.791850263751898e-07 4.2516142383696017e-10 0.005837099976736587 6.544851628008255e-06 0.28729215429720606 4.083684960985422e-05
59852.20488391702 0.2930306060182054 4.030487578467553e-05 0.004895157709874406 5.698581258650781e-06 3.561547642244177e-07 4.146090861371915e-10 0.005482576635059334 6.382411009688875e-06 0.28754802938314605 4.0807084952428566e-05
59852.20508654398 0.29355287084182735 4.0364807454933274e-05 0.005300196791112462 5.819757366422323e-06 3.8562400853273154e-07 4.234254411252954e-10 0.005936220406045958 6.518128250393002e-06 0.2876166504357814 4.088769590919019e-05
59852.205289170946 0.2934691489161648 4.038532469478443e-05 0.005019429903305072 5.699119182528941e-06 3.6519637970938354e-07 4.146482236202618e-10 0.0056217614917016805 6.3830134844324145e-06 0.28784738742446314 4.08866397720039e-05
59852.20549179792 0.2931188871762076 4.030986345862699e-05 0.005091364566949398 5.705677389260487e-06 3.7043009733162234e-07 4.1512537608615625e-10 0.005702328314983326 6.390358675971746e-06 0.28741655886122425 4.081325490647271e-05
59852.20569442488 0.2933486644228945 4.0318294805540496e-05 0.0051016561945706135 5.700235376115831e-06 3.7117888060402346e-07 4.147294340096566e-10 0.005713854937919087 6.384263621249732e-06 0.2876348094849754 4.082062858423528e-05
59852.20589705185 0.29320080018063505 4.031067645509118e-05 0.0051277205545230305 5.7002531604129055e-06 3.730752333925737e-07 4.147307279336743e-10 0.005743047021065794 6.384283539662454e-06 0.28745775315956923 4.081310711746715e-05
59852.20609967882 0.2932232283082147 4.0310383017190845e-05 0.005143019672102088 5.70025119956705e-06 3.741883443354999e-07 4.1473058526930384e-10 0.005760182032754339 6.3842813435150975e-06 0.2874630462754603 4.081281694842667e-05
59852.206302305785 0.29317083258548304 4.030896381553052e-05 0.00518487636619805 5.70629848906257e-06 3.7723369280034915e-07 4.1517056516211283e-10 0.005807061530141816 6.391054307750079e-06 0.2873637710553412 4.081247528693107e-05
59852.20650493276 0.29358282858576423 4.0321840541172115e-05 0.0056090475631823955 5.874097037000375e-06 4.08094923756813e-07 4.273790078354586e-10 0.006282133270764283 6.57898868144042e-06 0.28730069531499997 4.085503538975621e-05
59852.20670755972 0.2933523314988414 4.0316013808235464e-05 0.005187376635757888 5.6999748866268885e-06 3.774156037761253e-07 4.147104816943246e-10 0.005809861832048834 6.383971873022115e-06 0.28754246966679253 4.081833002783639e-05
59852.20691018669 0.2934541054547943 4.031945034644412e-05 0.005329306439401667 5.702289003965353e-06 3.8774192598045424e-07 4.1487884887755263e-10 0.0059688232121298665 6.386563684441196e-06 0.2874852822426644 4.082212968396916e-05
59852.20711281366 0.29323966342387414 4.03125894916208e-05 0.005171854843298444 5.7004667610884285e-06 3.762862917781519e-07 4.1474626878092336e-10 0.005792477424494258 6.38452277241904e-06 0.2874471859993799 4.0815034026097215e-05
59852.207315440624 0.2933685060069654 4.031381249264619e-05 0.005246436164624608 5.700111673690896e-06 3.8171257107021316e-07 4.1472043384855907e-10 0.005876008504379562 6.384125074533804e-06 0.2874924975025858 4.081617976562147e-05
59852.20751806759 0.29335349423696744 4.031611163366068e-05 0.005199439959746455 5.700841746366155e-06 3.7829328955573657e-07 4.147735514143116e-10 0.00582337275491603 6.384942755930094e-06 0.2875301214820514 4.081857850604666e-05
59852.20772069456 0.29377118711752503 4.033064085451029e-05 0.005434930685325342 5.701263884303693e-06 3.9542678122576023e-07 4.148042647123349e-10 0.006087122367564383 6.385415550420137e-06 0.28768406474996067 4.083300287129324e-05
59852.207923321526 0.2935043835732972 4.039007330512448e-05 0.005040412492105692 5.699241720381698e-06 3.6672300038434736e-07 4.146571390511108e-10 0.005645261991158375 6.3831507268275016e-06 0.28785912158213883 4.089135158923862e-05
59852.2081259485 0.29352682163387145 4.032268593517522e-05 0.0053632773994660935 5.70180380636443e-06 3.902135356791198e-07 4.148435475762666e-10 0.006006870687402024 6.386020263128162e-06 0.2875199509464694 4.0825240425842697e-05
59852.20832857546 0.2940305771878381 4.038809244802536e-05 0.005439801630731154 5.7016938100485335e-06 3.957811743863846e-07 4.1483554462431374e-10 0.006092577826418893 6.385897067254358e-06 0.28793799936141923 4.088982383116624e-05
59852.20853120243 0.29379784064323666 4.034132863374835e-05 0.005489632348097617 5.7091139262398865e-06 3.9940668523744186e-07 4.153754066449629e-10 0.006148388229869331 6.394207597388674e-06 0.2876494524133673 4.084493465210329e-05
59852.2087338294 0.2931881439640865 4.030895391800087e-05 0.0050717475495743935 5.699278901773275e-06 3.6900283091610163e-07 4.1465984424071564e-10 0.005680357255523321 6.383192369986069e-06 0.2875077867085632 4.081123510500223e-05
59852.208936456365 0.2942544449589371 4.040057658994251e-05 0.005432102204195239 5.7012228013456985e-06 3.952209907099669e-07 4.148012756582358e-10 0.0060839544686986675 6.385369537507183e-06 0.2881704904902384 4.0902072477202614e-05
59852.20913908333 0.29364261492479926 4.0325165708277426e-05 0.005465748316708447 5.701689374627035e-06 3.976689656230197e-07 4.148352219183681e-10 0.0061216381147134605 6.3858920995822805e-06 0.2875209768100858 4.082766962866655e-05
59852.2093417103 0.29304966633052343 4.030727106565093e-05 0.004981028798504386 5.7298482760216645e-06 3.6240244798402623e-07 4.1688396630647894e-10 0.005578752254324912 6.417430069144264e-06 0.2874709140761985 4.0814942232621345e-05
59852.20954433727 0.2931322563739488 4.0308841815148704e-05 0.005093786787083323 5.713917415055774e-06 3.706063297007976e-07 4.15724891897139e-10 0.005705041201533322 6.399587504862468e-06 0.2874272151724155 4.0813691926987844e-05
59852.20974696424 0.2934152685672158 4.031554331033278e-05 0.005384052351216641 5.703289849723351e-06 3.917250493996205e-07 4.1495166695739623e-10 0.006030138633362638 6.387684631690153e-06 0.2873851299338531 4.081844616544399e-05
59852.209949591204 0.29356489345858416 4.034228603986363e-05 0.005056712867425519 5.704328450779375e-06 3.6790895938156044e-07 4.150272319822953e-10 0.005663518411516581 6.3888478648729e-06 0.2879013750470676 4.084504155907626e-05
59852.21015221817 0.2933049221944324 4.032023767987524e-05 0.005091432545502476 5.699394843531944e-06 3.7043504321630653e-07 4.1466827976254557e-10 0.005702404450962774 6.383322224755778e-06 0.2876025177434696 4.082240033592699e-05
59852.21035484514 0.293401583884345 4.0315774403842656e-05 0.005248721720178493 5.708159835561532e-06 3.818788601966643e-07 4.153059903031947e-10 0.005878568326599913 6.393139015828916e-06 0.2875230155577451 4.08195283198771e-05
59852.210557472106 0.2932100663448114 4.0310489999668565e-05 0.005072610771897832 5.699496216821758e-06 3.6906563599027877e-07 4.1467565533290963e-10 0.005681324064525572 6.38343576284037e-06 0.2875287422802858 4.081279034998328e-05
59852.21076009907 0.2938053826136949 4.033271793212748e-05 0.005632435571834851 5.7062527919759025e-06 4.0979655447046526e-07 4.151672403999514e-10 0.0063083278404550336 6.391003127013012e-06 0.28749705477323984 4.083592850373366e-05
59852.21096272604 0.29332350261949997 4.031279546098896e-05 0.00527151813510967 5.701468863605374e-06 3.83537448594868e-07 4.148191782982064e-10 0.00590410031132283 6.385645127238019e-06 0.28741940230817714 4.081541303932316e-05
59852.21116535301 0.2937457055450541 4.0337461204263674e-05 0.005555646003802837 5.7058900995253074e-06 4.042096107766658e-07 4.151408521501986e-10 0.006222323524259179 6.390596911468345e-06 0.2875233820207949 4.084054976723925e-05
59852.21136797998 0.2933816141423928 4.031586836469168e-05 0.005292996543633795 5.7038511977554454e-06 3.8510014340006194e-07 4.149925087009861e-10 0.005928156128869851 6.3883133414861e-06 0.2874534580135229 4.081886560584648e-05
59852.211570606945 0.2931157158600954 4.030775689477415e-05 0.005057098381997148 5.699889616032145e-06 3.679370080899987e-07 4.147042777004257e-10 0.005663950187836806 6.383876369956002e-06 0.28745176567225855 4.081015980604702e-05
