WASP80b/WASP80b_WLP8/Results/7075100_radii/WASP80b_WLP8_nrca3_level3_asn_phot.ecsv
# %ECSV 0.9
# ---
# datatype:
# - {name: MJD, datatype: float64}
# - {name: aperture_sum, unit: Jy, datatype: float64}
# - {name: aperture_sum_err, unit: Jy, datatype: float64}
# - {name: annulus_sum, unit: Jy, datatype: float64}
# - {name: annulus_sum_err, unit: Jy, datatype: float64}
# - {name: annulus_mean, unit: Jy, datatype: float64}
# - {name: annulus_mean_err, unit: Jy, datatype: float64}
# - {name: aperture_bkg, unit: Jy, datatype: float64}
# - {name: aperture_bkg_err, unit: Jy, datatype: float64}
# - {name: net_aperture_sum, unit: Jy, datatype: float64}
# - {name: net_aperture_sum_err, unit: Jy, datatype: float64}
# meta: !!omap
# - {instrument: NIRCAM}
# - {detector: NRCA3}
# - {channel: SHORT}
# - {subarray: SUBGRISM256}
# - {filter: F210M}
# - {pupil: WLP8}
# - {target_name: UNKNOWN}
# - {xcenter: 1055.0}
# - {ycenter: 166.0}
# - ra_icrs: !numpy.ndarray
#     buffer: !!binary |
#       aE5BSnpLcnlja0E9
#     dtype: float64
#     order: C
#     shape: !!python/tuple []
# - dec_icrs: !numpy.ndarray
#     buffer: !!binary |
#       aHllR0pMQW5BY0E9
#     dtype: float64
#     order: C
#     shape: !!python/tuple []
# - {apertures: Photometry measured in a circular aperture of r=70.0 pixels.  Background calculated as the mean in a circular annulus
#     with r_inner=75.0 pixels and r_outer=100.0 pixels.}
# - {number_of_integrations: 1227}
# - __serialized_columns__:
#     annulus_mean:
#       __class__: astropy.units.quantity.Quantity
#       unit: &id001 !astropy.units.Unit {unit: Jy}
#       value: !astropy.table.SerializedColumn {name: annulus_mean}
#     annulus_mean_err:
#       __class__: astropy.units.quantity.Quantity
#       unit: *id001
#       value: !astropy.table.SerializedColumn {name: annulus_mean_err}
#     annulus_sum:
#       __class__: astropy.units.quantity.Quantity
#       unit: *id001
#       value: !astropy.table.SerializedColumn {name: annulus_sum}
#     annulus_sum_err:
#       __class__: astropy.units.quantity.Quantity
#       unit: *id001
#       value: !astropy.table.SerializedColumn {name: annulus_sum_err}
#     aperture_bkg:
#       __class__: astropy.units.quantity.Quantity
#       unit: *id001
#       value: !astropy.table.SerializedColumn {name: aperture_bkg}
#     aperture_bkg_err:
#       __class__: astropy.units.quantity.Quantity
#       unit: *id001
#       value: !astropy.table.SerializedColumn {name: aperture_bkg_err}
#     aperture_sum:
#       __class__: astropy.units.quantity.Quantity
#       unit: *id001
#       value: !astropy.table.SerializedColumn {name: aperture_sum}
#     aperture_sum_err:
#       __class__: astropy.units.quantity.Quantity
#       unit: *id001
#       value: !astropy.table.SerializedColumn {name: aperture_sum_err}
#     net_aperture_sum:
#       __class__: astropy.units.quantity.Quantity
#       unit: *id001
#       value: !astropy.table.SerializedColumn {name: net_aperture_sum}
#     net_aperture_sum_err:
#       __class__: astropy.units.quantity.Quantity
#       unit: *id001
#       value: !astropy.table.SerializedColumn {name: net_aperture_sum_err}
# schema: astropy-2.0
MJD aperture_sum aperture_sum_err annulus_sum annulus_sum_err annulus_mean annulus_mean_err aperture_bkg aperture_bkg_err net_aperture_sum net_aperture_sum_err
[from data line 1102]
59852.4212895184 0.293068380913481 4.030637089808081e-05 0.005047896629946813 5.698782912483803e-06 3.672675203990653e-07 4.1462375777345154e-10 0.005653644225540431 6.382636861981859e-06 0.28741473668794054 4.0808596989918505e-05
59852.42149214537 0.2933056802373353 4.03235326823863e-05 0.005087472770989298 5.699664177820649e-06 3.701469437021114e-07 4.146878755949531e-10 0.005697969503508013 6.383623879159127e-06 0.28760771073382724 4.082570197581477e-05
59852.42169477234 0.29336580301492393 4.0318251929647766e-05 0.005074130753992769 5.699010111645717e-06 3.6917622463659665e-07 4.146402879995932e-10 0.005683026444471902 6.382891325043203e-06 0.28768277657045205 4.082037163390183e-05
59852.421897399305 0.2932712788282791 4.031295670136083e-05 0.005161508111265033 5.699561826977852e-06 3.755334992990823e-07 4.1468042890121103e-10 0.005780889084616837 6.3835092462151945e-06 0.28749038974366226 4.081523818749938e-05
59852.42210002627 0.29312378936277034 4.030611054205164e-05 0.005060007482511823 5.698861620524975e-06 3.681486641937069e-07 4.146294842986235e-10 0.005667208380413242 6.382725014987973e-06 0.2874565809823571 4.0808353625759514e-05
59852.42230265324 0.2933765025561572 4.0317222912359544e-05 0.00512884075133734 5.69919423457192e-06 3.73156735042966e-07 4.146536841476352e-10 0.005744301641497821 6.38309754272055e-06 0.2876322009146594 4.081938752118624e-05
59852.42250528021 0.2938169836691167 4.0392101375589654e-05 0.00524104353749451 5.7005387257584575e-06 3.813202221495244e-07 4.147515046817065e-10 0.005869968761993851 6.384603372849473e-06 0.2879470149071228 4.08935815717395e-05
59852.42270790718 0.2933639118580079 4.031527074176078e-05 0.0051215238646909024 5.699196595728997e-06 3.726243836473895e-07 4.146538559372673e-10 0.005736106728453811 6.383100187216477e-06 0.2876278051295541 4.0817459781097546e-05
59852.422910534144 0.2932042685270949 4.031324885517704e-05 0.005048254510193877 5.698778482434974e-06 3.672935585295134e-07 4.146234354584028e-10 0.005654045051417142 6.382631900327171e-06 0.28755022347567777 4.081538953917391e-05
59852.42311316111 0.2935226657421159 4.033037348240657e-05 0.005282509941190564 5.700971864115658e-06 3.8433717443316834e-07 4.1478301833226244e-10 0.0059164111341334326 6.385088487809537e-06 0.28760625460798245 4.083268764393988e-05
59852.42331578808 0.29327147299894424 4.0312973812575394e-05 0.005091483352872267 5.699192094155933e-06 3.70438739785014e-07 4.1465352841836224e-10 0.005702461355216939 6.383095145454645e-06 0.2875690116437273 4.081519032479594e-05
59852.423518415046 0.293123608047397 4.03091456113312e-05 0.005049010186667617 5.69889232924693e-06 3.673485389391929e-07 4.1463171855914697e-10 0.005654891409067731 6.382759408756562e-06 0.2874687166383293 4.08113567231668e-05
59852.42372104201 0.293278933124534 4.031209184647108e-05 0.005099772396465255 5.700106236108311e-06 3.7104182196162127e-07 4.1472003822883473e-10 0.005711745084041086 6.384118984441308e-06 0.2875671880404929 4.081447934551933e-05
59852.42392366898 0.29369556153729803 4.032814890048631e-05 0.005295327443558052 5.7016461351435746e-06 3.852697316262553e-07 4.14832075962926e-10 0.005930766736785018 6.3858436713608035e-06 0.28776479480051304 4.0830608532507256e-05
59852.42412629595 0.29324760012771806 4.031552194202751e-05 0.005152610298745781 5.699261191251275e-06 3.748861251984451e-07 4.1465855568431744e-10 0.005770923534595275 6.3831725342014285e-06 0.28747667659312276 4.081771920452544e-05
59852.42432892292 0.2931330907661393 4.030808963695299e-05 0.00487450853085163 5.697837185699723e-06 3.5465240129309695e-07 4.14554949959737e-10 0.0054594495545538255 6.381577647983691e-06 0.28767364121158545 4.08101289321399e-05
59852.424531549885 0.2930026865434301 4.030408463907549e-05 0.004901229540978807 5.701506370082845e-06 3.5659652967990785e-07 4.148219071399379e-10 0.005489377085896264 6.3856871344927875e-06 0.28751330945753384 4.0806816082284434e-05
59852.42473417685 0.29300444116070506 4.0302343605788416e-05 0.005072078147693351 5.6988321438044185e-06 3.6902688409315715e-07 4.1462733967426567e-10 0.005680727525416553 6.382692001060949e-06 0.2873237136352885 4.080462789071164e-05
59852.42493680382 0.29339711844793925 4.031532472715259e-05 0.005285285554293528 5.7012222740288676e-06 3.845391184539443e-07 4.148012372924849e-10 0.005919519820808752 6.385368946912332e-06 0.2874775986271305 4.0817867955638655e-05
59852.42513943079 0.2932263663556143 4.031018280340751e-05 0.005151207078980317 5.699295376058128e-06 3.7478403177585405e-07 4.1466104285276966e-10 0.0057693519284579544 6.383210821185103e-06 0.2874570144271563 4.081245175227562e-05
59852.42534205775 0.2931676548680055 4.030744858327382e-05 0.0051503598430679125 5.699214000817001e-06 3.7472238981771734e-07 4.1465512227134306e-10 0.005768403024236062 6.383119680915041e-06 0.28739925184376947 4.0809736928264405e-05
59852.425544684724 0.2932478946758473 4.031226782849752e-05 0.005091062051140104 5.698967980454161e-06 3.7040808732640514e-07 4.1463722267964146e-10 0.005701989497276917 6.38284413810866e-06 0.28754590517857037 4.0814453772749484e-05
59852.42574731169 0.2931335679495463 4.030716152155482e-05 0.005125860737724816 5.699195184622134e-06 3.729399195472337e-07 4.1465375327000674e-10 0.005740964026251794 6.38309860677679e-06 0.2873926039232945 4.0809450103481486e-05
59852.42594993866 0.2930822173501161 4.030648853703942e-05 0.004998522018634396 5.713907159606188e-06 3.636751942488426e-07 4.1572414574605544e-10 0.005598344660870524 6.399576018758931e-06 0.2874838726892456 4.081136595859497e-05
59852.426152565626 0.2934332609655813 4.0317418478120524e-05 0.00521858734770246 5.70057678735898e-06 3.7968638735710634e-07 4.147542739122734e-10 0.005844817829426756 6.3846460018420585e-06 0.28758844313615456 4.081982284759124e-05
59852.42635519259 0.2936288106212611 4.032584923441748e-05 0.005399051876146635 5.701031529964844e-06 3.928163630163696e-07 4.1478735941332835e-10 0.006046938101284231 6.385155313560625e-06 0.2875818725199769 4.082822950919205e-05
59852.42655781956 0.29345763435194283 4.0319328081149214e-05 0.005363150481786075 5.700242481301053e-06 3.902043015871698e-07 4.1472995095838785e-10 0.0060067285396004045 6.384271579057179e-06 0.28745090581234245 4.082165038935227e-05
59852.42676044653 0.29332487330785595 4.031391524371092e-05 0.005181193823853102 5.699471743972473e-06 3.7696576374099205e-07 4.146738747729392e-10 0.005802937082715474 6.38340835324917e-06 0.2875219362251405 4.0816169154900357e-05
59852.42696307349 0.2931630894255718 4.0309095502802826e-05 0.005048136353014335 5.700268400377132e-06 3.672849618213141e-07 4.1473183674082365e-10 0.005653912715376055 6.384300608422388e-06 0.2875091767101957 4.0811548298401784e-05
59852.427165700465 0.29352748680169766 4.032188775870243e-05 0.005408835682555419 5.7223607789861025e-06 3.9352819897166657e-07 4.163392018883781e-10 0.006057895964462069 6.4090440724644355e-06 0.2874695908372356 4.082805993857886e-05
59852.42736832743 0.2939056864477203 4.0351962463707305e-05 0.005428429385066717 5.700812012584152e-06 3.949537690782472e-07 4.14771388087051e-10 0.006079840911274723 6.3849094540942505e-06 0.2878258455364456 4.085398320126723e-05
59852.4275709544 0.29324701445185175 4.0311340898443786e-05 0.00508524639649534 5.699547710401294e-06 3.699849603851345e-07 4.1467940182786755e-10 0.00569547596407478 6.383493435649449e-06 0.287551538487777 4.0813639796929734e-05
59852.42777358137 0.29345231287552875 4.031743250031615e-05 0.005272781813822606 5.701873794699115e-06 3.836293894925338e-07 4.148486396857175e-10 0.0059055156314813196 6.386098650063009e-06 0.2875467972440474 4.082006393167317e-05
59852.42797620833 0.2934612175421434 4.031942806268547e-05 0.005283775170836505 5.701710254319544e-06 3.844292281713616e-07 4.148367410526643e-10 0.0059178281913368855 6.385915484837889e-06 0.2875433893508065 4.082200626967716e-05
59852.428178835304 0.2935897394143766 4.03226924336341e-05 0.005394445311543086 5.70038542047232e-06 3.9248120528959157e-07 4.1474035071869346e-10 0.0060417787489282565 6.384431670928998e-06 0.28754796066544835 4.0824998381606995e-05
59852.42838146227 0.29333390593734365 4.031574000691678e-05 0.005385343028790101 5.814448696222177e-06 3.9181895464110806e-07 4.2303920062079344e-10 0.006031584192244913 6.512182539768839e-06 0.28730232174509873 4.083830816447445e-05
59852.42858408923 0.2934706810649568 4.032154454785819e-05 0.005257012563422175 5.699991246759719e-06 3.8248207330963895e-07 4.147116720010719e-10 0.005887854071032836 6.383990196370887e-06 0.28758282699392396 4.082379557993441e-05
59852.428786716206 0.2933443563820656 4.031513264337448e-05 0.005254300426680854 5.6996910490397376e-06 3.8228474760965156e-07 4.14689830652025e-10 0.005884816477882557 6.3836539749245065e-06 0.287459539904183 4.0817409987950584e-05
59852.42898934317 0.29375107542034595 4.0328871539449785e-05 0.005748957864838793 5.798887684139053e-06 4.182743139730845e-07 4.2190703513848856e-10 0.0064388328086194485 6.49475420623574e-06 0.2873122426117265 4.084849705735646e-05
59852.429191970135 0.2933870453881542 4.0315005023894064e-05 0.005272119129196562 5.700837995242204e-06 3.835811748484442e-07 4.147732784954916e-10 0.0059047734247001495 6.38493855467127e-06 0.28748227196345405 4.081748486155818e-05
59852.42939459711 0.29334215901048244 4.03155033081238e-05 0.0054449228280890865 5.905847551929602e-06 3.961537750145282e-07 4.29689065616807e-10 0.006098313567459777 6.6145492581611545e-06 0.28724384544302267 4.085452323642978e-05
59852.42959722407 0.29321204563183223 4.0308172538068394e-05 0.005159608514232968 5.699440810389907e-06 3.7539529118135166e-07 4.146716241523344e-10 0.005778761535940925 6.383373707636695e-06 0.2874332840958913 4.08104917055656e-05
59852.429799851045 0.2935412267026738 4.0322723216050785e-05 0.005243105119361769 5.699758138976989e-06 3.814702157242732e-07 4.146947118840915e-10 0.005872277733685182 6.383729115654229e-06 0.2876689489689886 4.082491892190715e-05
59852.43000247801 0.2934753993117495 4.0321472881914645e-05 0.005197298397063438 5.699569960594814e-06 3.781374768531339e-07 4.1468102067508294e-10 0.005820974204711051 6.3835183558661926e-06 0.2876544251070384 4.0823651012209315e-05
59852.430205104974 0.2931368054018799 4.030718254662482e-05 0.005062826008166118 5.698884006980937e-06 3.683537303834726e-07 4.1463111305982337e-10 0.005670365129146053 6.38275008781865e-06 0.2874664402727339 4.0809416358611225e-05
59852.43040773195 0.2937100208600323 4.0326252338983754e-05 0.005581207656118898 5.978369754383243e-06 4.0606938829424176e-07 4.3496553053310787e-10 0.0062509525748531665 6.695774124909233e-06 0.28745906828517914 4.087835636176187e-05
59852.43061035891 0.29303999176992956 4.030516366410702e-05 0.004871188929707458 5.697900974193611e-06 3.544108785816965e-07 4.1455959099018937e-10 0.005455731601272353 6.381649091096845e-06 0.28758426016865724 4.080725012926441e-05
59852.43081298588 0.2933146642739952 4.03156219488602e-05 0.005162223848418279 5.700594110850342e-06 3.7558557386177653e-07 4.147555343096594e-10 0.005781690710228472 6.384665404152383e-06 0.2875329735637667 4.081805146557585e-05
59852.43101561285 0.29351926116343496 4.032126028400987e-05 0.005372392410008149 5.700256710154717e-06 3.9087671235756686e-07 4.1473098620062564e-10 0.006017079499209128 6.384287515373284e-06 0.2875021816642258 4.082356130924669e-05
59852.43121823981 0.29351647203255027 4.031966100540081e-05 0.005534681417387699 5.7831900984392165e-06 4.026842998930788e-07 4.207649330316371e-10 0.006198843187474223 6.477172910251923e-06 0.28731762884507606 4.0836611422836494e-05
59852.431420866786 0.29344490882241314 4.031747848968073e-05 0.005348059049887768 5.700181454951255e-06 3.891063011369068e-07 4.147255108919974e-10 0.0059898261358743 6.384203229545407e-06 0.28745508268653885 4.081981286877742e-05
59852.43162349375 0.2932066023400131 4.0315500022899594e-05 0.004945336660002542 5.6989670466287094e-06 3.5980561128821413e-07 4.146371547377276e-10 0.005538777059202847 6.382843092224155e-06 0.28766782528081025 4.081764603742321e-05
59852.431826120715 0.2930427557670745 4.0306021517685525e-05 0.004897959543413511 5.69821462844124e-06 3.5635861595354655e-07 4.145824113897011e-10 0.0054857146886231325 6.382000383854189e-06 0.28755704107845137 4.0808152365472804e-05
59852.43202874769 0.2933028620052437 4.031480890629653e-05 0.0050598794655059755 5.698847546713384e-06 3.6813935011860726e-07 4.146284603367113e-10 0.005667065001366693 6.38270925231899e-06 0.287635797003877 4.0816942493906186e-05
59852.43223137465 0.29352693957672193 4.031992427713665e-05 0.005405053494637318 5.701078073739536e-06 3.932530200446411e-07 4.147907457775855e-10 0.006053659913993797 6.3852074425882804e-06 0.2874732796627281 4.082238562111379e-05
59852.43243400162 0.293170722524016 4.030906075448542e-05 0.0051632920673899425 5.699980379677368e-06 3.756632937838999e-07 4.1471088134970125e-10 0.005782887115476735 6.383978025238652e-06 0.28738783540853924 4.0811463516217195e-05
59852.43263662859 0.2933376613403926 4.031550129978326e-05 0.005415367835468546 5.834376842140311e-06 3.94003455851738e-07 4.244891036742918e-10 0.006065211975724771 6.534502063197149e-06 0.2872724493646678 4.084163760510533e-05
59852.432839255554 0.2931146733255518 4.030925659228228e-05 0.00495455415924715 5.699201349008668e-06 3.604762446906028e-07 4.146542017694755e-10 0.005549100658356809 6.383105510889708e-06 0.287565572667195 4.0811520468926454e-05
59852.43304188253 0.2934509623065489 4.031903214516246e-05 0.0052659775940939015 5.70027341197744e-06 3.831343379708393e-07 4.1473220136754907e-10 0.00589789490538517 6.384306221414733e-06 0.2875530674011637 4.0821363512889163e-05
59852.43324450949 0.29343928969870503 4.031860375945656e-05 0.005273174930198625 5.700666219367907e-06 3.8365799128199834e-07 4.147607806762923e-10 0.0059059559218224604 6.384746165692056e-06 0.28753333377688256 4.082100920742142e-05
59852.43344713646 0.29358275606326345 4.032181175458583e-05 0.005458493192970275 5.701028125262978e-06 3.971411078832833e-07 4.147871116989824e-10 0.0061135123761267085 6.3851515002945355e-06 0.2874692436871367 4.0824241117918763e-05
59852.43364976343 0.2930019547628096 4.030172447700507e-05 0.00489008562713309 5.698033698208829e-06 3.5578573700610846e-07 4.1456924753103e-10 0.005476895902389061 6.381797741993888e-06 0.28752505886042057 4.080387650996101e-05
59852.43385239039 0.29323018619212865 4.0312152866927656e-05 0.005148600533422722 5.699952950912912e-06 3.7459438852562074e-07 4.147088857275545e-10 0.005766432597433449 6.383947305022462e-06 0.2874637535946952 4.081451276151471e-05
59852.43405501736 0.2933230340841188 4.0312877674982194e-05 0.005279824686367644 5.703884875995614e-06 3.8414180456869784e-07 4.1499495901339635e-10 0.005913403648731761 6.388351061115088e-06 0.28740963043538703 4.081591767580546e-05
59852.43425764433 0.29510209014857686 4.3410694723460765e-05 0.00506970064973573 5.698940395498023e-06 3.6885390555503316e-07 4.146352156935275e-10 0.005678064727704019 6.382813242957786e-06 0.28942402542087287 4.387742838029574e-05
59852.434460271295 0.2932622265836571 4.0311936289389106e-05 0.005089071310510414 5.698886310737714e-06 3.7026324791537475e-07 4.1463128067320793e-10 0.005699759867771664 6.38275266802624e-06 0.2875624667158854 4.081411200823757e-05
59852.43466289826 0.29336575899509687 4.031806344077891e-05 0.005151454854851125 5.699538446080557e-06 3.7480205909225094e-07 4.1467872778789517e-10 0.005769629437433261 6.383483059610224e-06 0.2875961295576636 4.082027799497455e-05
59852.43486552523 0.29331224025613056 4.031402104903387e-05 0.00517040510257453 5.699459397556368e-06 3.761808136513347e-07 4.1467297649035514e-10 0.005790853714883474 6.3833945252631326e-06 0.2875213865412471 4.081627149565606e-05
