WASP80b/WASP80b_WLP8/Results/7075100_radii/WASP80b_WLP8_nrca3_level3_asn_phot.ecsv
# %ECSV 0.9
# ---
# datatype:
# - {name: MJD, datatype: float64}
# - {name: aperture_sum, unit: Jy, datatype: float64}
# - {name: aperture_sum_err, unit: Jy, datatype: float64}
# - {name: annulus_sum, unit: Jy, datatype: float64}
# - {name: annulus_sum_err, unit: Jy, datatype: float64}
# - {name: annulus_mean, unit: Jy, datatype: float64}
# - {name: annulus_mean_err, unit: Jy, datatype: float64}
# - {name: aperture_bkg, unit: Jy, datatype: float64}
# - {name: aperture_bkg_err, unit: Jy, datatype: float64}
# - {name: net_aperture_sum, unit: Jy, datatype: float64}
# - {name: net_aperture_sum_err, unit: Jy, datatype: float64}
# meta: !!omap
# - {instrument: NIRCAM}
# - {detector: NRCA3}
# - {channel: SHORT}
# - {subarray: SUBGRISM256}
# - {filter: F210M}
# - {pupil: WLP8}
# - {target_name: UNKNOWN}
# - {xcenter: 1055.0}
# - {ycenter: 166.0}
# - ra_icrs: !numpy.ndarray
#     buffer: !!binary |
#       aE5BSnpLcnlja0E9
#     dtype: float64
#     order: C
#     shape: !!python/tuple []
# - dec_icrs: !numpy.ndarray
#     buffer: !!binary |
#       aHllR0pMQW5BY0E9
#     dtype: float64
#     order: C
#     shape: !!python/tuple []
# - {apertures: Photometry measured in a circular aperture of r=70.0 pixels.  Background calculated as the mean in a circular annulus
#     with r_inner=75.0 pixels and r_outer=100.0 pixels.}
# - {number_of_integrations: 1227}
# - __serialized_columns__:
#     annulus_mean:
#       __class__: astropy.units.quantity.Quantity
#       unit: &id001 !astropy.units.Unit {unit: Jy}
#       value: !astropy.table.SerializedColumn {name: annulus_mean}
#     annulus_mean_err:
#       __class__: astropy.units.quantity.Quantity
#       unit: *id001
#       value: !astropy.table.SerializedColumn {name: annulus_mean_err}
#     annulus_sum:
#       __class__: astropy.units.quantity.Quantity
#       unit: *id001
#       value: !astropy.table.SerializedColumn {name: annulus_sum}
#     annulus_sum_err:
#       __class__: astropy.units.quantity.Quantity
#       unit: *id001
#       value: !astropy.table.SerializedColumn {name: annulus_sum_err}
#     aperture_bkg:
#       __class__: astropy.units.quantity.Quantity
#       unit: *id001
#       value: !astropy.table.SerializedColumn {name: aperture_bkg}
#     aperture_bkg_err:
#       __class__: astropy.units.quantity.Quantity
#       unit: *id001
#       value: !astropy.table.SerializedColumn {name: aperture_bkg_err}
#     aperture_sum:
#       __class__: astropy.units.quantity.Quantity
#       unit: *id001
#       value: !astropy.table.SerializedColumn {name: aperture_sum}
#     aperture_sum_err:
#       __class__: astropy.units.quantity.Quantity
#       unit: *id001
#       value: !astropy.table.SerializedColumn {name: aperture_sum_err}
#     net_aperture_sum:
#       __class__: astropy.units.quantity.Quantity
#       unit: *id001
#       value: !astropy.table.SerializedColumn {name: net_aperture_sum}
#     net_aperture_sum_err:
#       __class__: astropy.units.quantity.Quantity
#       unit: *id001
#       value: !astropy.table.SerializedColumn {name: net_aperture_sum_err}
# schema: astropy-2.0
MJD aperture_sum aperture_sum_err annulus_sum annulus_sum_err annulus_mean annulus_mean_err aperture_bkg aperture_bkg_err net_aperture_sum net_aperture_sum_err
[from data line 827]
59852.365567102315 0.2850229424536022 3.949448185380883e-05 0.0053328664702937826 5.663012378273035e-06 3.8800094152972975e-07 4.120212172766829e-10 0.005972810446729037 6.342573863665799e-06 0.2790501320068732 4.000052924795985e-05
59852.36576972928 0.284498255068221 3.947998157308884e-05 0.004753448896595646 5.659438028925121e-06 3.458445205156173e-07 4.117611599660279e-10 0.0053238627641871246 6.338570592396136e-06 0.2791743923040339 3.99855776770353e-05
59852.36597235625 0.2848626329550182 3.94921064817146e-05 0.005116518630701534 5.657827428884352e-06 3.722602201133371e-07 4.116439782710188e-10 0.005730500866385718 6.336766720350475e-06 0.27913213208863247 3.999726349178436e-05
59852.36617498322 0.2844630985128346 3.9478293924111304e-05 0.004749880008616892 5.656677030030183e-06 3.4558486055531554e-07 4.1156027922454183e-10 0.005319865609650918 6.335478273633804e-06 0.27914323290318366 3.998342126574725e-05
59852.36637761018 0.2854665696354043 3.9624252097070614e-05 0.005245860957457641 5.664278411844392e-06 3.8167072098384753e-07 4.1211332950571226e-10 0.005875364272352558 6.343991821265719e-06 0.2795912053630517 4.0128887182184494e-05
59852.366580237154 0.2848679917479472 3.9494416812413575e-05 0.005076171814225586 5.658023414008535e-06 3.693247251281172e-07 4.116582374716068e-10 0.005685312431932657 6.3369862236895595e-06 0.27918267931601454 3.999957941968749e-05
59852.36678286412 0.28469028553028586 3.948668985584703e-05 0.00476380376445684 5.657838326529454e-06 3.465979049294104e-07 4.1164477114602957e-10 0.005335460216191661 6.336778925712989e-06 0.2793548253140942 3.999191721992349e-05
59852.36698549109 0.28501930648518364 3.949927121019809e-05 0.005081852135327927 5.661912052862679e-06 3.6973800566836256e-07 4.119411614009948e-10 0.0056916743915672785 6.341341499206201e-06 0.2793276320936164 4.00050626564481e-05
59852.367188118056 0.2847966540561925 3.949013005179432e-05 0.004940966388184932 5.656910781832757e-06 3.594876454082471e-07 4.1157728619818135e-10 0.005533882354767124 6.335740075652688e-06 0.2792627717014253 3.999514937856666e-05
59852.36739074502 0.28485443857683 3.9494672869674534e-05 0.00496494775119138 5.659061862111975e-06 3.612324465349019e-07 4.117337913682042e-10 0.005560741481334346 6.338149285565413e-06 0.2792936970954957 4.000001651810558e-05
59852.36759337199 0.28475295767300335 3.949171350429811e-05 0.004885302171419756 5.690565612101693e-06 3.554377092932681e-07 4.140258953850247e-10 0.005471538431990127 6.373433485553896e-06 0.27928141924101324 4.000270103255956e-05
59852.36779599896 0.28502155484171443 3.950006110294538e-05 0.005206899710846266 5.7035724559801065e-06 3.7883603527540285e-07 4.1497222841235e-10 0.0058317276761478175 6.3880011506977195e-06 0.2791898271655666 4.001326512342793e-05
59852.36799862592 0.2847575604237875 3.9494616275000925e-05 0.004743181595848855 5.65643183720464e-06 3.450975071825599e-07 4.115424398415952e-10 0.005312363387350717 6.335203657669197e-06 0.27944519703643683 3.9999493997970935e-05
59852.368201252895 0.2849379339171504 3.949874574322049e-05 0.004963390890399989 5.6574295144024435e-06 3.6111917472203065e-07 4.1161502738794515e-10 0.005558997797247988 6.336321056130737e-06 0.2793789361199024 4.000374832205033e-05
59852.36840387986 0.2852129813303266 3.9509440624533636e-05 0.005223364605391816 5.659218736081895e-06 3.8003396412313363e-07 4.1174520497632086e-10 0.005850168358038834 6.338324984411722e-06 0.27936281297228777 4.001462560204165e-05
59852.36860650683 0.2856000131622156 3.9522649720229026e-05 0.005131468952641126 5.658103049846257e-06 3.733479538904806e-07 4.116640315000505e-10 0.0057472452269580615 6.337075415827807e-06 0.27985276793525754 4.0027470139065856e-05
59852.3688091338 0.2853814586730802 3.95150531293565e-05 0.005213355030357556 5.658240886700134e-06 3.7930570202258433e-07 4.116740600333693e-10 0.005838957634000464 6.337229793104151e-06 0.27954250103907974 4.001999381892099e-05
59852.36901176076 0.28561636607246654 3.9526200773966375e-05 0.005254568682779454 5.65855318667941e-06 3.823042649966718e-07 4.116967819009941e-10 0.005885116924712989 6.337579569080939e-06 0.27973124914775355 4.003105622411595e-05
59852.369214387734 0.285880713285467 3.953904121499355e-05 0.005139533818284777 5.658174109430838e-06 3.739347256539361e-07 4.1166920154994316e-10 0.00575627787647895 6.337155002562538e-06 0.280124435408988 4.0043667585867584e-05
59852.3694170147 0.28592561139241174 3.953947473008395e-05 0.005460678177287816 5.659593389485477e-06 3.973000797940102e-07 4.1177246346369294e-10 0.006115959558562355 6.338744596223736e-06 0.27980965183384937 4.004434722887992e-05
59852.369619641664 0.28554570840400423 3.95300981777874e-05 0.004997089422651105 5.657240701376786e-06 3.6357096351412514e-07 4.116012900044692e-10 0.005596740153369238 6.336109585542e-06 0.279948968250635 4.0034671806142085e-05
59852.369822268636 0.2855851582949764 3.987547182086197e-05 0.004984809564897986 5.694983245889551e-06 3.626775234858398e-07 4.1434730715833095e-10 0.0055829867126857445 6.3783812353962975e-06 0.2800021715822906 4.0382384775052756e-05
59852.3700248956 0.28602763986004376 3.9893753141559215e-05 0.005263640913814238 5.697419314234477e-06 3.8296432918595525e-07 4.145245470754988e-10 0.005895277823471947 6.381109631942614e-06 0.2801323620365718 4.0400867563141965e-05
59852.370227522566 0.2859301298706471 3.990104205449744e-05 0.004761452473644422 5.69399481451561e-06 3.464268331326365e-07 4.1427539230618475e-10 0.005332826770481753 6.377274192257484e-06 0.28059730310016534 4.040745949893419e-05
59852.37043014954 0.28610934394630316 3.9900447653672974e-05 0.005098937111128429 5.718100692772557e-06 3.709810494860793e-07 4.160292527323171e-10 0.005710809564463841 6.404272775905264e-06 0.2803985343818393 4.041114243314211e-05
59852.3706327765 0.2863431001398542 3.991290410211202e-05 0.00505851787857166 5.69668115422607e-06 3.680402857569864e-07 4.144708411033247e-10 0.005665540024000259 6.380282892733198e-06 0.28067756011585393 4.041964774284524e-05
59852.370835403475 0.28679507202813725 3.992867996989749e-05 0.005365702365077473 5.707599701973338e-06 3.903899677997502e-07 4.1526523691834767e-10 0.006009586648886771 6.3925116662101395e-06 0.28078548537925047 4.043715728808252e-05
59852.37103803044 0.2865653194847274 3.992438884156522e-05 0.00509436553436639 5.696857700216712e-06 3.7064843735378093e-07 4.144836859797104e-10 0.005705689398490357 6.3804806242427175e-06 0.28085963008623704 4.043101974188673e-05
59852.371240657405 0.28646317729872506 3.992334041472035e-05 0.00493877213537258 5.695434257267404e-06 3.593279991538566e-07 4.1438012118812567e-10 0.005531424791617289 6.3788863681394925e-06 0.2809317525071078 4.042973288518339e-05
59852.37144328438 0.286548956530286 3.992867043145899e-05 0.0047823380780674775 5.694201033843815e-06 3.479463975593296e-07 4.1429039611210243e-10 0.005356218647435575 6.377505157905074e-06 0.28119273788285043 4.0434778278892206e-05
59852.37164591134 0.2869596603516612 3.9944942307453606e-05 0.005088563285244631 5.6961053123377215e-06 3.702262857520536e-07 4.1442894483682414e-10 0.0056991908794739865 6.3796379498182484e-06 0.2812604694721872 4.045118287907732e-05
59852.37184853831 0.2875435564087182 3.9968392617456945e-05 0.0054367600951481816 5.698283594652637e-06 3.955598827646155e-07 4.145874291329926e-10 0.006089171306565964 6.382077626010954e-06 0.28145438510215226 4.0474724498724095e-05
59852.37205116528 0.2870196322740709 3.995138785598938e-05 0.004788579303863069 5.694209356154686e-06 3.4840048758736207e-07 4.142910016146913e-10 0.005363208820326637 6.377514478893249e-06 0.28165642345374425 4.0457212985426824e-05
59852.372253792244 0.2876759029132895 3.9979128453261426e-05 0.005293307524714331 5.6970869589018076e-06 3.851227693091706e-07 4.1450036604964405e-10 0.0059285044276800505 6.380737393970025e-06 0.2817473984856094 4.048511481486973e-05
59852.372456419216 0.2874051162863948 3.997098476327895e-05 0.004875426980769453 5.696000717745085e-06 3.54719224536253e-07 4.14421334895595e-10 0.005460478218461787 6.379520803874496e-06 0.281944638067933 4.047688116237892e-05
59852.37265904618 0.28780426759106703 3.998521638098806e-05 0.005164809049019485 5.696573858023862e-06 3.7577366412672104e-07 4.1446303460231613e-10 0.005784586134901824 6.380162720986726e-06 0.2820196814561652 4.0491036111474165e-05
59852.372861673146 0.28773577110904935 3.999069238507376e-05 0.004813368464823928 5.695267345426057e-06 3.5020406130257183e-07 4.1436797725916065e-10 0.005390972680602799 6.378699426877184e-06 0.28234479842844656 4.049621320341002e-05
59852.37306430012 0.28809024056973326 4.0001703024282376e-05 0.005121240959525984 5.695677742802712e-06 3.726038004449104e-07 4.1439783635453287e-10 0.005735789874669103 6.379159071939039e-06 0.28235445069506415 4.0507158815547454e-05
59852.37326692708 0.2883221682783536 4.001330024262362e-05 0.0051941076901884115 5.698911568713751e-06 3.7790533204348004e-07 4.146331183562885e-10 0.005817400613011021 6.382780956959401e-06 0.2825047676653426 4.051918174211897e-05
59852.37346955405 0.28808196160545574 4.000820200061973e-05 0.004811149514331558 5.6943616587057086e-06 3.500426181303036e-07 4.143020826221613e-10 0.005388487456051345 6.377685057750394e-06 0.2826934741494044 4.05133446412197e-05
59852.37367218102 0.2887290548059427 4.0033278639786355e-05 0.005281386974395867 5.706366729324739e-06 3.8425547124857215e-07 4.151755300878463e-10 0.0059151534113233714 6.391130736843708e-06 0.2828139013946193 4.054022632825578e-05
59852.373874807985 0.28881772013777507 4.0037651345772893e-05 0.005459274187090817 5.788064583443272e-06 3.9719793031748213e-07 4.2111958372120183e-10 0.006114387089541715 6.482632333456466e-06 0.28270333304823336 4.055906861919348e-05
59852.37407743496 0.2891950877835875 4.0053343996774836e-05 0.005390694900103973 5.697901763692663e-06 3.9220833830940266e-07 4.1455964843141296e-10 0.00603757828811645 6.381649975335782e-06 0.283157509495471 4.055854807228289e-05
59852.37428006192 0.28882679282960316 4.0044415656778146e-05 0.004943430746784163 5.694919160838179e-06 3.5966694362658703e-07 4.143426445513805e-10 0.005536642436398263 6.378309460138761e-06 0.2832901503932049 4.054920537892345e-05
59852.37448268889 0.28952577166647986 4.0070203016037996e-05 0.005401716737577798 5.698693936449423e-06 3.9301024912810653e-07 4.146172841845655e-10 0.006049922746087134 6.382537208823355e-06 0.28347584892039274 4.057533673265713e-05
59852.37468531586 0.28929306612010947 4.006467747071575e-05 0.005229531180934891 5.724523575799539e-06 3.804826228566788e-07 4.164965595129549e-10 0.005857074922647079 6.411466404895483e-06 0.2834359911974624 4.0574441244379225e-05
59852.374887942824 0.2894082664529945 4.007275577965533e-05 0.005030358276405576 5.695607015643693e-06 3.659914903831654e-07 4.143926904907757e-10 0.005634001269574245 6.379079857520937e-06 0.28377426518342025 4.0577314051136125e-05
59852.37509056979 0.2895011975890638 4.0079789596014325e-05 0.005003573393149313 5.695867975855493e-06 3.6404271480813743e-07 4.144116770542766e-10 0.005604002200327231 6.379372132958152e-06 0.28389719538873653 4.0584306361838204e-05
59852.37529319676 0.2900382042387087 4.0097005511225874e-05 0.005471596153793344 5.6981263603109175e-06 3.9809443404745743e-07 4.145759893054687e-10 0.006128187692248545 6.381901523548227e-06 0.28391001654646014 4.0601705851152924e-05
59852.375495823726 0.28999558580630475 4.010049522157864e-05 0.005234613462745419 5.7024190988153745e-06 3.8085239212403037e-07 4.148883141294163e-10 0.00586276707827487 6.38670939067322e-06 0.28413281872802987 4.0605908115159366e-05
59852.37569845069 0.28994951128739593 4.009963493189652e-05 0.005029075540541777 5.6959517115485115e-06 3.6589816295303744e-07 4.144177693740285e-10 0.005632564605406791 6.379465916934333e-06 0.28431694668198915 4.060391984841737e-05
59852.37590107766 0.2903559186174638 4.011875193092701e-05 0.005198059777860352 5.696339348175148e-06 3.781928722896615e-07 4.144459724758582e-10 0.005821826951203595 6.379900069956165e-06 0.2845340916662602 4.0622867715092275e-05
59852.37610370463 0.2901515189841636 4.0115036348757376e-05 0.0048478092477827585 5.695899474413947e-06 3.527098536919904e-07 4.144139687805753e-10 0.00542954635751669 6.379407411343621e-06 0.2847219726266469 4.061912086914279e-05
59852.3763063316 0.29062817598516066 4.019662091226435e-05 0.005087161292470813 5.696585961703531e-06 3.70124281601136e-07 4.1446391522423564e-10 0.005697620647567311 6.380176277107955e-06 0.28493055533759337 4.0699815504388456e-05
59852.376508958565 0.29084085726493697 4.014362535546719e-05 0.005310191414299272 5.696925874638427e-06 3.8635118278851283e-07 4.1448864611511996e-10 0.005947414384015184 6.380556979595038e-06 0.2848934428809218 4.064753576848131e-05
59852.37671158553 0.2913176248224203 4.016255995913625e-05 0.005397959945257588 5.697862280386704e-06 3.9273691789705236e-07 4.1455677576246993e-10 0.006045715138688499 6.381605754033109e-06 0.2852719096837318 4.06664003136634e-05
59852.3769142125 0.2911587533506137 4.015856027188417e-05 0.005266626727002668 5.6970205509328484e-06 3.831815666387953e-07 4.1449553443523466e-10 0.005898621934242988 6.380663017044791e-06 0.2852601314163707 4.0662302242342805e-05
59852.37711683947 0.29141590606286416 4.017065107854491e-05 0.005367415313277548 5.6972512383051114e-06 3.905145959932598e-07 4.14512318451511e-10 0.006011505150870854 6.3809213869017255e-06 0.2854044009119933 4.067428383905513e-05
59852.37731946643 0.29163919582341 4.018035823284592e-05 0.005391487338758651 5.697396141115421e-06 3.9226599340836906e-07 4.1452286107940985e-10 0.006038465819409689 6.381083678049272e-06 0.2856007300040003 4.068389628128181e-05
59852.377522093404 0.2910726797367209 4.016353063671032e-05 0.004844017011848124 5.695413900953175e-06 3.5243394370599365e-07 4.1437864013302503e-10 0.005425299053269899 6.378863569067556e-06 0.285647380683451 4.0666928746079974e-05
59852.37772472037 0.2915308033800379 4.018183587678408e-05 0.005221576350553356 5.696547521289576e-06 3.7990385687876843e-07 4.1446111843251203e-10 0.005848165512619759 6.380133223844326e-06 0.28568263786741815 4.0685206579084914e-05
59852.37792734734 0.29132934186953097 4.017681924697253e-05 0.0048592966624383446 5.695283275244798e-06 3.535456382980625e-07 4.1436913625774137e-10 0.005442412261930946 6.378717268274174e-06 0.28588692960760004 4.068002997531444e-05
59852.378129974306 0.2916733415838765 4.019083103835912e-05 0.005048877780340161 5.695676275117273e-06 3.6733890551221634e-07 4.1439772957081057e-10 0.00565474311398098 6.379157428131347e-06 0.2860185984698955 4.069393749745549e-05
59852.37833260127 0.29189860993445754 4.0200534410097814e-05 0.0051596116859712994 5.696366456524646e-06 3.753955219460756e-07 4.144479447857196e-10 0.005778765088287855 6.379930431307604e-06 0.2861198448461697 4.0703642087235675e-05
59852.37853522824 0.291860522755773 4.020165685087137e-05 0.004995999923790479 5.715334815564766e-06 3.6349169534079417e-07 4.1582801706164045e-10 0.005595519914645337 6.401174993432538e-06 0.28626500284112766 4.0708085865731386e-05
59852.37873785521 0.29216106559907445 4.0226869447247756e-05 0.004874119588352367 5.695177172389978e-06 3.5462410318048614e-07 4.143614165805661e-10 0.005459013938954652 6.378598433076775e-06 0.2867020516601198 4.072944320140363e-05
59852.37894048217 0.2924273279516063 4.0227107947559176e-05 0.005335108645456605 5.697053316503093e-06 3.8816407444878845e-07 4.144979183449342e-10 0.005975321682911397 6.380699714483465e-06 0.28645200626869494 4.0730007889404934e-05
