WASP80b/WASP80b_WLP8/Results/7075100_radii/WASP80b_WLP8_nrca3_level3_asn_phot.ecsv
# %ECSV 0.9
# ---
# datatype:
# - {name: MJD, datatype: float64}
# - {name: aperture_sum, unit: Jy, datatype: float64}
# - {name: aperture_sum_err, unit: Jy, datatype: float64}
# - {name: annulus_sum, unit: Jy, datatype: float64}
# - {name: annulus_sum_err, unit: Jy, datatype: float64}
# - {name: annulus_mean, unit: Jy, datatype: float64}
# - {name: annulus_mean_err, unit: Jy, datatype: float64}
# - {name: aperture_bkg, unit: Jy, datatype: float64}
# - {name: aperture_bkg_err, unit: Jy, datatype: float64}
# - {name: net_aperture_sum, unit: Jy, datatype: float64}
# - {name: net_aperture_sum_err, unit: Jy, datatype: float64}
# meta: !!omap
# - {instrument: NIRCAM}
# - {detector: NRCA3}
# - {channel: SHORT}
# - {subarray: SUBGRISM256}
# - {filter: F210M}
# - {pupil: WLP8}
# - {target_name: UNKNOWN}
# - {xcenter: 1055.0}
# - {ycenter: 166.0}
# - ra_icrs: !numpy.ndarray
#     buffer: !!binary |
#       aE5BSnpLcnlja0E9
#     dtype: float64
#     order: C
#     shape: !!python/tuple []
# - dec_icrs: !numpy.ndarray
#     buffer: !!binary |
#       aHllR0pMQW5BY0E9
#     dtype: float64
#     order: C
#     shape: !!python/tuple []
# - {apertures: Photometry measured in a circular aperture of r=70.0 pixels.  Background calculated as the mean in a circular annulus
#     with r_inner=75.0 pixels and r_outer=100.0 pixels.}
# - {number_of_integrations: 1227}
# - __serialized_columns__:
#     annulus_mean:
#       __class__: astropy.units.quantity.Quantity
#       unit: &id001 !astropy.units.Unit {unit: Jy}
#       value: !astropy.table.SerializedColumn {name: annulus_mean}
#     annulus_mean_err:
#       __class__: astropy.units.quantity.Quantity
#       unit: *id001
#       value: !astropy.table.SerializedColumn {name: annulus_mean_err}
#     annulus_sum:
#       __class__: astropy.units.quantity.Quantity
#       unit: *id001
#       value: !astropy.table.SerializedColumn {name: annulus_sum}
#     annulus_sum_err:
#       __class__: astropy.units.quantity.Quantity
#       unit: *id001
#       value: !astropy.table.SerializedColumn {name: annulus_sum_err}
#     aperture_bkg:
#       __class__: astropy.units.quantity.Quantity
#       unit: *id001
#       value: !astropy.table.SerializedColumn {name: aperture_bkg}
#     aperture_bkg_err:
#       __class__: astropy.units.quantity.Quantity
#       unit: *id001
#       value: !astropy.table.SerializedColumn {name: aperture_bkg_err}
#     aperture_sum:
#       __class__: astropy.units.quantity.Quantity
#       unit: *id001
#       value: !astropy.table.SerializedColumn {name: aperture_sum}
#     aperture_sum_err:
#       __class__: astropy.units.quantity.Quantity
#       unit: *id001
#       value: !astropy.table.SerializedColumn {name: aperture_sum_err}
#     net_aperture_sum:
#       __class__: astropy.units.quantity.Quantity
#       unit: *id001
#       value: !astropy.table.SerializedColumn {name: net_aperture_sum}
#     net_aperture_sum_err:
#       __class__: astropy.units.quantity.Quantity
#       unit: *id001
#       value: !astropy.table.SerializedColumn {name: net_aperture_sum_err}
# schema: astropy-2.0
MJD aperture_sum aperture_sum_err annulus_sum annulus_sum_err annulus_mean annulus_mean_err aperture_bkg aperture_bkg_err net_aperture_sum net_aperture_sum_err
[from data line 345]
59852.267900903935 0.293316839842042 4.031362112008705e-05 0.005172379020781945 5.704872333874831e-06 3.763244291210349e-07 4.150668030374295e-10 0.005793064503275779 6.389457013939812e-06 0.2875237753387662 4.081682506941118e-05
59852.2681035309 0.2932710354244802 4.03145076609395e-05 0.00508154140152337 5.702155771240594e-06 3.697153977501998e-07 4.1486915532476315e-10 0.0056913263697061746 6.386414463789466e-06 0.28757970905477404 4.081722452160667e-05
59852.26830615787 0.2933661498411558 4.031651205821658e-05 0.005272889326062019 5.704012811238971e-06 3.836372117116631e-07 4.1500426713973963e-10 0.005905636045189461 6.388494348587648e-06 0.2874605137959663 4.081952969575053e-05
59852.26850878484 0.2932450497649276 4.0312710685344005e-05 0.005091666752456555 5.703079032452265e-06 3.704520833051971e-07 4.1493632862103854e-10 0.0057026667627513425 6.387448516346537e-06 0.28754238300217627 4.0815611490570935e-05
59852.26871141181 0.29317360326417696 4.0310654248105824e-05 0.00508127900636037 5.702005486478851e-06 3.696963067846067e-07 4.148582211246704e-10 0.005691032487123614 6.386246144856313e-06 0.28748257077705336 4.081339223506206e-05
59852.268914038774 0.2934706306106107 4.037863469295628e-05 0.005023292854717813 5.701821489883552e-06 3.6547743470927455e-07 4.1484483416802863e-10 0.005626087997283951 6.386040068669578e-06 0.28784454261332676 4.0880504490843376e-05
59852.26911666574 0.2936463977657305 4.032596961947518e-05 0.005461880151938122 5.7049138082856774e-06 3.97387531317241e-07 4.150698205722857e-10 0.006117305770170698 6.389503465279959e-06 0.28752909199555976 4.082902864731979e-05
59852.26931929271 0.2929844119987202 4.030212224713276e-05 0.0050799354223079116 5.702204720991668e-06 3.695985522504773e-07 4.148727167395501e-10 0.005689527672984861 6.386469287510668e-06 0.28729488432573536 4.0805000276720385e-05
59852.269521919676 0.2935400599043338 4.032084155332612e-05 0.005409059685059145 5.705638975260916e-06 3.935444966200016e-07 4.1512258121625197e-10 0.006058146847266242 6.3903156522922264e-06 0.28748191305706755 4.082409089868825e-05
59852.26972454664 0.2933558510971003 4.0316765176140384e-05 0.005092729036757979 5.703089310434415e-06 3.705293714412156e-07 4.1493707641151363e-10 0.005703856521168936 6.387460027686546e-06 0.2876519945759313 4.081961783105446e-05
59852.26992717361 0.29329968184105837 4.031411463007369e-05 0.005240426007774572 5.704083261364039e-06 3.812752928204116e-07 4.150093928474635e-10 0.005869277128707521 6.388573252727723e-06 0.2874304047123509 4.0817174162504065e-05
59852.27012980058 0.2934819577667761 4.031910370771601e-05 0.005393507725170024 5.7042520166100875e-06 3.924129897440609e-07 4.150216708961864e-10 0.006040728652190428 6.388762258603298e-06 0.2874412291145857 4.082213133816647e-05
59852.27033242755 0.2933043024954092 4.032029109410007e-05 0.0050802774097780225 5.7024005866916634e-06 3.696234340773772e-07 4.1488696725124677e-10 0.005689910698951385 6.386688657094663e-06 0.2876143917964578 4.0822979630541756e-05
59852.270535054515 0.2932679580640922 4.03124518194456e-05 0.005098736503110376 5.702369925744563e-06 3.709664539397035e-07 4.1488473646665664e-10 0.005710584883483621 6.386654316833911e-06 0.2875573731806086 4.081523153257686e-05
59852.27073768148 0.29361922003640273 4.03266966038555e-05 0.005439739072653686 5.709939265105865e-06 3.957766228767803e-07 4.15435455449647e-10 0.006092507761372128 6.39513197691857e-06 0.2875267122750306 4.083062786661034e-05
59852.27094030845 0.29377266222869647 4.037375550835767e-05 0.005271055707908175 5.7053260939849095e-06 3.8350380398918206e-07 4.150998170554852e-10 0.005903582392857157 6.389965225263099e-06 0.2878690798358393 4.08762986268169e-05
59852.27114293542 0.2931019691409378 4.030781508439207e-05 0.004954394561115977 5.702037746929306e-06 3.6046463288192415e-07 4.1486056828359905e-10 0.005548921908449894 6.386282276560824e-06 0.28755304723248787 4.081059370057558e-05
59852.27134556238 0.29319868602629245 4.031115349154699e-05 0.0053131530950982905 6.156975014940176e-06 3.8656666445206675e-07 4.4796023228389723e-10 0.005950731466510086 6.895812016732997e-06 0.28724795455978236 4.08967152616097e-05
59852.271548189354 0.2932439587332064 4.0313058493331643e-05 0.005081298887175926 5.702073299521396e-06 3.696977532440666e-07 4.1486315496737997e-10 0.005691054753637037 6.3863220954639635e-06 0.2875529039795694 4.0815778750304275e-05
59852.27175081632 0.2932198629127951 4.031306831801173e-05 0.005014966586323332 5.701798736072739e-06 3.64871644184707e-07 4.148431786793589e-10 0.005616762576682133 6.386014584401468e-06 0.28760310033611297 4.0815740339786425e-05
59852.27195344328 0.293150788118264 4.031013222231676e-05 0.004954383698874892 5.7016211894626226e-06 3.6046384258278736e-07 4.1483026100135696e-10 0.005548909742739879 6.385815732198138e-06 0.28760187837552414 4.081280929250337e-05
59852.272156070256 0.2933352789530008 4.03128577720522e-05 0.005180049616629318 5.702606124418032e-06 3.768825151761524e-07 4.1490192146616947e-10 0.005801655570624836 6.3869188593481955e-06 0.287533623382376 4.081567387984189e-05
59852.27235869722 0.2934635759693329 4.031875108593792e-05 0.0054423191971660935 5.734241332287251e-06 3.959643438230396e-07 4.172035899041699e-10 0.0060953975008260245 6.4223502921617225e-06 0.2873681784685069 4.082705319276729e-05
59852.27256132419 0.2930674175465423 4.03071181883517e-05 0.0050663362982667146 5.701898742764784e-06 3.686091269645909e-07 4.148504548207903e-10 0.00567429665405872 6.386126591896558e-06 0.2873931208924836 4.080988102773005e-05
59852.27276395116 0.2931455044654695 4.030726434419648e-05 0.005142360049403751 5.702406317109376e-06 3.7414035246669265e-07 4.148873841766433e-10 0.005759443255332202 6.386695075162502e-06 0.2873860612101373 4.0810114345539856e-05
59852.27296657812 0.29335598053151773 4.0319150830637766e-05 0.005039602814740693 5.704050436441234e-06 3.6666409105637056e-07 4.150070046194768e-10 0.005644355152509576 6.388536488814183e-06 0.2877116253790082 4.082214254755167e-05
59852.273169205095 0.29377053190722047 4.033059903997298e-05 0.005277927518456131 5.703216240756099e-06 3.84003773185387e-07 4.149463114232276e-10 0.005911278820670868 6.3876021896468315e-06 0.2878592530865496 4.083330357265073e-05
59852.27337183206 0.2939278426756769 4.036009241681699e-05 0.005280495890629329 5.703179969115134e-06 3.841906390720448e-07 4.149436724239345e-10 0.005914155397504848 6.387561565408951e-06 0.28801368727817206 4.086242776250449e-05
59852.273574459025 0.2935695427792323 4.0321662085455426e-05 0.005394243397291503 5.703608900099727e-06 3.924665147061766e-07 4.149748799605942e-10 0.006041552604966483 6.388041968111694e-06 0.28752799017426584 4.082454547842523e-05
59852.273777086 0.29325134324861024 4.031127831983352e-05 0.005093796544868818 5.702113436174253e-06 3.706070396435611e-07 4.1486607517158634e-10 0.005705052130253076 6.386367048515164e-06 0.28754629111835717 4.081402753781401e-05
59852.27397971296 0.2935163662048924 4.03367033755397e-05 0.005180085827192066 5.702633981785737e-06 3.7688514973160545e-07 4.14903948272008e-10 0.005801696126455114 6.386950059600026e-06 0.2877146700784373 4.083923077471098e-05
59852.274182339934 0.2934877210225355 4.032228538652348e-05 0.005344275498688928 5.703256514049914e-06 3.888310230222843e-07 4.149492415689579e-10 0.0059855885585315995 6.387647295735904e-06 0.2875021324640039 4.082509934791301e-05
59852.2743849669 0.29370707725061806 4.032818597913373e-05 0.005278489182584306 5.703218436774362e-06 3.840446379270356e-07 4.1494647119793004e-10 0.005911907884494423 6.387604649187286e-06 0.28779516936612365 4.0830920605858466e-05
59852.27458759386 0.2936461790439422 4.032560299761453e-05 0.005445002467805313 5.703858620735613e-06 3.961595693251585e-07 4.1499304877137977e-10 0.006098402763941951 6.3883216552238875e-06 0.2875477762800002 4.082848161139256e-05
59852.274790220836 0.2932835393934893 4.0313473581070544e-05 0.005077536250716996 5.7021245177247535e-06 3.6942399681366824e-07 4.1486688142691855e-10 0.005686840600803036 6.386379459851724e-06 0.28759669879268623 4.081619770111969e-05
59852.2749928478 0.29375548423922493 4.033059038452531e-05 0.005438383314985082 5.7039485472158525e-06 3.9567798263239495e-07 4.1499959151142317e-10 0.006090989312783292 6.388422372881755e-06 0.28766449492644164 4.083342333406179e-05
59852.275195474765 0.2938145102810885 4.03335683862278e-05 0.005453243116064528 5.705188019140208e-06 3.967591304244663e-07 4.1508977120677625e-10 0.0061076322899922715 6.389810581437034e-06 0.28770687799109623 4.083658186030216e-05
59852.27539810174 0.29342332338607896 4.03190894788122e-05 0.00535351824087946 5.720608843963287e-06 3.895034930142145e-07 4.1621173714832927e-10 0.005995940429784996 6.407081905238883e-06 0.28742738295629394 4.082498836424702e-05
59852.2756007287 0.29355869952265057 4.045358618526145e-05 0.005163170602416122 5.7027009824626045e-06 3.7565445641201596e-07 4.1490882300979725e-10 0.0057827510747060565 6.387025100358117e-06 0.2877759484479445 4.0954691121787025e-05
59852.275803355675 0.29325029361773647 4.031213437841324e-05 0.005089327699207362 5.702059064316545e-06 3.7028190187124773e-07 4.148621192630518e-10 0.005700047023112246 6.3863061520345314e-06 0.28755024659462425 4.081486352311815e-05
59852.27600598264 0.29324537301993336 4.031344858264531e-05 0.005309557854194418 5.745989145014147e-06 3.863050871439719e-07 4.180583201743428e-10 0.005946704796697748 6.435507842415844e-06 0.28729866822323563 4.082388881299016e-05
59852.276208609605 0.29305904682136996 4.0305999925736295e-05 0.004872560940254494 5.7010121988750584e-06 3.545107013293696e-07 4.147859529500165e-10 0.005457268253085033 6.385133662740066e-06 0.28760177856828495 4.0808621171322495e-05
59852.27641123658 0.29372804222480087 4.032877746414407e-05 0.005278830721487845 5.703280834000629e-06 3.8406948711778143e-07 4.149510110045566e-10 0.005912290408066387 6.387674534080705e-06 0.28781575181673447 4.083151574097878e-05
59852.27661386354 0.2933070871834881 4.031518628645718e-05 0.005312685152745816 5.783724838280576e-06 3.865326185830481e-07 4.2080383885518935e-10 0.0059502073710753145 6.477771818874246e-06 0.28735687981241276 4.08322883641016e-05
59852.27681649051 0.29361773802149926 4.032454840278347e-05 0.0055204041074491846 5.704402246981487e-06 4.016455321441556e-07 4.150326011390256e-10 0.006182852600343087 6.388930516619266e-06 0.2874348854211562 4.0827535279938417e-05
59852.27701911748 0.2931161952520557 4.0308547321381516e-05 0.004996041364669221 5.710647106885305e-06 3.6349471043597026e-07 4.154869555722183e-10 0.005595566328429527 6.395924759711541e-06 0.2875206289236262 4.081282691375279e-05
59852.27722174444 0.29303926865535684 4.03062379771167e-05 0.004879824321321053 5.7019069808648044e-06 3.5503915984379384e-07 4.148510541964886e-10 0.0054654032398795795 6.386135818568582e-06 0.28757386541547725 4.080901310447447e-05
59852.27742437141 0.2932396057396264 4.031592530962478e-05 0.005383319252894034 6.128869279007828e-06 3.9167171169821924e-07 4.459153560311573e-10 0.006029317563241318 6.864333592488768e-06 0.28721028817638505 4.089612340112708e-05
59852.27762699838 0.2932202270991445 4.0314060919415915e-05 0.005098112305788898 5.709794872284793e-06 3.709210394989364e-07 4.1542494992680323e-10 0.005709885782483565 6.394970256958968e-06 0.287510341316661 4.0818122842700247e-05
59852.277829625345 0.29326114881946985 4.031259999737007e-05 0.0052690496316904235 5.703545521032624e-06 3.833578488137424e-07 4.1497026871862033e-10 0.005901335587493275 6.3879709835565396e-06 0.28735981323197657 4.0815583933526195e-05
59852.27803225232 0.2930534585090493 4.030732235675926e-05 0.0049367857711789705 5.7013679180105075e-06 3.591834781571967e-07 4.148118338454492e-10 0.005529200063720447 6.385532068171768e-06 0.28752425844532886 4.0809989651620285e-05
59852.27823487928 0.29345400223797835 4.0318360056072084e-05 0.005370074703857491 5.703928415314821e-06 3.907080840647615e-07 4.149981267838515e-10 0.0060144836683203905 6.388399825152599e-06 0.28743951856965794 4.0821340129117255e-05
59852.27843750625 0.2933208428093671 4.0316669570768864e-05 0.005236978879344198 5.733361744152281e-06 3.810244916642211e-07 4.171395941100828e-10 0.005865416344865502 6.421365153450555e-06 0.2874554264645016 4.082484262936612e-05
59852.27864013322 0.29338357280372007 4.0316795471459405e-05 0.0052822805556865604 5.7040823070089815e-06 3.843204851363291e-07 4.150093234118864e-10 0.005916154222368949 6.388572183850059e-06 0.2874674185813511 4.081982179818712e-05
59852.278842760184 0.29339138667684395 4.0316804991083495e-05 0.005281649153989478 5.703482516793998e-06 3.8427454653008117e-07 4.1496568474787145e-10 0.005915447052468215 6.387900418809278e-06 0.28747593962437573 4.081972607024303e-05
59852.27904538715 0.2931223022866808 4.030913110628799e-05 0.0050871056154049715 5.708746838910618e-06 3.701202307301666e-07 4.1534869863902027e-10 0.005697558289253568 6.393796459579892e-06 0.28742474399742723 4.081307001084886e-05
59852.27924801412 0.2932888475632083 4.03151509702201e-05 0.005097425140096633 5.70203943710337e-06 3.7087104369704063e-07 4.1486069125482505e-10 0.00570911615690823 6.3862841695557745e-06 0.28757973140630005 4.08178395220271e-05
59852.27945064109 0.2932503614801215 4.031209092081826e-05 0.0052366570618240845 5.719995184619811e-06 3.8100107733320415e-07 4.161670894144372e-10 0.005865055909242975 6.4063946067741884e-06 0.28738530557087855 4.081796866903133e-05
59852.27965326806 0.29347199752364206 4.032347194252173e-05 0.005308880775076344 5.71562608683e-06 3.8625582520636927e-07 4.1584920895267707e-10 0.005945946468085506 6.4015012172495995e-06 0.28752605105555656 4.0828441157283795e-05
59852.27985589502 0.2933795554551827 4.033241871204611e-05 0.005109859801324642 5.702787231767568e-06 3.717757466913769e-07 4.149150982112707e-10 0.005723042977483599 6.387121699579677e-06 0.2876565124776991 4.083502568591146e-05
59852.28005852199 0.2933135106916709 4.031456193277334e-05 0.005220684712993609 5.702887881713427e-06 3.798389844101604e-07 4.1492242115362747e-10 0.0058471668785528425 6.387234427519038e-06 0.28746634381311803 4.081740642744834e-05
59852.28026114896 0.29361552838822547 4.0327106989360055e-05 0.005405119894201912 5.705389571861406e-06 3.9325785104757795e-07 4.1510443548648927e-10 0.006053734281506142 6.390036320484775e-06 0.28756179410671934 4.083023539374231e-05
59852.280463775925 0.29356830838248826 4.0345198268030345e-05 0.005363446650181555 5.703741106446839e-06 3.902258497764856e-07 4.149844988376918e-10 0.006007060248203342 6.38819003922046e-06 0.2875612481342849 4.084781506107608e-05
59852.28066640289 0.2937807627431458 4.033946158498788e-05 0.005289845984477839 5.703941821575454e-06 3.848709195997539e-07 4.149991021770621e-10 0.00592462750261518 6.388414840164509e-06 0.2878561352405306 4.084218413768719e-05
59852.28086902986 0.29329990005306805 4.031607351929457e-05 0.005307313362941608 5.947159328386351e-06 3.861417857142068e-07 4.326947677566922e-10 0.005944190966494602 6.660818447792713e-06 0.28735570908657343 4.086260254080277e-05
59852.28107165683 0.29307285514267534 4.0307823651478644e-05 0.004909926109911005 5.704997249609705e-06 3.5722926199236437e-07 4.150758914747667e-10 0.005499117243100326 6.3895969195628705e-06 0.287573737899575 4.08111209881962e-05
59852.2812742838 0.2932436442214567 4.031190421504863e-05 0.00515284894914902 5.702419986064284e-06 3.749034885773463e-07 4.148883786825818e-10 0.005771190823046902 6.386710384391998e-06 0.2874724533984098 4.081469944734808e-05
