HD189733b/Results/25512_radii/HD189733b_nrca1_level3_asn_phot.ecsv
# %ECSV 0.9
# ---
# datatype:
# - {name: MJD, datatype: float64}
# - {name: aperture_sum, unit: Jy, datatype: float64}
# - {name: aperture_sum_err, unit: Jy, datatype: float64}
# - {name: annulus_sum, unit: Jy, datatype: float64}
# - {name: annulus_sum_err, unit: Jy, datatype: float64}
# - {name: annulus_mean, unit: Jy, datatype: float64}
# - {name: annulus_mean_err, unit: Jy, datatype: float64}
# - {name: aperture_bkg, unit: Jy, datatype: float64}
# - {name: aperture_bkg_err, unit: Jy, datatype: float64}
# - {name: net_aperture_sum, unit: Jy, datatype: float64}
# - {name: net_aperture_sum_err, unit: Jy, datatype: float64}
# meta: !!omap
# - {instrument: NIRCAM}
# - {detector: NRCA1}
# - {channel: SHORT}
# - {subarray: SUBGRISM64}
# - {filter: WLP4}
# - {pupil: CLEAR}
# - {target_name: UNKNOWN}
# - {xcenter: 1981.2}
# - {ycenter: 29.2}
# - ra_icrs: !numpy.ndarray
#     buffer: !!binary |
#       TW93WjUrbkNja0E9
#     dtype: float64
#     order: C
#     shape: !!python/tuple []
# - dec_icrs: !numpy.ndarray
#     buffer: !!binary |
#       U1ZQa09iSzFOa0E9
#     dtype: float64
#     order: C
#     shape: !!python/tuple []
# - {apertures: Photometry measured in a circular aperture of r=25.0 pixels.  Background calculated as the mean in a circular annulus
#     with r_inner=5.0 pixels and r_outer=12.0 pixels.}
# - {number_of_integrations: 7350}
# - __serialized_columns__:
#     annulus_mean:
#       __class__: astropy.units.quantity.Quantity
#       unit: &id001 !astropy.units.Unit {unit: Jy}
#       value: !astropy.table.SerializedColumn {name: annulus_mean}
#     annulus_mean_err:
#       __class__: astropy.units.quantity.Quantity
#       unit: *id001
#       value: !astropy.table.SerializedColumn {name: annulus_mean_err}
#     annulus_sum:
#       __class__: astropy.units.quantity.Quantity
#       unit: *id001
#       value: !astropy.table.SerializedColumn {name: annulus_sum}
#     annulus_sum_err:
#       __class__: astropy.units.quantity.Quantity
#       unit: *id001
#       value: !astropy.table.SerializedColumn {name: annulus_sum_err}
#     aperture_bkg:
#       __class__: astropy.units.quantity.Quantity
#       unit: *id001
#       value: !astropy.table.SerializedColumn {name: aperture_bkg}
#     aperture_bkg_err:
#       __class__: astropy.units.quantity.Quantity
#       unit: *id001
#       value: !astropy.table.SerializedColumn {name: aperture_bkg_err}
#     aperture_sum:
#       __class__: astropy.units.quantity.Quantity
#       unit: *id001
#       value: !astropy.table.SerializedColumn {name: aperture_sum}
#     aperture_sum_err:
#       __class__: astropy.units.quantity.Quantity
#       unit: *id001
#       value: !astropy.table.SerializedColumn {name: aperture_sum_err}
#     net_aperture_sum:
#       __class__: astropy.units.quantity.Quantity
#       unit: *id001
#       value: !astropy.table.SerializedColumn {name: net_aperture_sum}
#     net_aperture_sum_err:
#       __class__: astropy.units.quantity.Quantity
#       unit: *id001
#       value: !astropy.table.SerializedColumn {name: net_aperture_sum_err}
# schema: astropy-2.0
MJD aperture_sum aperture_sum_err annulus_sum annulus_sum_err annulus_mean annulus_mean_err aperture_bkg aperture_bkg_err net_aperture_sum net_aperture_sum_err
[from data line 1207]
59866.30890951024 2.840531026449316 0.0006506399586445696 0.3255217775283745 0.00020028032884444877 0.0008707294113899338 5.357244426834341e-07 1.709673201304488 0.0010518924834267268 1.130857825144828 0.0012368549439908685
59866.308941048206 2.8411464859484963 0.0006506304502304943 0.32544935140396514 0.00020022335703485732 0.0008705356807057533 5.355720503285876e-07 1.7092928119956154 0.0010515932617376962 1.1318536739528808 0.0012365954758526583
59866.30897258617 2.8463288352254184 0.0006510285551631217 0.32618771743095765 0.00020034491951094872 0.0008725107160504085 5.358972145128638e-07 1.7131707848264583 0.001052231720120529 1.13315805039896 0.0012373478785150072
59866.30900412413 2.8473345470247637 0.0006511409573805264 0.326674718290067 0.0002004574581774491 0.0008738133814960766 5.361982411525698e-07 1.715728562447831 0.001052822784545426 1.1316059845769328 0.001237909674425567
59866.309035662096 2.8476823477945494 0.0006512007785653212 0.3269269589168445 0.0002004968803680528 0.0008744880931364166 5.363036905055461e-07 1.717053355655696 0.0010530298338658236 1.1306289921388535 0.0012381172339546707
59866.309067200054 2.8436896357913413 0.0006508662316403205 0.32580884559912343 0.0002003429247227797 0.0008714972820195732 5.358918787078634e-07 1.711180911760102 0.0010522212432919102 1.1325087240312393 0.0012372535699380482
59866.30909873802 2.8423986021556034 0.0006507656292263473 0.3257730376943272 0.0002003148433983024 0.0008714015004220928 5.358167647314075e-07 1.7109928450332312 0.0010520737573440253 1.1314057571223721 0.0012370752180341901
59866.309130275986 2.8401176219394095 0.0006505758717220247 0.3252664317051407 0.00020022164195765055 0.0008700463937434544 5.355674627148861e-07 1.7083320992917055 0.0010515842539792573 1.131785522647704 0.0012365591001177354
59866.309161813944 2.841897959603849 0.000650730628778962 0.3254696709122382 0.0002002556509484504 0.000870590032809667 5.356584324459006e-07 1.7093995321020916 0.001051762872628416 1.1324984275017576 0.001236792420526032
59866.30919335191 2.8409173807913435 0.0006506538002502525 0.3252615127293981 0.00020022193104297128 0.0008700332361080865 5.355682359814032e-07 1.7083062643350742 0.001051585772284513 1.1326111164562693 0.0012366013926287287
59866.309224889876 2.8408369562216613 0.000650622722233838 0.32541311071402107 0.00020025812323496155 0.0008704387414629691 5.356650454983206e-07 1.7091024722375057 0.001051775857326479 1.1317344839841557 0.0012367466922299892
59866.309256427834 2.8429122461829497 0.0006508068377850179 0.3253292256999788 0.0002002341997009547 0.0008702143597043782 5.356010530833051e-07 1.7086618996847627 0.0010516502085134176 1.134250346498187 0.0012367367145734978
59866.3092879658 2.847591037720533 0.0006511904974224583 0.3266643075077875 0.00020044180796984336 0.0008737855339757197 5.361563788349082e-07 1.7156738839694723 0.0010527405880769085 1.1319171537510606 0.0012378658286413045
59866.30931950376 2.8465814808155883 0.0006510706090095772 0.3264069145795808 0.00020041492533548155 0.0008730970405834342 5.360844712022693e-07 1.7143220303549414 0.0010525993977703865 1.132259450460647 0.0012376826855469386
59866.309351041724 2.8424053080998006 0.0006507663671507289 0.3258055524740866 0.00020032550763651028 0.0008714884733283492 5.358452902141822e-07 1.711163615935329 0.0010521297669984786 1.1312416921644717 0.00123712324010942
59866.30938257969 2.842446422648202 0.0006508099122994969 0.3255005643531257 0.00020026553738044684 0.000870672668840362 5.356848773958463e-07 1.7095617875689375 0.0010518147971662125 1.1328846350792645 0.0012368782921068182
59866.30941411765 2.846256847342903 0.0006510992320654937 0.32645074857383327 0.00020042173384558754 0.0008732142909508415 5.361026831020753e-07 1.71455225091299 0.0010526351567520355 1.1317045964299128 0.001237728154009053
59866.309445655614 2.84396264326091 0.0006509232456403904 0.3257725639125402 0.00020032713820546002 0.0008714002331159862 5.358496517790294e-07 1.7109903566835096 0.0010521383309110297 1.1329722865774006 0.0012372130532318463
59866.30947719358 2.8420166284262396 0.0006507095511590941 0.32553269031162385 0.00020025334744263785 0.0008707586016991275 5.35652270860413e-07 1.7097305163425622 0.0010517507743836021 1.1322861120836774 0.0012367710424270842
59866.30950873154 2.840342888226899 0.0006506190372814776 0.32498989306594805 0.0002001726895805451 0.0008693066880059179 5.354365213234166e-07 1.7068796904724162 0.0010513271511583251 1.1334631977544827 0.0012363631790197234
59866.3095402695 2.8473557130147773 0.0006511425896068038 0.3267336312168336 0.00020045621980979017 0.0008739709660928314 5.361949286763634e-07 1.7160379790800084 0.001052816280513604 1.1313177339347689 0.0012379050014093788
59866.30957180746 2.8437321386032544 0.0006508987514451804 0.3256110469644091 0.0002003042509142658 0.0008709681957934957 5.357884311819277e-07 1.7101420533845018 0.0010520181245497154 1.1335900852187526 0.0012370979423691542
59866.30960334543 2.8407437222989262 0.0006506330506385775 0.32522464933128636 0.00020023192190040474 0.000869934631200042 5.355949602561303e-07 1.7081126540508738 0.0010516382452752352 1.1326310682480525 0.0012366350979609293
59866.30963488339 2.846142026440465 0.0006510710040936859 0.32618070875522287 0.00020038669182341658 0.0008724919687329678 5.360089501433452e-07 1.713133974554742 0.0010524511125179444 1.1330080518857228 0.0012375567852069736
59866.30966642135 2.840292805323948 0.000650587527009603 0.32507857651995653 0.00020019388387501947 0.0008695439049819837 5.354932133693148e-07 1.7073454649157382 0.0010514384657301444 1.1329473404082095 0.0012364412551825626
59866.30969795932 2.843265010228656 0.0006508257974621566 0.3256939621063668 0.0002002930734337134 0.0008711899832674409 5.357585328410667e-07 1.7105775320712544 0.0010519594192947132 1.1326874781574015 0.001237009635566806
59866.30972949728 2.8474061942121427 0.0006511415381933703 0.3265892252761029 0.00020044610181205186 0.0008735846985419218 5.361678643174685e-07 1.7152795445173474 0.0010527631397691801 1.1321266496947953 0.0012378592533957527
59866.30976103524 2.843557533431889 0.0006508320026218708 0.32565840975107563 0.00020027448382154605 0.0008710948852324299 5.357088079895274e-07 1.7103908075161536 0.0010518617847770277 1.1331667259157354 0.001236929872673107
59866.30979257321 2.847472707058375 0.0006511752203783278 0.3263956982225261 0.00020040208203793645 0.0008730670382528671 5.36050117012523e-07 1.7142631209166288 0.001052531943476557 1.1332095861417464 0.0012376803544022594
59866.309824111166 2.843935476719965 0.0006508584587278851 0.3259986570764676 0.00020032817770264285 0.0008720050036141094 5.358524323019702e-07 1.7121778207797669 0.001052143790455057 1.131757655940198 0.0012371836117128182
59866.30985564913 2.8406884440433844 0.0006506125741594183 0.32567501612110306 0.00020028915129737164 0.0008711393051631304 5.357480416244907e-07 1.7104780258461296 0.0010519388198391368 1.1302104181972548 0.0012368799466152324
59866.3098871871 2.8464376026739964 0.0006510891969226352 0.32632216597176533 0.00020038514661482288 0.0008728703488211822 5.36004816906609e-07 1.7138769221206165 0.0010524429969265908 1.1325606805533799 0.0012375594547855816
59866.309918725055 2.840837694852123 0.0006506294548175441 0.3253461064329446 0.00020023003119306362 0.0008702595135210928 5.355899028541256e-07 1.7087505589965577 0.00105162831508962 1.1320871358555653 0.0012366247614270093
59866.30995026302 2.843384934276237 0.0006508320200119846 0.3258632156165565 0.00020031426648286536 0.0008716427149108416 5.358152215558857e-07 1.7114664685743517 0.0010520707273259735 1.1319184657018855 0.0012371075675013403
59866.30998180099 2.8471601016375896 0.0006511767570027577 0.32637186961485704 0.000200401023661461 0.000873003299753749 5.360472859898723e-07 1.714137970666266 0.001052526384776581 1.1330221309713235 0.00123767643570987
59866.310013338945 2.842117635661538 0.0006507482530295805 0.3257268271639515 0.00020030075689590843 0.0008712778931223922 5.357790851265861e-07 1.7107501426678127 0.0010519997736129646 1.1313674929937254 0.001237003157838645
59866.31004487691 2.843508654586425 0.0006508714956638704 0.3257103463180323 0.00020030526353831784 0.0008712338089527388 5.357911398226568e-07 1.710663583603111 0.0010520234429533502 1.132845070983314 0.0012370881247474427
59866.31007641487 2.8410956502261104 0.0006506381408513172 0.3252940633224748 0.0002002098270860603 0.0008701203048104181 5.355358594339519e-07 1.7084772233323255 0.0010515222010822496 1.132618426893785 0.0012365390934779691
59866.310107952835 2.841913559866492 0.0006507619681111799 0.3252815864842594 0.000200222080477659 0.0008700869308528361 5.355686357002136e-07 1.7084116937198501 0.0010515865571305621 1.133501866146642 0.0012366589773569936
59866.3101394908 2.8406255971159933 0.0006506251838091456 0.32515917005623063 0.00020020080035195766 0.000869759482455585 5.355117140666844e-07 1.7077687502953292 0.0010514747917644836 1.1328568468206641 0.0012364919601529354
59866.31017102876 2.840900464755444 0.0006506312500026606 0.32557191617672265 0.0002002791876040383 0.0008708635259063129 5.357213900102815e-07 1.7099365345416107 0.001051886489517008 1.1309639302138332 0.0012368452653054218
59866.310202566725 2.842103668706028 0.0006506987621591217 0.3253890836100043 0.0002002525741903636 0.0008703744720113313 5.356502025087877e-07 1.7089762794643084 0.0010517467131846829 1.1331273892417197 0.0012367619123219297
59866.31023410469 2.841587476903059 0.0006506821612185773 0.3256008036835724 0.00020026668860384693 0.0008709407963182245 5.356879567722283e-07 1.7100882546406115 0.0010518208435075995 1.1314992222624474 0.001236816219882775
59866.31026564265 2.8476950112945723 0.0006512122982402152 0.3265617973664997 0.00020044587405364098 0.0008735113323672659 5.361672550926463e-07 1.7151354903702716 0.001052761943559039 1.1325595209243007 0.001237895458908186
59866.310297180615 2.845973571601836 0.0006510071959974236 0.3265452909792016 0.00020042740666190268 0.0008734671798776678 5.361178571652317e-07 1.7150487971596724 0.0010526649509553711 1.1309247744421635 0.0012377050812735246
59866.31032871857 2.8457843692120743 0.0006510566657136565 0.32585237774553694 0.0002002857225739144 0.0008716137249823482 5.357388702247141e-07 1.711409546982862 0.0010519208118377858 1.1343748222292123 0.0012370982888791214
59866.31036025654 2.844681342520443 0.0006509833126295632 0.3258038209741456 0.00020030466718916012 0.0008714838417859194 5.357895446644003e-07 1.7111545219230337 0.0010520203108674376 1.1335268205974094 0.0012371442954642678
59866.310391794505 2.8456773394974775 0.0006510480426693514 0.3262285282915097 0.00020039758928026434 0.0008726198799191261 5.360380994563612e-07 1.7133851275814589 0.0010525083470602121 1.1322922119160186 0.0012375933801111792
59866.31042333246 2.8407433737840453 0.0006506474436101963 0.3256080605369805 0.00020029012232326834 0.000870960207479421 5.357506389954375e-07 1.7101263683664942 0.0010519439197650647 1.130617005417551 0.0012369026260005969
59866.31045487043 2.8457453667067805 0.0006510134915555874 0.3264038447567528 0.00020040374166875358 0.0008730888291972578 5.360545563141743e-07 1.7143059073358868 0.0010525406600249664 1.1314394593708936 0.0012376026855146966
59866.310486408394 2.8476574799240986 0.0006512260935047797 0.3262146179047759 0.00020038101301163473 0.0008725826714013277 5.359937600430768e-07 1.7133120688276047 0.0010524212868258127 1.134345411096494 0.0012376130210310474
59866.31051794635 2.8470096267393914 0.0006511371397739901 0.32631292235606213 0.00020039945254625733 0.0008728456233231787 5.360430834562448e-07 1.7138283737188138 0.0010525181331210993 1.1331812530205776 0.0012376485750574663
59866.31054948432 2.8410458162596353 0.0006506665046123999 0.32516561806896865 0.00020019650827625754 0.0008697767300707174 5.355002333093096e-07 1.707802615908449 0.0010514522493500923 1.1332432003511863 0.0012364945341116096
59866.31058102228 2.8408628086679864 0.0006506222396471946 0.3253530776669095 0.00020024725329876295 0.0008702781606865545 5.356359697995458e-07 1.7087871726203232 0.001051718767325436 1.1320756360476631 0.0012366978872255204
59866.31061256024 2.843474928873537 0.0006508550614994593 0.3259996599994357 0.00020037168736996606 0.000872007686305671 5.359688151360335e-07 1.7121830882323306 0.001052372307615368 1.1312918406412062 0.0012373761695277472
59866.31064409821 2.8466662475085442 0.0006511281255329736 0.32638157697078646 0.00020039944428459956 0.0008730292656979593 5.360430613573596e-07 1.7141889546785003 0.0010525180897300397 1.132477292830044 0.0012376437957138781
59866.31067563617 2.841561369237352 0.0006507160660514093 0.32536931864468455 0.0002002412363020143 0.0008703216032393871 5.356198750974429e-07 1.7088724718733432 0.0010516871654517557 1.1326888973640086 0.0012367203776898683
59866.31070717413 2.8437647439443205 0.0006508733710985859 0.3257749158643595 0.00020032689651218553 0.0008714065242883889 5.358490052802167e-07 1.7110027093716365 0.0010521370615135795 1.132762034572684 0.001237185734405173
59866.3107387121 2.847761505862548 0.0006512053726949095 0.32637347102778597 0.00020038617473640556 0.0008730075833299433 5.360075670012643e-07 1.7141463814484557 0.0010524483967248191 1.1336151244140924 0.0012376251715262414
59866.31077025006 2.8469314206472243 0.0006511592498378479 0.3261346548674474 0.00020035478081845053 0.0008723687804323281 5.359235922579775e-07 1.7128920948920558 0.0010522835127019462 1.1340393257551684 0.0012374606901852422
59866.31080178802 2.841922062465498 0.0006507355096190522 0.32572603168740855 0.00020030591568622453 0.0008712757653236708 5.357928842354799e-07 1.710745964744793 0.0010520268680999187 1.131176097720705 0.0012370194964847123
59866.31083332598 2.844003840219788 0.000650918658856641 0.3258975196109268 0.00020032921648674773 0.0008717344737389394 5.358552109175179e-07 1.7116466366120104 0.0010521492462539272 1.1323572036077774 0.0012372199225846776
59866.310864863946 2.8439470162816187 0.0006509242543702913 0.3253775285026761 0.00020023329626906803 0.0008703435635668063 5.355986365177503e-07 1.7089155908754 0.0010516454635980464 1.1350314254062188 0.0012367944720259182
59866.31089640191 2.8412555826872072 0.0006506479057259137 0.3256117879426915 0.00020029643759682315 0.0008709701778162918 5.357675315501136e-07 1.7101459450771614 0.001051977088218609 1.1311096376100458 0.0012369310778545506
59866.31092793987 2.8434022356665825 0.0006508399072331122 0.32576565696336757 0.0002002973083222668 0.0008713817579041793 5.357698606300872e-07 1.7109540806899557 0.0010519816613564434 1.1324481549766268 0.0012370359738817093
59866.310959477836 2.8469399690873063 0.0006511316434854436 0.32635553602556217 0.0002003907539298847 0.000872959609476863 5.36019815762232e-07 1.7140521850082049 0.0010524724471107389 1.1328877840791014 0.0012376068313787387
59866.3109910158 2.847381431128657 0.0006511536719687726 0.3264272206142858 0.00020038853925796466 0.0008731513566472643 5.360138917961244e-07 1.7144286796968793 0.0010524608154304867 1.1329527514317779 0.0012376085295985242
59866.31102255376 2.8469616886192326 0.0006511006469143664 0.326527018687911 0.00020042718668464277 0.0008734183038191719 5.361172687540001e-07 1.7149528292432303 0.0010526637956126197 1.1320088593760023 0.0012377532544921358
59866.311054091726 2.8412043741827144 0.0006507192400105151 0.32521896710812326 0.00020023217158083396 0.0008699194319747621 5.355956281195673e-07 1.708082810441824 0.0010516395566220272 1.1331215637408905 0.0012366815622350145
59866.311085629684 2.8417607870091293 0.0006507330751469627 0.32538396897530386 0.00020024572621246296 0.0008703607910131013 5.356318850376437e-07 1.7089494168871002 0.0010517107469141963 1.132811370122029 0.0012367493805395817
