HD189733b/Results/25512_radii/HD189733b_nrca1_level3_asn_phot.ecsv
# %ECSV 0.9
# ---
# datatype:
# - {name: MJD, datatype: float64}
# - {name: aperture_sum, unit: Jy, datatype: float64}
# - {name: aperture_sum_err, unit: Jy, datatype: float64}
# - {name: annulus_sum, unit: Jy, datatype: float64}
# - {name: annulus_sum_err, unit: Jy, datatype: float64}
# - {name: annulus_mean, unit: Jy, datatype: float64}
# - {name: annulus_mean_err, unit: Jy, datatype: float64}
# - {name: aperture_bkg, unit: Jy, datatype: float64}
# - {name: aperture_bkg_err, unit: Jy, datatype: float64}
# - {name: net_aperture_sum, unit: Jy, datatype: float64}
# - {name: net_aperture_sum_err, unit: Jy, datatype: float64}
# meta: !!omap
# - {instrument: NIRCAM}
# - {detector: NRCA1}
# - {channel: SHORT}
# - {subarray: SUBGRISM64}
# - {filter: WLP4}
# - {pupil: CLEAR}
# - {target_name: UNKNOWN}
# - {xcenter: 1981.2}
# - {ycenter: 29.2}
# - ra_icrs: !numpy.ndarray
#     buffer: !!binary |
#       TW93WjUrbkNja0E9
#     dtype: float64
#     order: C
#     shape: !!python/tuple []
# - dec_icrs: !numpy.ndarray
#     buffer: !!binary |
#       U1ZQa09iSzFOa0E9
#     dtype: float64
#     order: C
#     shape: !!python/tuple []
# - {apertures: Photometry measured in a circular aperture of r=25.0 pixels.  Background calculated as the mean in a circular annulus
#     with r_inner=5.0 pixels and r_outer=12.0 pixels.}
# - {number_of_integrations: 7350}
# - __serialized_columns__:
#     annulus_mean:
#       __class__: astropy.units.quantity.Quantity
#       unit: &id001 !astropy.units.Unit {unit: Jy}
#       value: !astropy.table.SerializedColumn {name: annulus_mean}
#     annulus_mean_err:
#       __class__: astropy.units.quantity.Quantity
#       unit: *id001
#       value: !astropy.table.SerializedColumn {name: annulus_mean_err}
#     annulus_sum:
#       __class__: astropy.units.quantity.Quantity
#       unit: *id001
#       value: !astropy.table.SerializedColumn {name: annulus_sum}
#     annulus_sum_err:
#       __class__: astropy.units.quantity.Quantity
#       unit: *id001
#       value: !astropy.table.SerializedColumn {name: annulus_sum_err}
#     aperture_bkg:
#       __class__: astropy.units.quantity.Quantity
#       unit: *id001
#       value: !astropy.table.SerializedColumn {name: aperture_bkg}
#     aperture_bkg_err:
#       __class__: astropy.units.quantity.Quantity
#       unit: *id001
#       value: !astropy.table.SerializedColumn {name: aperture_bkg_err}
#     aperture_sum:
#       __class__: astropy.units.quantity.Quantity
#       unit: *id001
#       value: !astropy.table.SerializedColumn {name: aperture_sum}
#     aperture_sum_err:
#       __class__: astropy.units.quantity.Quantity
#       unit: *id001
#       value: !astropy.table.SerializedColumn {name: aperture_sum_err}
#     net_aperture_sum:
#       __class__: astropy.units.quantity.Quantity
#       unit: *id001
#       value: !astropy.table.SerializedColumn {name: net_aperture_sum}
#     net_aperture_sum_err:
#       __class__: astropy.units.quantity.Quantity
#       unit: *id001
#       value: !astropy.table.SerializedColumn {name: net_aperture_sum_err}
# schema: astropy-2.0
MJD aperture_sum aperture_sum_err annulus_sum annulus_sum_err annulus_mean annulus_mean_err aperture_bkg aperture_bkg_err net_aperture_sum net_aperture_sum_err
[from data line 3691]
59866.38724981024 2.777472775326472 0.0006401550343605645 0.31809635681464254 0.00019732776686819098 0.0008508673540600617 5.278267143925668e-07 1.670674142934047 0.0010363853301900787 1.1067986323924248 0.0012181514768904458
59866.38728134821 2.7787871621125397 0.0006402359179876409 0.31824207779006775 0.00019733566730283255 0.0008512571391617608 5.278478470518237e-07 1.6714394841915325 0.0010364268240694989 1.1073476779210072 0.001218229285615916
59866.38731288617 2.7756501822473103 0.0006400209559211888 0.3178140543143013 0.0001972743853923661 0.0008501122307260027 5.276839257245489e-07 1.6691914617347758 0.0010361049652960405 1.1064587205125345 0.0012178424869946777
59866.38734442413 2.7809525373368924 0.0006404491267580065 0.3188411521893593 0.000197441372612869 0.000852859587093308 5.281305953308718e-07 1.6745858833474754 0.0010369819990171693 1.106366653989417 0.0012188136651066633
59866.3873759621 2.7758322503412325 0.0006400253383594587 0.31778800673607144 0.00019724355799879845 0.0008500425567624589 5.276014663620459e-07 1.669054657227266 0.0010359430567163787 1.1067775931139665 0.0012177070462557954
59866.38740750006 2.7743966125585553 0.0006398909521024621 0.31753583831686216 0.00019720483893598544 0.000849368038268193 5.274978977866075e-07 1.6677302432608307 0.0010357397002940412 1.1066663692977246 0.0012174634110920072
59866.38743903802 2.774712549656163 0.0006399443762858351 0.31769742862827577 0.00019724971853400013 0.0008498002718281464 5.276179450112801e-07 1.6685789318711963 0.0010359754124684881 1.1061336177849665 0.0012176920218097517
59866.38747057598 2.775619877976899 0.0006400656815177051 0.31790233404919443 0.0001972993541492158 0.00085034836780471 5.277507139779185e-07 1.6696551158045927 0.0010362361037248731 1.1059647621723063 0.0012179775610903635
59866.38750211395 2.7759251033878933 0.0006400184210207621 0.3180111474604184 0.0001972855007546428 0.0008506394298596846 5.277136579069119e-07 1.670226614813122 0.0010361633442995948 1.1056984885747714 0.001217890822412268
59866.38753365191 2.778591642455618 0.0006402636296844325 0.31813356322225017 0.00019731574864055137 0.0008509668764749432 5.277945671600283e-07 1.6708695547387091 0.0010363222092465935 1.107722087716909 0.0012181548493005413
59866.38756518987 2.7815471160664 0.0006404838339685102 0.3191428248231525 0.0001974835231944004 0.0008536665230742111 5.282433427830554e-07 1.676170298440927 0.001037203378121851 1.1053768176254728 0.0012190202578966363
59866.387596727836 2.7746476198361476 0.0006399375976507256 0.31767695536230545 0.0001972439909324315 0.000849745508441921 5.276026244045288e-07 1.6684714042137891 0.0010359453305274766 1.1061762156223585 0.0012176628666131955
59866.3876282658 2.7779005799991348 0.0006402104317935682 0.3184289288349659 0.00019735682600836315 0.000851756941975499 5.279044439018173e-07 1.6724208447214595 0.0010365379517245964 1.1054797352776753 0.0012183104375908173
59866.38765980376 2.7813120484477474 0.0006404774573692036 0.31861517163204 0.00019740947768276846 0.0008522551178035596 5.280452804437277e-07 1.673399010672479 0.0010368144836279858 1.1079130377752684 0.0012186860329300925
59866.387691341726 2.776796921959977 0.0006400677488771918 0.3184084755705126 0.00019737575051933002 0.0008517022320907913 5.27955064565111e-07 1.672313422114037 0.0010366373451645484 1.1044834998459399 0.0012183200353529933
59866.387722879685 2.778694517235163 0.0006402589268161247 0.31793424889038135 0.00019727021200617776 0.0008504337359514813 5.276727624465437e-07 1.6698227357688098 0.0010360830462509336 1.1088717814663531 0.0012179489201507383
59866.38775441765 2.7768817274619533 0.0006401379253293348 0.3181635674743653 0.0001973337264776989 0.0008510471340386054 5.278426555910893e-07 1.6710271400964567 0.0010364166306601834 1.1058545873654966 0.0012181691162371307
59866.387785955616 2.7786375780700396 0.0006402165740911693 0.3185403538386963 0.00019740347322898383 0.000852054989708738 5.280292192924606e-07 1.6730060600771863 0.0010367829476312176 1.1056315179928533 0.0012185221139724587
59866.387817493574 2.781696259683002 0.0006404531650828993 0.3192656436959865 0.00019750150448907366 0.0008539950479602027 5.282914404625585e-07 1.6768153555461476 0.0010372978176947146 1.1048809041368544 0.001219084500458816
59866.38784903154 2.7756549392123757 0.0006400038418139628 0.31807631201291275 0.00019731990135345032 0.0008508137367612619 5.278056751396099e-07 1.6705688656140378 0.0010363440197134995 1.1050860735983379 0.0012180368815157307
59866.387880569506 2.7803754039531614 0.0006403902807121896 0.318710862706208 0.00019739831669746523 0.0008525110792735363 5.280154262255633e-07 1.6739015898435297 0.0010367558650076958 1.1064738141096317 0.001218590347597786
59866.387912107464 2.776317028917239 0.0006400361202677986 0.31823895814165537 0.0001973453004946277 0.0008512487944984744 5.278736146163942e-07 1.6714230994834842 0.001036477418564221 1.1048939294337548 0.0012181673425441218
59866.38794364543 2.780995291298389 0.0006404426939406631 0.31888702774705135 0.00019745606920144044 0.0008529822983836238 5.281699068387328e-07 1.6748268264025807 0.0010370591869823553 1.1061684648958081 0.0012188759582198994
59866.38797518339 2.7758204766476227 0.0006400850118977835 0.3178249441844764 0.00019725208677228554 0.0008501413597456328 5.276242797479111e-07 1.6692486564310736 0.0010359878506947771 1.106571820216549 0.0012177765185958258
59866.388006721354 2.778163595374899 0.0006401800317915653 0.3182871075337286 0.00019733474456358192 0.0008513775880069672 5.278453788415225e-07 1.6716759849460536 0.0010364219777499052 1.1064876104288452 0.0012181957925833083
59866.38803825932 2.775650781566518 0.0006400143741087142 0.31823293094288685 0.00019734925780015631 0.0008512326725072642 5.278841999060784e-07 1.6713914440277673 0.0010364982027319136 1.1042593375387506 0.0012181736014756912
59866.38806979728 2.776087348931953 0.0006400633896406115 0.3176211431957098 0.0001972330449699626 0.0008495962179848057 5.275733453451367e-07 1.6681782730867112 0.0010358878412287953 1.107909075845242 0.0012176800738962115
59866.388101335244 2.7785364854600805 0.0006402635673745938 0.3182463841414602 0.00019733382401037212 0.0008512686581047995 5.278429164786028e-07 1.6714621015832996 0.0010364171429116183 1.107074383876781 0.0012182355805952815
59866.38813287321 2.7753059701843297 0.0006400004296421801 0.31796272675756126 0.00019729499728144738 0.0008505099106293031 5.2773905990999e-07 1.6699723043989565 0.0010362132210160052 1.1053336657853732 0.001217923802768687
59866.38816441117 2.77496971651873 0.0006399629590516039 0.3177139696074205 0.00019723999313128016 0.0008498445168465408 5.27591930794197e-07 1.6686658067616624 0.00103592433367269 1.1063039097570677 0.0012176583322317028
59866.388195949134 2.7814155547549544 0.0006404796044005474 0.31899992123924614 0.00019744485209278727 0.0008532842741369969 5.281399024977353e-07 1.6754197544078053 0.0010370002735965718 1.105995800347149 0.0012188452285226564
59866.38822748709 2.7777592424007516 0.0006401669093050458 0.31829551027917957 0.00019734529608085265 0.0008514000642838422 5.278736028101066e-07 1.6717201170124978 0.0010364773953826295 1.1060391253882538 0.0012182360456448227
59866.38825902506 2.7810113209751828 0.0006404532705568075 0.31911669779655305 0.00019748826024313553 0.0008535966365963692 5.282560137867841e-07 1.6760330766625688 0.0010372282575794934 1.104978244312614 0.0012190253689272849
59866.38829056302 2.77952748731461 0.0006403569290649523 0.3185629091016503 0.00019738131831831284 0.000852115322172467 5.279699577202414e-07 1.6731245225927012 0.001036666587806265 1.1064029647219087 0.0012184968653531204
59866.38832210098 2.7775892249595433 0.0006401389407896512 0.3185379526385624 0.00019737826438924577 0.0008520485668033488 5.27961788847857e-07 1.6729934487319456 0.0010366505482628456 1.1045957762275977 0.0012183686727460432
59866.38835363895 2.7761194428512566 0.0006400490759169226 0.31800910526191345 0.0001972843253994813 0.0008506339672380571 5.277105139811329e-07 1.670215888980638 0.0010361571712157631 1.1059035538706186 0.0012179016803683122
59866.38838517691 2.778895946961312 0.0006403153072832064 0.31804924182619804 0.00019729446750368278 0.0008507413274498994 5.277376428217551e-07 1.6704266902636453 0.0010362104385697624 1.1084692566976666 0.001218086928647593
59866.38841671487 2.77889279591835 0.0006403091675586309 0.3184484350015446 0.00019738963831838685 0.0008518091184936802 5.279922126637423e-07 1.6725232930753395 0.0010367102852856453 1.1063695028430103 0.0012185089436178428
59866.38844825284 2.775936508068786 0.0006400009796387029 0.31798216223446724 0.00019729386078090892 0.0008505618980615877 5.27736019915393e-07 1.6700743814835464 0.0010362072520005722 1.1058621265852395 0.0012179190133326094
59866.388479790796 2.782047998264184 0.0006406003218531808 0.318571681874656 0.00019739673338917284 0.0008521387882260549 5.280111910769721e-07 1.6731705980811766 0.0010367475493128827 1.1088774001830075 0.0012186936667451206
59866.38851132876 2.774730520433166 0.0006399610593138175 0.31748182497103794 0.00019720665651301716 0.0008492235594281786 5.275027595743227e-07 1.667446559721838 0.001035749246391897 1.1072839607113278 0.0012175083814247218
59866.38854286673 2.775725918033367 0.0006399900785245385 0.31792784570541466 0.00019728231261504232 0.0008504166082449438 5.277051300383961e-07 1.6697891055956653 0.0010361465998689199 1.1059368124377018 0.0012178616822241222
59866.388574404686 2.778656044562367 0.0006402955436671814 0.3182363960514225 0.00019733701329694307 0.0008512419412325046 5.278514474151188e-07 1.6714096431272192 0.0010364338933662976 1.1072464014351477 0.0012182666368896727
59866.38860594265 2.781272743884185 0.0006404411448174255 0.31883777110037365 0.0001974047541813454 0.0008528505431096928 5.280326456773381e-07 1.6745681255271725 0.0010367896753221922 1.1067046183570124 0.001218645843069163
59866.38863748062 2.7786341912448678 0.0006402767943617664 0.31793136933500893 0.00019728774311847573 0.0008504260335065833 5.277196559453693e-07 1.6698076120536183 0.001036175121420566 1.1088265791912495 0.0012180366396989477
59866.388669018575 2.7808115734957366 0.0006403983125168852 0.31905086677256 0.00019744545367043223 0.0008534205469681793 5.281415116415311e-07 1.6756873254861344 0.0010370034331430265 1.1051242480096022 0.0012188052014267489
59866.38870055654 2.775710737582857 0.0006400085954482805 0.317799635816582 0.00019725485300878793 0.0008500736630758516 5.276316790792239e-07 1.6691157343307879 0.0010360023792478357 1.1065950032520693 0.001217748714659497
59866.3887320945 2.7778561332034535 0.0006401817765758893 0.3182121399013925 0.00019733880724985867 0.0008511770591118717 5.278562460113237e-07 1.6712822473812632 0.0010364433153879132 1.1065738858221903 0.0012182148632618758
59866.388763632465 2.781112249014849 0.0006404505726279978 0.318639375879752 0.00019739749272226206 0.0008523198610920837 5.280132221965453e-07 1.6735261338222271 0.0010367515374068387 1.1075861151926218 0.001218618351369687
59866.38879517043 2.7765866080460437 0.0006401147620800786 0.31797409469747495 0.00019729077765888288 0.0008505403184247658 5.27727772955551e-07 1.6700320099657298 0.0010361910591327884 1.106554598080314 0.0012179650321990222
59866.38882670839 2.778307122063432 0.0006402517150823566 0.31818643304857563 0.00019733810978745652 0.0008511082965455332 5.278543803879805e-07 1.6711472323979815 0.001036439652245045 1.1071598896654506 0.0012182485015019427
59866.388858246355 2.7757064056668543 0.0006400418282283604 0.3178867013347834 0.00019728288562200066 0.0008503065522791225 5.277066627592338e-07 1.669573011212098 0.0010361496093592472 1.1061333944547564 0.0012178914380424975
59866.38888978431 2.7748474760741377 0.0006399241905555867 0.3177673726404342 0.00019725658414231702 0.000849987363177301 5.276363096415484e-07 1.6689462848762302 0.0010360114713356986 1.1059011911979075 0.0012177120917513228
59866.38892132228 2.7807180872073847 0.0006404191022139496 0.3185472993812176 0.00019738070278291542 0.0008520735681528511 5.279683112412305e-07 1.6730425387668995 0.0010366633549522871 1.1076755484404852 0.0012185267900138481
59866.388952860245 2.7758591525480023 0.000640036530570869 0.31779180770008547 0.0001972647744426395 0.0008500527238584479 5.276582176546867e-07 1.6690746202735582 0.001036054487618905 1.106784532274444 0.0012178077277552753
59866.3889843982 2.7763011329603264 0.0006400789296276361 0.3180659551721994 0.00019729818368325035 0.0008507860335277434 5.277475831301181e-07 1.670514470442224 0.0010362299563195924 1.1057866625181025 0.0012179792931439207
59866.38901593617 2.774966926909176 0.0006399383433587593 0.31748432139025073 0.00019722269164506874 0.0008492302370325105 5.275456515159889e-07 1.6674596711672836 0.00103583346452242 1.1075072557418926 0.0012175680882502108
59866.389047474135 2.7750258105054737 0.0006399606070833519 0.31764493249213105 0.00019723321630718676 0.0008496598513313287 5.275738036504503e-07 1.6683032168704364 0.0010358887411091742 1.1067225936350373 0.0012176268158082106
59866.38907901209 2.7821333236444055 0.0006405402210817121 0.31884985997812565 0.00019741708767742657 0.0008528828793223091 5.280656362129166e-07 1.6746316175321727 0.0010368544520873244 1.1075017061122328 0.0012187530224113145
59866.38911055006 2.776934729729759 0.0006401430764206924 0.3177989269738797 0.00019725949755955075 0.0008500717670116509 5.276441026626247e-07 1.6691120114174356 0.0010360267728968002 1.1078227183123235 0.0012178401506143185
59866.38914208802 2.7812325993554854 0.0006404978816408474 0.3184178321403566 0.00019735589877352492 0.0008517272597267755 5.279019636663902e-07 1.6723625637623774 0.0010365330817937233 1.108870035593108 0.0012184573714493284
59866.38917362598 2.77888034610483 0.0006402807264927156 0.31857073250818513 0.0001973922551285498 0.0008521362487913214 5.279992122985754e-07 1.6731656119127372 0.0010367240290365012 1.105714734192093 0.001218505691861846
59866.38920516395 2.7810851346463994 0.0006404644899381809 0.31856362868152444 0.00019737908741267884 0.0008521172469572387 5.279639903310107e-07 1.673128301898763 0.0010366548708649098 1.1079568327476363 0.0012185434272768932
59866.38923670191 2.778223976669958 0.0006402105299827825 0.31803771723069474 0.00019728155349949466 0.0008507105006206307 5.27703099500719e-07 1.670366161925918 0.0010361426129175141 1.1078578147440399 0.001217974152847411
59866.38926823987 2.7812428165617824 0.0006404526462732462 0.3190744683275298 0.00019747193389084512 0.0008534836781301642 5.28212342867966e-07 1.6758112832328247 0.0010371425099309094 1.1054315333289577 0.0012189520819229074
59866.38929977784 2.7808695557548813 0.0006404095779308134 0.31886785434049375 0.00019745582216864656 0.0008529310119562363 5.281692460573841e-07 1.6747261257378874 0.001037057889541211 1.106143430016994 0.0012188574542436013
59866.3893313158 2.778519618525758 0.0006402714741947451 0.31790812621694253 0.0001972605112743756 0.0008503638611177911 5.276468142210324e-07 1.6696855368536898 0.0010360320970292836 1.108834081672068 0.0012179121752993551
59866.38936285376 2.7760941617274026 0.0006400595336897799 0.3180414347724577 0.0001973203849115267 0.0008507204445726933 5.278069685960491e-07 1.6703856868301352 0.001036346559409279 1.1057084748972674 0.0012180683059117123
59866.38939439172 2.777837819750877 0.0006402072854924975 0.31813484069300374 0.0001973113792128984 0.0008509702935469614 5.277828794960039e-07 1.6708762641439274 0.0010362992605719454 1.1069615556069494 0.001218105712103688
59866.38942592969 2.775670853890394 0.0006400242221240523 0.31764955100559 0.00019724006179459738 0.0008496722052682485 5.275921144598499e-07 1.6683274737688552 0.001035924694299356 1.1073433801215387 0.001217690838088516
