HD189733b/Results/25512_radii/HD189733b_nrca1_level3_asn_phot.ecsv
# %ECSV 0.9
# ---
# datatype:
# - {name: MJD, datatype: float64}
# - {name: aperture_sum, unit: Jy, datatype: float64}
# - {name: aperture_sum_err, unit: Jy, datatype: float64}
# - {name: annulus_sum, unit: Jy, datatype: float64}
# - {name: annulus_sum_err, unit: Jy, datatype: float64}
# - {name: annulus_mean, unit: Jy, datatype: float64}
# - {name: annulus_mean_err, unit: Jy, datatype: float64}
# - {name: aperture_bkg, unit: Jy, datatype: float64}
# - {name: aperture_bkg_err, unit: Jy, datatype: float64}
# - {name: net_aperture_sum, unit: Jy, datatype: float64}
# - {name: net_aperture_sum_err, unit: Jy, datatype: float64}
# meta: !!omap
# - {instrument: NIRCAM}
# - {detector: NRCA1}
# - {channel: SHORT}
# - {subarray: SUBGRISM64}
# - {filter: WLP4}
# - {pupil: CLEAR}
# - {target_name: UNKNOWN}
# - {xcenter: 1981.2}
# - {ycenter: 29.2}
# - ra_icrs: !numpy.ndarray
#     buffer: !!binary |
#       TW93WjUrbkNja0E9
#     dtype: float64
#     order: C
#     shape: !!python/tuple []
# - dec_icrs: !numpy.ndarray
#     buffer: !!binary |
#       U1ZQa09iSzFOa0E9
#     dtype: float64
#     order: C
#     shape: !!python/tuple []
# - {apertures: Photometry measured in a circular aperture of r=25.0 pixels.  Background calculated as the mean in a circular annulus
#     with r_inner=5.0 pixels and r_outer=12.0 pixels.}
# - {number_of_integrations: 7350}
# - __serialized_columns__:
#     annulus_mean:
#       __class__: astropy.units.quantity.Quantity
#       unit: &id001 !astropy.units.Unit {unit: Jy}
#       value: !astropy.table.SerializedColumn {name: annulus_mean}
#     annulus_mean_err:
#       __class__: astropy.units.quantity.Quantity
#       unit: *id001
#       value: !astropy.table.SerializedColumn {name: annulus_mean_err}
#     annulus_sum:
#       __class__: astropy.units.quantity.Quantity
#       unit: *id001
#       value: !astropy.table.SerializedColumn {name: annulus_sum}
#     annulus_sum_err:
#       __class__: astropy.units.quantity.Quantity
#       unit: *id001
#       value: !astropy.table.SerializedColumn {name: annulus_sum_err}
#     aperture_bkg:
#       __class__: astropy.units.quantity.Quantity
#       unit: *id001
#       value: !astropy.table.SerializedColumn {name: aperture_bkg}
#     aperture_bkg_err:
#       __class__: astropy.units.quantity.Quantity
#       unit: *id001
#       value: !astropy.table.SerializedColumn {name: aperture_bkg_err}
#     aperture_sum:
#       __class__: astropy.units.quantity.Quantity
#       unit: *id001
#       value: !astropy.table.SerializedColumn {name: aperture_sum}
#     aperture_sum_err:
#       __class__: astropy.units.quantity.Quantity
#       unit: *id001
#       value: !astropy.table.SerializedColumn {name: aperture_sum_err}
#     net_aperture_sum:
#       __class__: astropy.units.quantity.Quantity
#       unit: *id001
#       value: !astropy.table.SerializedColumn {name: net_aperture_sum}
#     net_aperture_sum_err:
#       __class__: astropy.units.quantity.Quantity
#       unit: *id001
#       value: !astropy.table.SerializedColumn {name: net_aperture_sum_err}
# schema: astropy-2.0
MJD aperture_sum aperture_sum_err annulus_sum annulus_sum_err annulus_mean annulus_mean_err aperture_bkg aperture_bkg_err net_aperture_sum net_aperture_sum_err
[from data line 2627]
59866.35369341765 2.8416342302878013 0.0006502001133836157 0.32556488835091263 0.00020009735977288988 0.0008708447273648532 5.352350236553412e-07 1.7098996236917683 0.001050931511412237 1.131734606596033 0.0012358063072841455
59866.35372495561 2.841487275302695 0.00065024920955007 0.32550803927451466 0.00020011488966279562 0.0008706926633057112 5.352819138844228e-07 1.709601046609846 0.0010510235801617419 1.1318862286928493 0.0012359104338812324
59866.353756493576 2.845727212984226 0.0006505845823631037 0.32629357671787307 0.0002002140142621181 0.0008727938761980517 5.355470595981064e-07 1.713726768476224 0.0010515441925531414 1.1320004445080019 0.0012365296145668376
59866.35378803154 2.84016413215283 0.0006500959905073132 0.3253739600407754 0.00020007030384470954 0.0008703340183844411 5.351626524837472e-07 1.7088968489536525 0.001050789410949105 1.1312672831991777 0.0012356306822980932
59866.3538195695 2.8461954000725846 0.0006505969957426285 0.3263481709338142 0.00020021875212911097 0.0008729399087918544 5.355597327905707e-07 1.714013502803646 0.0010515690763083561 1.1321818972689386 0.0012365573068472578
59866.353851107466 2.8458620140886373 0.000650517463435621 0.32659072499079345 0.0002002659051102665 0.0008735887100882449 5.356858610264097e-07 1.7152874211701337 0.0010518167285203074 1.1305745929185036 0.0012367260814868733
59866.35388264543 2.841218277915144 0.0006502121875065175 0.32526227651117434 0.00020005035035643165 0.0008700352791273325 5.351092794368337e-07 1.708310275793983 0.001050684613216553 1.1329080021211608 0.0012356027052544147
59866.35391418339 2.8430598277765906 0.0006503679534016134 0.3257038069555267 0.00020012325803731696 0.0008712163169885802 5.353042982234263e-07 1.7106292382118 0.0010510675317085974 1.1324305895647906 0.0012360102875881764
59866.353945721356 2.8499137876855665 0.0006511686461193154 0.3296475024128441 0.00020183749129056198 0.0008817652014605317 5.398896544564759e-07 1.7313419244372066 0.001060070857618498 1.1185718632483599 0.0012440943810100903
59866.353977259314 2.841264110241866 0.0006502447754077376 0.32530641673641447 0.00020006941054099707 0.0008701533486237384 5.35160263009772e-07 1.7085421047080593 0.0010507847192279258 1.1327220055338068 0.0012357049785883239
59866.35400879728 2.844720455105819 0.0006504742269681634 0.3260426477874441 0.00020019084641773654 0.0008721226731788494 5.354850885568609e-07 1.7124088644298534 0.0010514225126981962 1.1323115906759655 0.0012363680763261473
59866.354040335245 2.845587028718726 0.0006505392309593752 0.3259534569060533 0.00020013610473694078 0.0008718840988989828 5.353386615133012e-07 1.7119404249267507 0.0010511350038704874 1.1336466037919755 0.0012361577922656254
59866.354071873204 2.838432231699574 0.0006499676384284169 0.32499942751937594 0.0002000092426145698 0.0008693321914578965 5.349993214483185e-07 1.706929766383277 0.0010504687112109761 1.1315024653162968 0.0012352904291046145
59866.35410341117 2.8402914444996163 0.0006501012170292989 0.3257038804053749 0.00020014180093946038 0.0008712165134575955 5.353538981315843e-07 1.7106296239778096 0.0010511649209005273 1.1296618205218067 0.0012359527836105987
59866.354134949135 2.845641223355649 0.0006505463419922653 0.3258830775321947 0.00020014977783587028 0.0008716958430125743 5.353752353163602e-07 1.7115707853581656 0.0010512068163648649 1.1340704379974835 0.00123622259882736
59866.35416648709 2.844668949137913 0.0006504170641897993 0.3264051460339585 0.00020024303061592187 0.0008730923099485119 5.356246746592555e-07 1.7143127417749922 0.0010516965893693376 1.130356207362921 0.0012365710951984827
59866.35419802506 2.841512413503975 0.0006501776736284292 0.32575519684196375 0.0002001264953214044 0.0008713537784079313 5.353129575472031e-07 1.7108991430775409 0.0010510845342510738 1.130613270426434 0.0012359246358199488
59866.35422956302 2.8448451919163134 0.0006504462433426752 0.32645970345093733 0.00020023505832164121 0.0008732382441097641 5.356033497845908e-07 1.7145992828305534 0.0010516547180758468 1.13024590908576 0.001236550832570092
59866.35426110098 2.845071931132897 0.0006504818809786424 0.3261974345912278 0.00020020478256938887 0.0008725367082199852 5.35522365992544e-07 1.713221820332079 0.0010514957067720005 1.1318501108008179 0.0012364343487793687
59866.35429263895 2.843893530552693 0.0006503754733356197 0.32601348137593605 0.00020017143741719032 0.0008720446567323998 5.354331719454759e-07 1.7122556794954626 0.0010513205746701172 1.1316378510572302 0.001236229431392586
59866.35432417691 2.841704287414461 0.000650233052941638 0.32537447127443064 0.00020005226801059558 0.0008703353858695387 5.35114408918167e-07 1.708899534004363 0.0010506946849295987 1.1328047534100982 0.0012356222497499434
59866.35435571487 2.84466289975728 0.0006504544462324052 0.32612914575677165 0.00020018677864605604 0.0008723540442609653 5.354742077842504e-07 1.7128631604872462 0.0010514011483511345 1.1317997392700336 0.0012363395008562936
59866.35438725284 2.840209745666101 0.0006501580972605173 0.3249974579043109 0.00019999752421041562 0.0008693269229877522 5.349679762055237e-07 1.7069194217663388 0.0010504071649706703 1.1332903238997623 0.001235338319512164
59866.3544187908 2.8440742648170634 0.0006504041009263602 0.32599146025865056 0.00020014989403099808 0.000871985753040494 5.353755461235695e-07 1.7121400223668624 0.0010512074266333935 1.131934242450201 0.0012361482711677545
59866.35445032876 2.841290561381197 0.0006501610465380346 0.32577661469867764 0.00020013644880494027 0.0008714110684544262 5.353395818515007e-07 1.711011631820786 0.0010511368109503165 1.130278929560411 0.0012359603479765173
59866.35448186672 2.8414454249130063 0.0006502249646912634 0.32515804599920944 0.00020002093148521405 0.0008697564757458163 5.350305876927251e-07 1.7077628466345034 0.0010505301023383093 1.133682578278503 0.0012354780453843336
59866.35451340469 2.837283976708132 0.0006498432618021272 0.32483272223234977 0.00019996803110542777 0.0008688862759878164 5.348890858955079e-07 1.7060542134051984 0.0010502522642091795 1.1312297633029336 0.00123504092376979
59866.35454494265 2.8385709498703386 0.0006499689551870085 0.3248695099320641 0.00019998571380851917 0.0008689846784122621 5.349363848804527e-07 1.706247426113782 0.0010503451355489454 1.1323235237565565 0.0012351860371936788
59866.35457648061 2.8420231819509088 0.0006502339954926661 0.3257765888694595 0.00020015270577045008 0.0008714109993645481 5.353830671694934e-07 1.7110114961631278 0.001051222194172532 1.131011685787781 0.001236071337106103
59866.35460801858 2.8407428771218903 0.0006501345561803171 0.3253308818474546 0.0002000718646296601 0.0008702187896885339 5.351668273852595e-07 1.708670597938312 0.0010507976083490552 1.1320722791835782 0.0012356579441139333
59866.35463955654 2.844131892664034 0.0006504453511143577 0.32600635082448026 0.00020016661720544373 0.0008720255834128845 5.354202784912538e-07 1.7122182291201697 0.0010512952584319525 1.1319136635438645 0.0012362446663940702
59866.3546710945 2.8439144676866466 0.0006505413318256693 0.32494987828389604 0.0001999711176467955 0.0008691996535460806 5.348973420016546e-07 1.706669528801975 0.0010502684750356907 1.1372449388846715 0.0012354221521679587
59866.35470263247 2.839269605688016 0.0006500097428164246 0.32554175584557166 0.00020009323382358602 0.0008707828508510529 5.352239872649772e-07 1.7097781294410277 0.0010509098415104308 1.1294914762469883 0.0012356877278421735
59866.354734170425 2.842455410599422 0.0006502271938803703 0.32590715849583185 0.0002001563262079037 0.000871760256531856 5.353927513798614e-07 1.7116972610075203 0.0010512412090751245 1.130758149591902 0.0012360839305319321
59866.35476570839 2.8445984554574393 0.0006504266809260627 0.3260441024701744 0.0002001548209099813 0.0008721265642703984 5.353887248991021e-07 1.712416504570244 0.0010512333030986412 1.1321819508871953 0.0012361821568054499
59866.35479724636 2.8434858573444286 0.0006503436449337678 0.3259509802922439 0.00020015178668257648 0.0008718774742715896 5.353806087261619e-07 1.711927417501281 0.0010512173670303388 1.1315584398431475 0.0012361249165241902
59866.354828784315 2.838019539234578 0.000649857673427705 0.32527863396733053 0.000200053672893615 0.0008700790332450411 5.351181668018141e-07 1.7083961868032067 0.0010507020635168855 1.1296233524313712 0.0012354310268046173
59866.35486032228 2.8386542543540787 0.0006499007659782862 0.32514575561829345 0.000200039300097316 0.0008697236005378286 5.350797213971581e-07 1.7076982963145666 0.0010506265761413658 1.130955958039512 0.0012353894965207095
59866.35489186025 2.837549006959665 0.0006498585618998225 0.32501593341533974 0.00019998775996751852 0.0008693763426332377 5.349418580958998e-07 1.707016457013339 0.0010503558821823452 1.130532549946326 0.0012351370894396938
59866.354923398205 2.842856622871579 0.0006502319947057698 0.3262970066107677 0.00020021113607729038 0.000872803050725925 5.355393608192414e-07 1.7137447826195784 0.001051529076036189 1.1291118402520006 0.0012363312843605332
59866.35495493617 2.838535201895099 0.000649914339028936 0.32528564069935995 0.0002000605698978024 0.0008700977753633168 5.351366154120486e-07 1.7084329868663863 0.0010507382872783741 1.1301022150287128 0.0012354916415856928
59866.35498647413 2.8432540575530734 0.000650294991418113 0.32601637913616566 0.00020015055827772224 0.0008720524078729786 5.353773228991927e-07 1.7122708988243995 0.0010512109153241714 1.1309831587286738 0.0012360938331535214
59866.355018012095 2.8425166325650375 0.0006502337217026461 0.32591167149343636 0.0002001423805374476 0.0008717723282272665 5.353554484825871e-07 1.7117209637260313 0.001051167965007603 1.1307956688390062 0.0012360250739760496
59866.35504955006 2.8423702488541482 0.0006502281392914467 0.3259460954647667 0.00020015571964601464 0.0008718644079784947 5.353911289038457e-07 1.7119017618947834 0.0010512380233509172 1.1304684869593649 0.0012360817185223477
59866.35508108802 2.83784800682574 0.0006498530324178639 0.32525680614269475 0.00020005053146631907 0.0008700206465864239 5.351097638827804e-07 1.7082815448670945 0.0010506855644239449 1.1295664619586456 0.0012354145535129319
59866.355112625984 2.8393495466480605 0.0006499836460258004 0.32507494380206015 0.00020000890170891636 0.0008695341879229909 5.349984095689928e-07 1.7073263855150218 0.0010504669207401069 1.1320231611330387 0.0012352973292572905
59866.35514416395 2.84268415854904 0.0006502438861078841 0.3258299660792111 0.00020014362618665544 0.0008715537766213619 5.353587804360121e-07 1.711291838651319 0.0010511745072828542 1.131392319897721 0.001236035984986697
59866.35517570191 2.836602662434432 0.0006497502609359613 0.32509539586980074 0.00020000995167570513 0.0008695888946066441 5.350012180967998e-07 1.7074338018371888 0.0010504724352715605 1.129168860597243 0.00123517923349274
59866.355207239874 2.8422389668753656 0.0006501811087979406 0.3257403636461997 0.00020010650745395494 0.00087131410149318 5.35259492540372e-07 1.7108212376376035 0.0010509795559556457 1.131417729237762 0.0012358371661648818
59866.35523877783 2.8375111355279503 0.0006498110174728236 0.3250505395721598 0.00020002114732305522 0.0008694689097075121 5.350311650315373e-07 1.7071982120386544 0.0010505312359404162 1.130312923489296 0.0012352612015746162
59866.3552703158 2.8391095337824934 0.0006499303683714515 0.3253532884929229 0.00020004734267623693 0.0008702787246193639 5.351012342743089e-07 1.7087882798998053 0.0010506688165768747 1.1303212538826881 0.001235440992463218
59866.355301853764 2.838333191119114 0.0006498685181634454 0.32497532296844855 0.0001999822888961888 0.0008692677148456091 5.349272236749563e-07 1.7068031668510955 0.0010503271475640168 1.1315300242680184 0.001235117892271793
59866.35533339172 2.838488081628201 0.0006499112967537114 0.3253659295549569 0.00020007731297336015 0.0008703125378548034 5.351814010126801e-07 1.708854672032337 0.0010508262235995806 1.129633409595864 0.0012355648286725576
59866.35536492969 2.8402653022817734 0.0006500075021824312 0.3256116378170175 0.0002000873562136974 0.0008709697762491809 5.352082654050219e-07 1.710145156601983 0.0010508789717105958 1.1301201456797905 0.0012356602955816628
59866.355396467654 2.834705010418995 0.0006495556422253862 0.3247632478204303 0.00019995439337019386 0.0008687004407596587 5.34852606685843e-07 1.7056893267879745 0.0010501806374484971 1.1290156836310206 0.0012348286940375842
59866.35542800561 2.8401548350376897 0.0006500338686528708 0.3254848563680608 0.00020007885229289028 0.0008706306519753352 5.351855184969191e-07 1.709479287647378 0.0010508343082609784 1.1306755473903116 0.0012356361818165356
59866.35545954358 2.8393235104731307 0.0006500605920961941 0.32543494226012204 0.00020007008548207053 0.0008704971380760332 5.351620683914214e-07 1.7092171337191284 0.0010507882640865048 1.1301063767540023 0.0012356110833666007
59866.35549108154 2.837632859082169 0.000649774632742194 0.32534636283608914 0.00020006080990816905 0.0008702601993669396 5.351372574092964e-07 1.7087519056517289 0.0010507395478370222 1.1288809534304403 0.001235419228741403
59866.3555226195 2.8382268812980342 0.00064986509007676 0.32495336934655683 0.00019998279707577097 0.0008692089916953093 5.349285829907963e-07 1.7066878642151095 0.0010503298165744275 1.1315390170829247 0.0012351183582498262
59866.35555415747 2.840989867152423 0.0006500972299102109 0.3259321317247076 0.00020014301053844922 0.0008718270567473273 5.35357133655252e-07 1.7118284229238845 0.001051171273836393 1.1291614442285387 0.0012359560895419202
59866.355585695426 2.8405113006262934 0.0006500392308809242 0.3256579266216413 0.00020008539579692558 0.0008710935929225538 5.352030215391437e-07 1.7103882700716455 0.001050868675404021 1.130123030554648 0.0012356682299993252
59866.35561723339 2.839805007066003 0.0006499468378093198 0.3257585823748933 0.00020011417540218736 0.0008713628342785319 5.352800033280117e-07 1.710916924237885 0.001051019828793001 1.128888082828118 0.0012357481832859006
59866.35564877136 2.839844838389745 0.000649972953265182 0.32584503499391315 0.00020014179515485432 0.0008715940840543344 5.353538826584977e-07 1.7113709821108885 0.001051164890519193 1.1284738562788565 0.0012358852968768943
59866.355680309316 2.8347879442404924 0.0006496121501304961 0.324705368685283 0.00019995820024968876 0.0008685456214241868 5.348627896049921e-07 1.7053853397336294 0.0010502006315634914 1.129402604506863 0.001234875423730476
59866.35571184728 2.8368161704097536 0.0006497595276069011 0.3247378577290813 0.00019994087253180816 0.0008686325254900159 5.348164401604005e-07 1.7055559754678642 0.0010501096246418496 1.1312601949418895 0.001234875567610514
59866.35574338524 2.8374140543119015 0.0006497834769932992 0.32481627001707203 0.00019996807786588263 0.0008688422684014926 5.348892109737857e-07 1.7059678047115128 0.001050252509799804 1.1314462496003888 0.0012350096766075513
59866.355774923206 2.840717457750967 0.0006500707868669132 0.32584224975187737 0.0002001511574053206 0.0008715866338856335 5.35378925489425e-07 1.7113563537388519 0.0010512140620027343 1.1293611040121152 0.001235978572666232
59866.35580646117 2.835610203701016 0.0006496342139751486 0.32511245349225937 0.0002000390571800071 0.0008696345215802859 5.350790716242089e-07 1.7075233901904379 0.0010506253003151635 1.1280868135105782 0.001235248207296589
59866.35583799913 2.8352733507877788 0.000649637161702934 0.3249342442825967 0.00020000290734520834 0.0008691578345782303 5.349823754073992e-07 1.706587417450613 0.001050435437737439 1.1286859333371657 0.0012350882764888059
59866.355869537096 2.8341798730018697 0.0006495157083746759 0.32454318476038674 0.00019993582737939483 0.0008681118000235602 5.348029450184638e-07 1.7045335334053926 0.0010500831269926198 1.129646339596477 0.0012347247584057167
