HD189733b/Results/25512_radii/HD189733b_nrca1_level3_asn_phot.ecsv
# %ECSV 0.9
# ---
# datatype:
# - {name: MJD, datatype: float64}
# - {name: aperture_sum, unit: Jy, datatype: float64}
# - {name: aperture_sum_err, unit: Jy, datatype: float64}
# - {name: annulus_sum, unit: Jy, datatype: float64}
# - {name: annulus_sum_err, unit: Jy, datatype: float64}
# - {name: annulus_mean, unit: Jy, datatype: float64}
# - {name: annulus_mean_err, unit: Jy, datatype: float64}
# - {name: aperture_bkg, unit: Jy, datatype: float64}
# - {name: aperture_bkg_err, unit: Jy, datatype: float64}
# - {name: net_aperture_sum, unit: Jy, datatype: float64}
# - {name: net_aperture_sum_err, unit: Jy, datatype: float64}
# meta: !!omap
# - {instrument: NIRCAM}
# - {detector: NRCA1}
# - {channel: SHORT}
# - {subarray: SUBGRISM64}
# - {filter: WLP4}
# - {pupil: CLEAR}
# - {target_name: UNKNOWN}
# - {xcenter: 1981.2}
# - {ycenter: 29.2}
# - ra_icrs: !numpy.ndarray
#     buffer: !!binary |
#       TW93WjUrbkNja0E9
#     dtype: float64
#     order: C
#     shape: !!python/tuple []
# - dec_icrs: !numpy.ndarray
#     buffer: !!binary |
#       U1ZQa09iSzFOa0E9
#     dtype: float64
#     order: C
#     shape: !!python/tuple []
# - {apertures: Photometry measured in a circular aperture of r=25.0 pixels.  Background calculated as the mean in a circular annulus
#     with r_inner=5.0 pixels and r_outer=12.0 pixels.}
# - {number_of_integrations: 7350}
# - __serialized_columns__:
#     annulus_mean:
#       __class__: astropy.units.quantity.Quantity
#       unit: &id001 !astropy.units.Unit {unit: Jy}
#       value: !astropy.table.SerializedColumn {name: annulus_mean}
#     annulus_mean_err:
#       __class__: astropy.units.quantity.Quantity
#       unit: *id001
#       value: !astropy.table.SerializedColumn {name: annulus_mean_err}
#     annulus_sum:
#       __class__: astropy.units.quantity.Quantity
#       unit: *id001
#       value: !astropy.table.SerializedColumn {name: annulus_sum}
#     annulus_sum_err:
#       __class__: astropy.units.quantity.Quantity
#       unit: *id001
#       value: !astropy.table.SerializedColumn {name: annulus_sum_err}
#     aperture_bkg:
#       __class__: astropy.units.quantity.Quantity
#       unit: *id001
#       value: !astropy.table.SerializedColumn {name: aperture_bkg}
#     aperture_bkg_err:
#       __class__: astropy.units.quantity.Quantity
#       unit: *id001
#       value: !astropy.table.SerializedColumn {name: aperture_bkg_err}
#     aperture_sum:
#       __class__: astropy.units.quantity.Quantity
#       unit: *id001
#       value: !astropy.table.SerializedColumn {name: aperture_sum}
#     aperture_sum_err:
#       __class__: astropy.units.quantity.Quantity
#       unit: *id001
#       value: !astropy.table.SerializedColumn {name: aperture_sum_err}
#     net_aperture_sum:
#       __class__: astropy.units.quantity.Quantity
#       unit: *id001
#       value: !astropy.table.SerializedColumn {name: net_aperture_sum}
#     net_aperture_sum_err:
#       __class__: astropy.units.quantity.Quantity
#       unit: *id001
#       value: !astropy.table.SerializedColumn {name: net_aperture_sum_err}
# schema: astropy-2.0
MJD aperture_sum aperture_sum_err annulus_sum annulus_sum_err annulus_mean annulus_mean_err aperture_bkg aperture_bkg_err net_aperture_sum net_aperture_sum_err
[from data line 781]
59866.29547433802 2.842843491168291 0.0006508066480220097 0.32544745022092303 0.00020025766684444887 0.000870530595282579 5.356638247116638e-07 1.7092828267905622 0.0010517734603174836 1.133560664377729 0.001236841422712652
59866.29550587598 2.847106190254628 0.0006511830980021122 0.32625913615085045 0.00020036527011909152 0.0008727017520554544 5.35951649804979e-07 1.713545883145223 0.0010523386035666573 1.1335603071094051 0.001237520086172443
59866.29553741395 2.846294821971851 0.0006510626039155689 0.3263303708082659 0.0002003956524836541 0.0008728922957167507 5.360329187714153e-07 1.7139200147492957 0.0010524981748091077 1.1323748072225552 0.0012375923893567801
59866.29556895191 2.8430358167490626 0.000650815991441233 0.325495271224178 0.00020026985746469554 0.0008706585103926905 5.356964330725313e-07 1.7095339875219433 0.0010518374866843253 1.1335018292271193 0.0012369007854755502
59866.29560048987 2.844006192683965 0.0006508972323481973 0.32588947340167956 0.00020034106469952993 0.000871712951151127 5.35886903381906e-07 1.7116043771096618 0.001052211474262237 1.1324018155743032 0.0012372615704238346
59866.29563202784 2.8472040550432682 0.0006511557365474905 0.32679426423026003 0.00020045423285636015 0.0008741331517029387 5.361896138282947e-07 1.7163564297807776 0.0010528058448338244 1.1308476252624906 0.0012379030415000068
59866.2956635658 2.84099358647674 0.0006506760153299604 0.3253169016736017 0.00020023024617889368 0.0008701813944990554 5.355904779139163e-07 1.7085971726554714 0.0010516294442168787 1.1323964138212688 0.0012366502192898265
59866.29569510376 2.8414496893666046 0.0006506611359131797 0.3253127156057389 0.00020021583721093635 0.0008701701972991816 5.355519357546682e-07 1.7085751870049313 0.0010515537668641616 1.1328745023616733 0.0012365780357074263
59866.29572664172 2.8456422142135436 0.0006509673308720236 0.3265640689532877 0.0002004411459548593 0.0008735174085734167 5.361546080289062e-07 1.7151474209731499 0.0010527371111074544 1.1304947932403937 0.0012377454871521508
59866.29575817969 2.844347020513593 0.00065091620466795 0.32581973920778873 0.00020031532209611186 0.0008715264210391899 5.358180451872499e-07 1.7112381260913274 0.0010520762715131927 1.1331088944222656 0.001237156573187254
59866.29578971765 2.844275122812789 0.000650932799238036 0.3256887030087978 0.00020031713270535044 0.0008711759158493852 5.358228883370033e-07 1.710549910760493 0.0010520857810154961 1.133725212052296 0.0012371733911375768
59866.29582125561 2.842390101355732 0.0006508016255958395 0.32563702472212736 0.00020029900568515775 0.0008710376829960386 5.357744008602438e-07 1.7102784911876436 0.0010519905760775093 1.1321116101680881 0.0012370234145051891
59866.29585279358 2.8439832212739793 0.0006508809021825684 0.32586288964240184 0.00020034137661710804 0.0008716418429713788 5.358877377218118e-07 1.71146475652522 0.0010522131124848112 1.1325184647487594 0.0012372543727588795
59866.29588433154 2.8411717227843694 0.0006507045295742864 0.32521758917259036 0.00020022988138084327 0.0008699157461722188 5.355895021254633e-07 1.7080755733854536 0.0010516275282607315 1.1330961493989158 0.0012366635933042862
59866.2959158695 2.843390560567531 0.0006508465259628551 0.3259245832876681 0.00020032697296102213 0.00087180686563695 5.358492097711452e-07 1.7117887777713663 0.0010521374630305786 1.1316017827961646 0.0012371719530729509
59866.29594740747 2.8434364444202664 0.0006508650732553567 0.32560104108690496 0.00020027892684364287 0.0008709414313419872 5.357206925093421e-07 1.7100895015068538 0.001051885119977116 1.1333469429134126 0.0012369671172723115
59866.295978945425 2.846774585903116 0.0006510926554805205 0.3263918382503076 0.00020039522469532967 0.0008730567133174255 5.360317744919794e-07 1.7142428479532963 0.0010524959280216895 1.1325317379498199 0.0012376062881720151
59866.29601048339 2.8460261392661734 0.0006510512828697675 0.32624851089770657 0.00020037651329028606 0.0008726733308527746 5.359817238599645e-07 1.7134900782442573 0.0010523976538355361 1.1325360610219162 0.0012375009473632377
59866.29604202136 2.841414056339902 0.0006506899566316498 0.325541100781799 0.00020026528638581373 0.0008707810986386586 5.356842060170808e-07 1.709774688980037 0.0010518134789170891 1.131639367359865 0.0012368140580107296
59866.296073559315 2.8469113647579727 0.0006511359273928769 0.32658965627128 0.0002004365435476631 0.0008735858513992812 5.361422971741938e-07 1.7152818081474792 0.0010527129388007517 1.1316295566104935 0.0012378136077214118
59866.29610509728 2.8404050182301805 0.0006506024628108089 0.3252501689955465 0.0002002391191773758 0.0008700028930607655 5.356142120579242e-07 1.7082466859009795 0.0010516760460996628 1.132158332329201 0.0012366511515198252
59866.29613663525 2.842214347451023 0.0006507615084519604 0.3255306436080998 0.000200266858903847 0.000870753127027146 5.356884123030992e-07 1.7097197668492636 0.001051821737940373 1.1324945806017592 0.0012368587264868116
59866.296168173205 2.8475950445026545 0.0006511924209251512 0.32656364800129933 0.00020044579701822125 0.0008735162825803115 5.361670490326825e-07 1.715145210090858 0.0010527615389612462 1.1324498344117966 0.0012378846581917117
59866.29619971117 2.843370940750953 0.0006508453160306901 0.3257023340892508 0.0002003059561204373 0.0008712123772583563 5.357929923918637e-07 1.7106215025695948 0.001052027080464482 1.132749438181358 0.0012370774443945336
59866.29623124913 2.8437186948246946 0.0006508939508306381 0.3258504979975194 0.00020033333776686216 0.0008716086968951422 5.358662348183932e-07 1.7113996743567197 0.0010521708916326794 1.132319020467975 0.0012372253313067208
59866.296262787095 2.843761499901933 0.0006509092900681831 0.3259954233552972 0.00020034626790113347 0.0008719963538206832 5.359008212853533e-07 1.7121608369500902 0.0010522388020017515 1.1316006629518427 0.001237291154229734
59866.29629432506 2.844077481182013 0.00065091727772428 0.3258563456468702 0.0002003089378540177 0.000871624338614464 5.358009681504906e-07 1.7114303868007892 0.001052042740829925 1.1326470943812237 0.001237128623455511
59866.29632586302 2.841856038109044 0.0006507582376368199 0.3255689814913378 0.0002002966707078739 0.0008708556759956335 5.357681550925676e-07 1.7099211212780348 0.0010519783125413546 1.131934916831009 0.0012369901591805556
59866.296357400985 2.8434811470301344 0.0006508754709717165 0.32531925778562254 0.00020021003532088118 0.0008701876967994687 5.355364164356505e-07 1.7086095471933958 0.0010515232947525275 1.1348715998367387 0.001236664917477594
59866.29638893895 2.8439980035968295 0.0006509260822830516 0.3254422501251746 0.0002002259541287596 0.0008705166856868997 5.355789972249274e-07 1.709255515363312 0.0010516069019367625 1.1347424882335175 0.0012367626452951261
59866.29642047691 2.841167895287515 0.000650661755444769 0.3258629274144772 0.00020031776177705136 0.0008716419440068831 5.358245710239069e-07 1.7114649549079686 0.0010520890849635052 1.1297029403795462 0.0012370336142149953
59866.296452014874 2.8414718003116253 0.0006507256051445669 0.3254794238879892 0.0002002529905102353 0.0008706161207811061 5.356513161115691e-07 1.7094507557142293 0.001051748899738631 1.132021044597396 0.001236777894891473
59866.29648355283 2.847778088900555 0.0006512616244547685 0.32642310483911496 0.00020042041970547256 0.000873140347471414 5.360991679441726e-07 1.7144070632306458 0.0010526282547556334 1.133371025669909 0.0012378077177806553
59866.2965150908 2.8418298918283322 0.0006507184328060174 0.32538669214076354 0.0002002610944996098 0.0008703680751348452 5.356729932538836e-07 1.7089637192266993 0.0010517914627080347 1.132866172601633 0.0012368103168307687
59866.296546628764 2.846234280548555 0.0006510661048177413 0.3264357033777311 0.00020043724239780537 0.0008731740469621113 5.361441665095654e-07 1.7144732320258986 0.001052716609232171 1.1317610485226564 0.0012377800015333199
59866.29657816672 2.8474238461716874 0.0006511729707474125 0.3267080084812035 0.0002004594596686411 0.0008739024285292842 5.362035948873053e-07 1.715903405888674 0.0010528332965789975 1.1315204402830135 0.0012379354539786838
59866.29660970469 2.8468654654472916 0.0006511552194661981 0.32615739425415013 0.0002003810514454271 0.0008724296054036998 5.3599386284859e-07 1.713011524444066 0.001052421488683966 1.1338539410032256 0.0012375759005741214
59866.296641242654 2.840124183806776 0.000650590289694403 0.32527860202204933 0.00020020651436363613 0.0008700789477954713 5.355269983222057e-07 1.7083960190233687 0.0010515048023300218 1.1317281647834072 0.0012364991202454393
59866.29667278061 2.843340630639937 0.0006508279225193934 0.3257762998262326 0.00020031030085983207 0.0008714102262106266 5.358046140179329e-07 1.7110099780789527 0.001052049899473908 1.1323306525609844 0.0012370876992816512
59866.29670431858 2.8464394778602715 0.0006511025539290479 0.32649439747812214 0.00020044621882288268 0.0008733310462261041 5.361681773065798e-07 1.7147814993598853 0.001052763754321863 1.1316579785003862 0.001237839269916249
59866.29673585654 2.845956979145579 0.0006510080729597684 0.32633523715167456 0.00020040090343257757 0.0008729053125673099 5.36046964392879e-07 1.713945573275602 0.0010525257533223614 1.132011405869977 0.0012375871575228937
59866.2967673945 2.844005006806034 0.0006508921650918666 0.32546635405496205 0.00020027330331688533 0.0008705811606377168 5.357056502894921e-07 1.7093821116332042 0.001051855584647507 1.1346228951728299 0.00123695625691943
59866.29679893247 2.8453762217147864 0.000650979686315044 0.3261003925431878 0.00020035090627462896 0.0008722771330664838 5.359132283453484e-07 1.71271214571002 0.001052263163207085 1.1326640760047664 0.0012373489065891695
59866.296830470426 2.847166223157772 0.0006511381638627205 0.3263771751312319 0.0002003904277683615 0.0008730174913362147 5.360189433215822e-07 1.7141658357732767 0.001052470734077529 1.1330003873844952 0.0012376088051271321
59866.29686200839 2.843123716928659 0.0006508193286051535 0.3255532096917 0.00020027710125763057 0.0008708134884347292 5.357158092986211e-07 1.7098382861959034 0.0010518755318152868 1.1332854307327556 0.001236934894373085
59866.29689354636 2.8431487849123345 0.0006508439758780142 0.3256358186247731 0.0002002746908546276 0.0008710344568387986 5.357093617767258e-07 1.710272156642716 0.001051862872135649 1.1328766282696185 0.0012369370973150404
59866.296925084316 2.8427302922397217 0.0006508436184061054 0.3255066699832108 0.00020026162504664012 0.0008706890006253828 5.356744123998066e-07 1.7095938549538383 0.0010517942491945385 1.1331364372858834 0.0012368785543692862
59866.29695662228 2.843971969610123 0.000650917566680522 0.32601066291390374 0.00020036883104681101 0.0008720371177044274 5.359611748343664e-07 1.7122408766486543 0.0010523573059181251 1.1317310929614688 0.0012373962897683775
59866.29698816024 2.8397240024029635 0.0006505301734221207 0.32508816222726955 0.00020017714302115298 0.0008695695455315954 5.354484337114252e-07 1.707395810017172 0.0010513505410774842 1.1323281923857915 0.0012363363081122115
59866.297019698206 2.8458470918389276 0.0006510695635361312 0.3260392452792198 0.00020033284979091353 0.0008721135719014913 5.35864929544707e-07 1.7123909941135493 0.0010521683287337898 1.1334560977253783 0.001237315549305667
59866.29705123617 2.8413074404588055 0.0006507045697058963 0.3256053764877541 0.00020027439894333387 0.000870953027988633 5.357085809510899e-07 1.710112271469297 0.001051861338988098 1.1311951689895086 0.0012368624472810104
59866.29708277413 2.8463905556378992 0.0006510893831570949 0.3264821635720441 0.0002004302941529768 0.0008732983220811353 5.361255808371238e-07 1.7147172456514923 0.001052680116349668 1.131673309986407 0.001237761209691852
59866.297114312096 2.847917019533174 0.0006512696655965551 0.3266223250418201 0.000200450244050597 0.000873673236211318 5.36178944279484e-07 1.7154533878246856 0.001052784895223724 1.1324636317084884 0.0012379451574837537
59866.29714585006 2.8429300768015615 0.0006507711495351376 0.32566954709157364 0.00020028552381256588 0.0008711246762037434 5.357383385633509e-07 1.7104493019515423 0.0010519197679231403 1.1324807748500192 0.0012369471642777463
59866.29717738802 2.8466190928516792 0.0006511139478926476 0.32639473449636425 0.00020043236003949933 0.000873064460407784 5.361311068211899e-07 1.7142580593296444 0.0010526909665940093 1.1323610335220349 0.0012377833591905244
59866.297208925986 2.84749019766893 0.0006511864760739361 0.3265160736001804 0.00020042546843656762 0.0008733890270995938 5.361126726586283e-07 1.714895344538763 0.0010526547712004601 1.1325948531301673 0.0012377907310820693
59866.297240463944 2.8411577139532174 0.0006506575460925967 0.32538416225348543 0.00020023831980343562 0.0008703613080076894 5.356120738341603e-07 1.7089504320036002 0.0010516718477071201 1.1322072819496172 0.0012366765614124607
59866.29727200191 2.84184414569181 0.0006507223708915764 0.32544783287831347 0.00020026945364488057 0.0008705316188424983 5.356953529058142e-07 1.7092848365457642 0.0010518353657819359 1.132559309146046 0.0012368497243757518
59866.297303539875 2.8436108292618774 0.0006508449290644388 0.3259730753330722 0.00020035514995178202 0.0008719365756995835 5.359245796427567e-07 1.7120434628837826 0.0010522854514274265 1.1315673663780947 0.0012372969704055358
59866.297335077834 2.8462556434343944 0.0006510720258900468 0.32629425447178795 0.00020037290948697018 0.0008727956891036947 5.359720841438023e-07 1.7137303281081302 0.0010523787262971124 1.1325253153262642 0.0012374957642187314
59866.2973666158 2.8409279294280476 0.0006506191110270964 0.32564599622607426 0.00020028961876949607 0.0008710616806296541 5.357492920530515e-07 1.7103256104310625 0.0010519412750498744 1.1306023189969852 0.0012368854731895126
59866.29739815376 2.8424527325755857 0.0006507658726587545 0.3258893183719418 0.0002003436218139808 0.0008717125364662683 5.358937433382911e-07 1.7116035628778457 0.0010522249044851934 1.13084916969774 0.0012372038921035547
59866.297429691724 2.8459566272131758 0.0006510691115349006 0.32612539736872237 0.0002003694629413861 0.0008723440177990045 5.359628650720998e-07 1.7128434735752227 0.001052360624692154 1.133113153637953 0.0012374788371512886
59866.29746122969 2.8411995564492525 0.0006506906202057343 0.3253186666711026 0.00020023273488299688 0.0008701861156432035 5.355971348813099e-07 1.708606442600329 0.0010516425151417905 1.1325931138489236 0.0012366690191306137
59866.29749276765 2.8465583843691866 0.0006510954506558107 0.3263837960869149 0.0002004208657907716 0.00087303520155176 5.361003611656916e-07 1.7142006097001834 0.0010526305976406073 1.1323577746690032 0.0012377222874917924
59866.29752430561 2.84359803328429 0.0006508384830828759 0.3259678987536653 0.00020035303158070754 0.0008719227290071312 5.359189132691802e-07 1.7120162749667296 0.0010522743255289263 1.1315817583175605 0.0012372841174237126
59866.29755584358 2.8433047586139093 0.0006508464474074785 0.3256837147161462 0.00020026798127030716 0.0008711625728000896 5.356914144908319e-07 1.7105237117444654 0.0010518276327222014 1.132781046869444 0.0012369084311544352
59866.29758738154 2.8425059985498304 0.0006507467742380134 0.32587002858577396 0.00020032055501686554 0.0008716609387382045 5.358320425856492e-07 1.7115022509757036 0.0010521037553406804 1.1310037475741268 0.0012370908116153569
59866.2976189195 2.843687945031079 0.0006508961201655198 0.32580840772977 0.0002003005336247838 0.0008714961107746652 5.357784879046847e-07 1.711178612026103 0.0010519986009705033 1.1325093330049758 0.0012370799552536703
59866.29765045746 2.8395540127167083 0.0006505150727856862 0.3252637679393074 0.00020023709458715208 0.0008700392685081667 5.356087965362127e-07 1.7083181089249337 0.0010516654127476475 1.1312359037917745 0.0012365961346741492
