HATP14b/Results/ROEBA_Results/506090_radii/HATP14b_WLP8_nrca3_level3_asn_phot.ecsv
# %ECSV 0.9
# ---
# datatype:
# - {name: MJD, datatype: float64}
# - {name: aperture_sum, unit: Jy, datatype: float64}
# - {name: aperture_sum_err, unit: Jy, datatype: float64}
# - {name: annulus_sum, unit: Jy, datatype: float64}
# - {name: annulus_sum_err, unit: Jy, datatype: float64}
# - {name: annulus_mean, unit: Jy, datatype: float64}
# - {name: annulus_mean_err, unit: Jy, datatype: float64}
# - {name: aperture_bkg, unit: Jy, datatype: float64}
# - {name: aperture_bkg_err, unit: Jy, datatype: float64}
# - {name: net_aperture_sum, unit: Jy, datatype: float64}
# - {name: net_aperture_sum_err, unit: Jy, datatype: float64}
# meta: !!omap
# - {instrument: NIRCAM}
# - {detector: NRCA3}
# - {channel: SHORT}
# - {subarray: SUBGRISM128}
# - {filter: F210M}
# - {pupil: WLP8}
# - {target_name: UNKNOWN}
# - {xcenter: 1051.8}
# - {ycenter: 56.2973}
# - ra_icrs: !numpy.ndarray
#     buffer: !!binary |
#       ZllmeEdOeEJjRUE9
#     dtype: float64
#     order: C
#     shape: !!python/tuple []
# - dec_icrs: !numpy.ndarray
#     buffer: !!binary |
#       ZXo0UCtmd2VRMEE9
#     dtype: float64
#     order: C
#     shape: !!python/tuple []
# - {apertures: Photometry measured in a circular aperture of r=50.0 pixels.  Background calculated as the mean in a circular annulus
#     with r_inner=60.0 pixels and r_outer=90.0 pixels.}
# - {number_of_integrations: 669}
# - __serialized_columns__:
#     annulus_mean:
#       __class__: astropy.units.quantity.Quantity
#       unit: &id001 !astropy.units.Unit {unit: Jy}
#       value: !astropy.table.SerializedColumn {name: annulus_mean}
#     annulus_mean_err:
#       __class__: astropy.units.quantity.Quantity
#       unit: *id001
#       value: !astropy.table.SerializedColumn {name: annulus_mean_err}
#     annulus_sum:
#       __class__: astropy.units.quantity.Quantity
#       unit: *id001
#       value: !astropy.table.SerializedColumn {name: annulus_sum}
#     annulus_sum_err:
#       __class__: astropy.units.quantity.Quantity
#       unit: *id001
#       value: !astropy.table.SerializedColumn {name: annulus_sum_err}
#     aperture_bkg:
#       __class__: astropy.units.quantity.Quantity
#       unit: *id001
#       value: !astropy.table.SerializedColumn {name: aperture_bkg}
#     aperture_bkg_err:
#       __class__: astropy.units.quantity.Quantity
#       unit: *id001
#       value: !astropy.table.SerializedColumn {name: aperture_bkg_err}
#     aperture_sum:
#       __class__: astropy.units.quantity.Quantity
#       unit: *id001
#       value: !astropy.table.SerializedColumn {name: aperture_sum}
#     aperture_sum_err:
#       __class__: astropy.units.quantity.Quantity
#       unit: *id001
#       value: !astropy.table.SerializedColumn {name: aperture_sum_err}
#     net_aperture_sum:
#       __class__: astropy.units.quantity.Quantity
#       unit: *id001
#       value: !astropy.table.SerializedColumn {name: net_aperture_sum}
#     net_aperture_sum_err:
#       __class__: astropy.units.quantity.Quantity
#       unit: *id001
#       value: !astropy.table.SerializedColumn {name: net_aperture_sum_err}
# schema: astropy-2.0
MJD aperture_sum aperture_sum_err annulus_sum annulus_sum_err annulus_mean annulus_mean_err aperture_bkg aperture_bkg_err net_aperture_sum net_aperture_sum_err
59650.41916485452 0.13969578527135734 2.1370532389611292e-05 0.013957626081269206 5.5065424575482005e-06 9.873000820721576e-07 3.895082006507508e-10 0.007754236711816225 3.059190254193445e-06 0.13194154855954113 2.1588383441721094e-05
59650.41948562732 0.13965706125506944 2.1369059172359305e-05 0.013943143034936885 5.506233892780296e-06 9.862756161100163e-07 3.894863741582726e-10 0.007746190574964936 3.0590188293223865e-06 0.13191087068010451 2.1586900799094398e-05
59650.41980640012 0.13964417661416428 2.136555933822082e-05 0.013965751946519755 5.506386958923499e-06 9.878748694595013e-07 3.8949720137307736e-10 0.007758751081399863 3.0591038660686104e-06 0.13188542553276442 2.1583448341227377e-05
59650.42012717292 0.13964779914842218 2.136737829545705e-05 0.013972311438811067 5.507268016195768e-06 9.883388586249837e-07 3.8955952342642346e-10 0.007762395243783925 3.059593342330982e-06 0.13188540390463827 2.158531831226042e-05
59650.42044794572 0.13967183050625046 2.136902130523914e-05 0.013973537785844788 5.5076230433468e-06 9.884256049327006e-07 3.895846364602095e-10 0.007763076547691549 3.0597905796371112e-06 0.13190875395855892 2.1586972690375097e-05
59650.42076871852 0.1396827501439738 2.1370175534016627e-05 0.013972666734177512 5.5213669341468635e-06 9.883639906311293e-07 3.9055681786382964e-10 0.007762592630098618 3.0674260745260354e-06 0.13192015751387517 2.1589198805823366e-05
59650.42108949132 0.13964510652334572 2.136655305566855e-05 0.013974728596284824 5.508582280150748e-06 9.885098375406194e-07 3.896524885841846e-10 0.007763738109047125 3.0603234889726376e-06 0.1318813684142986 2.158460491502814e-05
59650.42141026412 0.13970071597604947 2.1371236545393254e-05 0.013967299364926373 5.506519450831424e-06 9.879843269210323e-07 3.8950657325844006e-10 0.007759610758292429 3.0591774726841247e-06 0.13194110521775704 2.1589078680863853e-05
59650.42173103692 0.1396922647950284 2.1370742668568072e-05 0.013986342834476261 5.5074535854391805e-06 9.893313768376922e-07 3.8957264976525674e-10 0.007770190463597923 3.0596964363551002e-06 0.13192207433143047 2.1588663332610476e-05
59650.42205180972 0.13966116889674826 2.136804965975637e-05 0.013974160486576154 5.506934138306131e-06 9.88469651999129e-07 3.8953590639685684e-10 0.007763422492542308 3.059407854614517e-06 0.13189774640420596 2.1585956608005385e-05
59650.42237258252 0.13966103746588884 2.1367298184178806e-05 0.013960230945385812 5.50596200625471e-06 9.87484338516709e-07 3.894671421207139e-10 0.007755683858547673 3.0588677812526165e-06 0.13190535360734118 2.1585136177351216e-05
59650.42269335532 0.13965908683821832 2.136813464015836e-05 0.013966258126914906 5.50678941115555e-06 9.879106743981613e-07 3.8952566904511707e-10 0.007759032292730504 3.059327450641972e-06 0.1319000545454878 2.158602933497004e-05
59650.42301412812 0.1396948981739025 2.1371596843130585e-05 0.013963860295190126 5.506367577105724e-06 9.877410624996272e-07 3.894958303899196e-10 0.007757700163994514 3.059093098392069e-06 0.13193719800990797 2.1589423387620596e-05
59650.42333490092 0.1396914130339003 2.136958253748407e-05 0.013984621394405356 5.507272696786088e-06 9.892096098614607e-07 3.8955985451046166e-10 0.007769234108002976 3.0595959426589376e-06 0.13192217892589733 2.1587500669569858e-05
59650.42365567372 0.1397034869272214 2.1371833568580608e-05 0.013956993868760339 5.505807478276849e-06 9.87255362185104e-07 3.894562115022594e-10 0.007753885482644633 3.058781932376027e-06 0.13194960144457676 2.158961363695374e-05
59650.42397644653 0.13969297642330097 2.1370888198630405e-05 0.013967321337434746 5.5062405504997095e-06 9.879858811580634e-07 3.8948684509558566e-10 0.007759622965241526 3.059022528055394e-06 0.13193335345805945 2.158871189361493e-05
59650.42429721933 0.13967401124068035 2.1368715086136497e-05 0.013958244432590581 5.506719540924361e-06 9.87343821480764e-07 3.8952072673726425e-10 0.007754580240328101 3.0592886338468668e-06 0.13191943100035225 2.158659842072535e-05
59650.42461799213 0.13968441766962475 2.136942684586227e-05 0.013967372940243953 5.506833799258368e-06 9.879895313101355e-07 3.8952880886110725e-10 0.007759651633468862 3.059352110699093e-06 0.13192476603615588 2.1587311992415777e-05
59650.42493876493 0.13969931778361577 2.1370841781872272e-05 0.01396940362225512 5.507284186634985e-06 9.881331726789913e-07 3.89560667251016e-10 0.007760779790141734 3.059602325908325e-06 0.13193853799347405 2.158874810771855e-05
59650.42525953773 0.13967806397255852 2.1369108447324846e-05 0.013972197691122545 5.506431783867418e-06 9.8833081262192e-07 3.895003720892545e-10 0.007762332050623637 3.0591287688152318e-06 0.1319157319219349 2.1586965156263236e-05
59650.42558031053 0.13963623248025497 2.1366249949417207e-05 0.013974202019329831 5.506847704572087e-06 9.884725898404836e-07 3.895297924608466e-10 0.007763445566294351 3.059359835873381e-06 0.13187278691396062 2.1584168260702702e-05
59650.425901083334 0.13971140224467987 2.1370726557099464e-05 0.013974842913274131 5.5071937724610776e-06 9.88517923813476e-07 3.8955427175648144e-10 0.007763801618485628 3.05955209581171e-06 0.13194760062619423 2.1588626927280533e-05
59650.426221856134 0.1397170144183385 2.137188681810074e-05 0.013974284763751895 5.507947002206005e-06 9.884784428110547e-07 3.8960755186189873e-10 0.00776349153541772 3.0599705567811133e-06 0.13195352288292078 2.1589834783389972e-05
59650.426542628935 0.13969081945080208 2.137062235961381e-05 0.013979614962373522 5.507223843896036e-06 9.88855477236963e-07 3.89556398875379e-10 0.007766452756874179 3.0595688021644646e-06 0.1319243666939279 2.1588526149147e-05
59650.426863401735 0.13964478159432286 2.136889719286703e-05 0.013977322010399564 5.508588628912813e-06 9.886932840632172e-07 3.8965293766723576e-10 0.0077651788946664245 3.0603270160626736e-06 0.13187960269965643 2.1586925873884024e-05
59650.427184174536 0.13968904548751576 2.1369824880117206e-05 0.013979025164725139 5.507193560410788e-06 9.888137575875565e-07 3.8955425675699174e-10 0.007766125091513965 3.059551978005993e-06 0.13192292039600179 2.158773433487166e-05
59650.427504947336 0.13967979682666842 2.1368802852033884e-05 0.01394930409064327 5.50616447377205e-06 9.867114216523878e-07 3.89481463767914e-10 0.007749613383690706 3.0589802632066946e-06 0.13193018344297772 2.158664160029947e-05
59650.42782572014 0.13972901090368356 2.1372989297750014e-05 0.01397728071607824 5.507374412856952e-06 9.886903630875015e-07 3.895670494506705e-10 0.0077651559533767995 3.0596524515871955e-06 0.13196385495030677 2.1590881053033483e-05
59650.42814649294 0.1396723123986292 2.1369004132007184e-05 0.013971868519209372 5.506998269546773e-06 9.88307528472094e-07 3.895404427541701e-10 0.007762149177338539 3.0594434830815402e-06 0.13191016322129068 2.158690649490821e-05
59650.42846726574 0.13967057524585397 2.136925083491455e-05 0.013968591413687326 5.509008171474034e-06 9.880757206752641e-07 3.8968261423277164e-10 0.007760328563159626 3.060560095263352e-06 0.13191024668269435 2.1587308987972878e-05
59650.42878803854 0.13964951945859372 2.1367667388134273e-05 0.013968431657043031 5.5074974133570515e-06 9.880644202043169e-07 3.895757499562677e-10 0.00776023980946835 3.059720785198362e-06 0.13188927964912536 2.1585622550515233e-05
59650.429108811346 0.13967456385573412 2.136886458224537e-05 0.013985479341096308 5.506973797559945e-06 9.892702971755824e-07 3.8953871171520524e-10 0.007769710745053503 3.059429887533303e-06 0.13190485311068062 2.1586766426935568e-05
59650.42942958415 0.1396177255789561 2.1367280162007374e-05 0.013979860731977448 5.50739386507913e-06 9.888728618802192e-07 3.8956842541392107e-10 0.007766589295543027 3.0596632583772943e-06 0.13185113628341308 2.1585231079985636e-05
59650.42975035695 0.13967740394379757 2.1368664203737352e-05 0.013952025979590011 5.506063030721807e-06 9.869039559103528e-07 3.8947428813996355e-10 0.007751125544216674 3.0589239059565597e-06 0.1319262783995809 2.1586496364962024e-05
59650.43007112975 0.1397010915333975 2.137101051417701e-05 0.013974514737624781 5.507200786818209e-06 9.884947101348998e-07 3.8955476792075256e-10 0.007763619298680433 3.0595559926767826e-06 0.13193747223471705 2.1588908570592182e-05
59650.43039190255 0.13966325185630796 2.1375992311665154e-05 0.01396566958879131 5.507770226527012e-06 9.878690438419085e-07 3.895950475405076e-10 0.007758705327106283 3.0598723480705623e-06 0.13190454652920167 2.1593884923627212e-05
59650.43071267535 0.13965974915307933 2.1368501949859928e-05 0.013967984875926915 5.507106194730625e-06 9.88032816905157e-07 3.895480768992786e-10 0.007759991597737176 3.059503441517014e-06 0.13189975755534214 2.1586417879996255e-05
59650.43103344815 0.1396733090319287 2.1369144185568878e-05 0.013966312166923792 5.506673212461412e-06 9.879144969468452e-07 3.895174496688713e-10 0.007759062314957662 3.0592628958118953e-06 0.13191424671697105 2.1587019541597763e-05
59650.43135422095 0.1396842992846976 2.1369770651968545e-05 0.013968849512548533 5.507352821156644e-06 9.880939774350719e-07 3.895655221503e-10 0.007760471951415852 3.0596404561981355e-06 0.13192382733328176 2.158769319401544e-05
59650.43167499375 0.13967694329141406 2.1369967738361402e-05 0.01399005712257114 5.507365504915375e-06 9.895941089756331e-07 3.8956641934269954e-10 0.007772253956983966 3.059647502730764e-06 0.1319046893344301 2.1587889289589516e-05
59650.43199576655 0.1396666815846247 2.136856592501411e-05 0.013968092036214198 5.5108912005955034e-06 9.88040396944901e-07 3.898158112961796e-10 0.00776005113123011 3.0616062225530574e-06 0.1319066304533946 2.158677934184833e-05
59650.43231653935 0.13964188221263002 2.1365590966154474e-05 0.013969814765864 5.506873220489898e-06 9.881622551401796e-07 3.8953159734282315e-10 0.007761008203257778 3.0593740113832766e-06 0.13188087400937223 2.1583517940191055e-05
59650.43263731215 0.1396816674281687 2.1368711485468248e-05 0.01396155296587891 5.506976783396737e-06 9.87577852337307e-07 3.89538922919954e-10 0.007756418314377173 3.0594315463315204e-06 0.13192524911379153 2.1586615110662234e-05
59650.43295808495 0.13964442325769133 2.136702361164925e-05 0.01395739647709938 5.50640653286708e-06 9.872838408994542e-07 3.8949858594635594e-10 0.007754109153944099 3.059114740481711e-06 0.13189031410374724 2.158489937470659e-05
59650.43327885775 0.1396693078349442 2.1368282451101735e-05 0.013977603123795979 5.506988486159964e-06 9.887131687683767e-07 3.8953975072111636e-10 0.007765335068775544 3.0594380478666464e-06 0.13190397276616864 2.1586191328689653e-05
59650.43359963055 0.13967719811700796 2.1368746788343132e-05 0.013965276748959492 5.506039634158924e-06 9.878412561080965e-07 3.8947263317168166e-10 0.007758487082755274 3.0589109078660687e-06 0.13191871103425268 2.158657627430962e-05
59650.43392040335 0.1396713631896901 2.136918903023817e-05 0.013968675060423354 5.509119911337156e-06 9.880816374714917e-07 3.896905182112411e-10 0.007760375033568529 3.0606221729650864e-06 0.13191098815612157 2.1587256608835152e-05
59650.43424117616 0.1396773269185445 2.1368953922430328e-05 0.013971435115811032 5.507895164532958e-06 9.882768714528945e-07 3.896038850966082e-10 0.0077619083976727945 3.0599417580738657e-06 0.1319154185208717 2.158692741688253e-05
59650.43456194896 0.139660292801718 2.1367906670695537e-05 0.013962577667224738 5.509014528142175e-06 9.876503351303652e-07 3.896830638750633e-10 0.007756987592902631 3.060563626745653e-06 0.13190330520881535 2.1585978903003525e-05
59650.43488272176 0.1396877644067922 2.137028024009874e-05 0.013964589106687908 5.505862291134237e-06 9.877926153673848e-07 3.8946008871879195e-10 0.007758105059271061 3.058812383963465e-06 0.13192965934752116 2.1588080293084024e-05
59650.43520349456 0.13968082608990826 2.136939730959901e-05 0.013977890800975029 5.507744836360878e-06 9.887335177661814e-07 3.895932515536426e-10 0.007765494889430572 3.0598582424227097e-06 0.1319153312004777 2.158735448912672e-05
59650.43552426736 0.13967482853837948 2.136899041670473e-05 0.013979075951488807 5.506724898453082e-06 9.88817350016215e-07 3.8952110570489925e-10 0.007766153306382671 3.059291610251712e-06 0.1319086752319968 2.158687139410839e-05
59650.43584504016 0.13964916189663817 2.1367439607961142e-05 0.013973210630591405 5.506516793591962e-06 9.884024634323742e-07 3.8950638529719763e-10 0.007762894794773002 3.0591759964399786e-06 0.13188626710186518 2.158531985348054e-05
59650.436165812964 0.13967854175496483 2.136985896838417e-05 0.01399322548775888 5.50710564484091e-06 9.89818224967255e-07 3.8954803800253803e-10 0.007774014159866043 3.0595031360227276e-06 0.1319045275950988 2.158776115691394e-05
59650.436486585764 0.13963370091767505 2.1365622308815447e-05 0.013975920091464263 5.507158993166858e-06 9.885941185839428e-07 3.895518116246626e-10 0.007764400050813479 3.059532773981588e-06 0.13186930086686158 2.1583571470866905e-05
59650.436807358565 0.13969817063412177 2.1370160653593714e-05 0.013967047534614037 5.506626784010971e-06 9.879665135703529e-07 3.895141655278101e-10 0.007759470852563353 3.0592371022283173e-06 0.13193869978155842 2.158802209578393e-05
59650.437128131365 0.1397249623586127 2.1371724277547536e-05 0.013974986711431728 5.5069278895627005e-06 9.885280954524044e-07 3.895354643886768e-10 0.007763881506350959 3.059404383090389e-06 0.13196108085226174 2.158959364542991e-05
59650.437448904166 0.13966258946625576 2.136788950961705e-05 0.013985855412808336 5.507365486895527e-06 9.892968988075497e-07 3.89566418068056e-10 0.0077699196737824085 3.059647492719737e-06 0.13189266979247335 2.1585832040366395e-05
59650.437769676966 0.1396785849229481 2.1369451954553147e-05 0.013960787498379448 5.507436515398434e-06 9.875237065878333e-07 3.895714423068729e-10 0.007755993054655249 3.0596869529991298e-06 0.13192259186829286 2.1587384303993578e-05
59650.43809044977 0.13966361917625636 2.1368438723977984e-05 0.013979967894599172 5.507024416726839e-06 9.888804420850912e-07 3.8954229228881697e-10 0.007766648830332874 3.0594580092926886e-06 0.1318969703459235 2.158634885317633e-05
59650.43841122257 0.1396924932047529 2.1371063344527814e-05 0.013980090070388532 5.506910007443972e-06 9.888890842543369e-07 3.895341994875263e-10 0.0077667167057714065 3.059394448579984e-06 0.13192577649898152 2.158893797452349e-05
59650.43873199537 0.13967150964690295 2.1368267903918182e-05 0.01397725280998309 5.506946637621643e-06 9.886883891350635e-07 3.895367905425675e-10 0.007765140449990606 3.0594147986786902e-06 0.13190636919691234 2.1586173633230928e-05
59650.43905276817 0.13963150332036492 2.136592994541488e-05 0.013963290072399853 5.506536456477014e-06 9.877007274881892e-07 3.895077761617983e-10 0.0077573833735554735 3.0591869202650077e-06 0.13187411994680945 2.1583826978677733e-05
59650.439373540976 0.13969768776275399 2.1371319540727502e-05 0.013981134033495608 5.507224409574065e-06 9.88962929538291e-07 3.895564388889143e-10 0.007767296685275338 3.059569116430036e-06 0.13193039107747864 2.1589216338026113e-05
59650.439694313776 0.13968272252736333 2.136897676127167e-05 0.013964029760458314 5.5067013752220105e-06 9.877530497152337e-07 3.895194417766759e-10 0.00775779431136573 3.0592785417900057e-06 0.1319249282159976 2.158685602444287e-05
59650.44001508658 0.13967514612318954 2.1369055852533344e-05 0.013953238049431927 5.50762174931709e-06 9.869896923133365e-07 3.8958454492633175e-10 0.00775179891635107 3.0597898607317166e-06 0.13192334720683846 2.1587006786966234e-05
59650.44033585938 0.13969159323633154 2.1369993828854483e-05 0.013970544099208344 5.506858898331531e-06 9.882138449210303e-07 3.8953058425735654e-10 0.00776141338844908 3.0593660546286282e-06 0.13193017984788247 2.1587875228968058e-05
59650.44065663218 0.13962878101580195 2.1365515608327928e-05 0.013973025353672975 5.507116010189372e-06 9.883893577713035e-07 3.8954877120095785e-10 0.007762791863151652 3.059508894549651e-06 0.1318659891526503 2.1583462462856435e-05
