HATP14b/Results/ROEBA_Results/506090_radii/HATP14b_WLP8_nrca3_level3_asn_phot.ecsv
# %ECSV 0.9
# ---
# datatype:
# - {name: MJD, datatype: float64}
# - {name: aperture_sum, unit: Jy, datatype: float64}
# - {name: aperture_sum_err, unit: Jy, datatype: float64}
# - {name: annulus_sum, unit: Jy, datatype: float64}
# - {name: annulus_sum_err, unit: Jy, datatype: float64}
# - {name: annulus_mean, unit: Jy, datatype: float64}
# - {name: annulus_mean_err, unit: Jy, datatype: float64}
# - {name: aperture_bkg, unit: Jy, datatype: float64}
# - {name: aperture_bkg_err, unit: Jy, datatype: float64}
# - {name: net_aperture_sum, unit: Jy, datatype: float64}
# - {name: net_aperture_sum_err, unit: Jy, datatype: float64}
# meta: !!omap
# - {instrument: NIRCAM}
# - {detector: NRCA3}
# - {channel: SHORT}
# - {subarray: SUBGRISM128}
# - {filter: F210M}
# - {pupil: WLP8}
# - {target_name: UNKNOWN}
# - {xcenter: 1051.8}
# - {ycenter: 56.2973}
# - ra_icrs: !numpy.ndarray
#     buffer: !!binary |
#       ZllmeEdOeEJjRUE9
#     dtype: float64
#     order: C
#     shape: !!python/tuple []
# - dec_icrs: !numpy.ndarray
#     buffer: !!binary |
#       ZXo0UCtmd2VRMEE9
#     dtype: float64
#     order: C
#     shape: !!python/tuple []
# - {apertures: Photometry measured in a circular aperture of r=50.0 pixels.  Background calculated as the mean in a circular annulus
#     with r_inner=60.0 pixels and r_outer=90.0 pixels.}
# - {number_of_integrations: 669}
# - __serialized_columns__:
#     annulus_mean:
#       __class__: astropy.units.quantity.Quantity
#       unit: &id001 !astropy.units.Unit {unit: Jy}
#       value: !astropy.table.SerializedColumn {name: annulus_mean}
#     annulus_mean_err:
#       __class__: astropy.units.quantity.Quantity
#       unit: *id001
#       value: !astropy.table.SerializedColumn {name: annulus_mean_err}
#     annulus_sum:
#       __class__: astropy.units.quantity.Quantity
#       unit: *id001
#       value: !astropy.table.SerializedColumn {name: annulus_sum}
#     annulus_sum_err:
#       __class__: astropy.units.quantity.Quantity
#       unit: *id001
#       value: !astropy.table.SerializedColumn {name: annulus_sum_err}
#     aperture_bkg:
#       __class__: astropy.units.quantity.Quantity
#       unit: *id001
#       value: !astropy.table.SerializedColumn {name: aperture_bkg}
#     aperture_bkg_err:
#       __class__: astropy.units.quantity.Quantity
#       unit: *id001
#       value: !astropy.table.SerializedColumn {name: aperture_bkg_err}
#     aperture_sum:
#       __class__: astropy.units.quantity.Quantity
#       unit: *id001
#       value: !astropy.table.SerializedColumn {name: aperture_sum}
#     aperture_sum_err:
#       __class__: astropy.units.quantity.Quantity
#       unit: *id001
#       value: !astropy.table.SerializedColumn {name: aperture_sum_err}
#     net_aperture_sum:
#       __class__: astropy.units.quantity.Quantity
#       unit: *id001
#       value: !astropy.table.SerializedColumn {name: net_aperture_sum}
#     net_aperture_sum_err:
#       __class__: astropy.units.quantity.Quantity
#       unit: *id001
#       value: !astropy.table.SerializedColumn {name: net_aperture_sum_err}
# schema: astropy-2.0
MJD aperture_sum aperture_sum_err annulus_sum annulus_sum_err annulus_mean annulus_mean_err aperture_bkg aperture_bkg_err net_aperture_sum net_aperture_sum_err
[from data line 549]
59650.59526912222 0.13966019458534995 2.1368661433796212e-05 0.013988722946375782 5.506851355163812e-06 9.894997353149902e-07 3.8953005068738814e-10 0.007771512747986545 3.0593618639798957e-06 0.1318886818373634 2.1586555688367336e-05
59650.59558989502 0.13967983035973108 2.1368550876028837e-05 0.013964270506132737 5.5067110152353015e-06 9.877700789881725e-07 3.895201236681278e-10 0.0077579280589626315 3.059283897352945e-06 0.13192190230076845 2.1586435196809033e-05
59650.59591066783 0.13967585724829434 2.1368702308163532e-05 0.013974454579610857 5.507341155045364e-06 9.884904548258853e-07 3.8956469694173243e-10 0.007763585877561587 3.0596339750252018e-06 0.13191227137073275 2.1586634716788117e-05
59650.59623144063 0.13967143164151954 2.136924794094435e-05 0.013974685717351673 5.5072261698815274e-06 9.885068044765459e-07 3.895565634051961e-10 0.007763714287417596 3.0595700943786263e-06 0.13190771735410195 2.1587165787197967e-05
59650.59655221343 0.13968629039688754 2.1371486821514923e-05 0.013964066392023675 5.506817253057557e-06 9.877556408684338e-07 3.8952763845681907e-10 0.007757814662235374 3.0593429183653093e-06 0.13192847573465216 2.1589349875675692e-05
59650.59687298623 0.13965763088180258 2.1368607503360594e-05 0.013961631371053326 5.506826503980656e-06 9.875833983688945e-07 3.8952829282576993e-10 0.007756461872807403 3.0593480577670313e-06 0.13190116900899518 2.158650034561512e-05
59650.59719375903 0.1397129720349871 2.13718525866768e-05 0.013974025417345038 5.505945610272702e-06 9.884600978054438e-07 3.894659823422324e-10 0.007763347454080576 3.0588586723737237e-06 0.1319496245809065 2.1589643335733914e-05
59650.59751453183 0.13968976911146663 2.137029076979723e-05 0.013967119149925815 5.50638099490316e-06 9.879715793174066e-07 3.8949677950493615e-10 0.007759510638847675 3.0591005527239772e-06 0.13193025847261897 2.1588131549009906e-05
59650.59783530463 0.13966301630235955 2.1367809917185405e-05 0.013964459537866205 5.50606916147783e-06 9.87783450248076e-07 3.894747218022417e-10 0.007758033076592337 3.0589273119321277e-06 0.13190498322576721 2.1585651182131415e-05
59650.59815607743 0.1396633483846823 2.1368726414578123e-05 0.013981153050670447 5.508478889231542e-06 9.889642747282372e-07 3.896451751726902e-10 0.0077673072503724695 3.060266049573079e-06 0.13189604113430983 2.158674817741798e-05
59650.59847685023 0.13967230599060332 2.136811325060459e-05 0.013968106838210266 5.506630470470235e-06 9.880414439719417e-07 3.8951442629146096e-10 0.0077600593545612585 3.0592391502612417e-06 0.13191224663604206 2.1585995646927074e-05
59650.59879762303 0.13964223093043154 2.136661838376391e-05 0.013965570250432756 5.506338406186298e-06 9.878620170904407e-07 3.8949376696946574e-10 0.0077586501391293085 3.059076892325721e-06 0.13188358079130225 2.158449287313832e-05
59650.59911839583 0.13967900609072914 2.1369600261153064e-05 0.013971105071028887 5.50752494533991e-06 9.882535255602191e-07 3.8957769744567434e-10 0.007761725039460494 3.0597360807443943e-06 0.13191728105126865 2.1587538076521885e-05
59650.59943916863 0.13970886224059964 2.137132826316972e-05 0.013984509246879493 5.506929790510193e-06 9.89201677046751e-07 3.895355988532057e-10 0.00776917180382194 3.0594054391723295e-06 0.1319396904367777 2.1589201777124465e-05
59650.59975994143 0.13968871812396472 2.136933223933703e-05 0.013993536597421268 5.50729718820592e-06 9.89840231474194e-07 3.895615869240304e-10 0.007774186998567371 3.0596095490032887e-06 0.13191453112539733 2.158725482657582e-05
59650.60008071423 0.13967701820427308 2.136929341068462e-05 0.013978684643139502 5.506639061157424e-06 9.887896706126305e-07 3.8951503395827456e-10 0.007765935912855279 3.0592439228652354e-06 0.1319110822914178 2.1587164571835667e-05
59650.600401487034 0.13965245679272517 2.1366640423032803e-05 0.013972687017340729 5.5064467181173325e-06 9.88365425371435e-07 3.895014284713413e-10 0.007762603898522628 3.05913706562074e-06 0.13188985289420255 2.158452321811705e-05
59650.600722259835 0.13966630787119294 2.1368649887500087e-05 0.013951739283957099 5.506124839065591e-06 9.868836763427344e-07 3.894786601859358e-10 0.007750966268865054 3.0589582439253285e-06 0.13191534160232787 2.1586487059098714e-05
59650.60104303264 0.1396735108997091 2.1369417646779904e-05 0.013974299396903556 5.506777927429231e-06 9.884794778947968e-07 3.895248567376465e-10 0.00776349966494642 3.0593210707940172e-06 0.1319100112347627 2.1587298487228842e-05
59650.60136380544 0.13967725060717953 2.136905237109597e-05 0.013963189301559202 5.505576733666546e-06 9.876935994093408e-07 3.894398896598943e-10 0.007757327389755113 3.0586537409258586e-06 0.1319199232174244 2.1586842333827383e-05
59650.60168457824 0.13965504727513287 2.1367031155788643e-05 0.01397747584645442 5.50757727979294e-06 9.887041657381311e-07 3.8958139935096043e-10 0.007765264359141345 3.0597651554405218e-06 0.13188978291599152 2.1584999032172563e-05
59650.602005351044 0.1396665923158012 2.1368330478257454e-05 0.013979430069370826 5.507024854288649e-06 9.888423987323752e-07 3.895423232399836e-10 0.007766350038539347 3.0594582523825826e-06 0.13190024227726185 2.1586241734635008e-05
59650.602326123844 0.13969609686658793 2.1369475995369864e-05 0.013968890269198645 5.506176459164132e-06 9.880968603783293e-07 3.894823115609783e-10 0.007760494593999248 3.058986921757851e-06 0.1319356022725887 2.1587308894444774e-05
59650.602646896645 0.13968190051026974 2.136891008538783e-05 0.013979049010593922 5.5066696653992275e-06 9.888154443377295e-07 3.8951719876554683e-10 0.007766138339218845 3.059260925221793e-06 0.1319157621710509 2.158678752491854e-05
59650.602967669445 0.13966799907246552 2.136857577680598e-05 0.013969530573388015 5.50644858216351e-06 9.88142152634694e-07 3.895015603256361e-10 0.007760850318548897 3.05913810120195e-06 0.13190714875391663 2.1586439184157374e-05
59650.603288442246 0.13967307049221123 2.1369071039454326e-05 0.013974130224265852 5.508006136670576e-06 9.884675113785629e-07 3.89611734769607e-10 0.007763405680147696 3.060003409261431e-06 0.13190966481206354 2.1587052090406816e-05
59650.603609215046 0.1396861393915649 2.1370048686604187e-05 0.013944745395996432 5.506327222557663e-06 9.863889599692362e-07 3.8949297588956397e-10 0.007747080775553572 3.0590706791987013e-06 0.13193905861601132 2.1587887675457423e-05
59650.60392998785 0.1396559762229453 2.1367778652167843e-05 0.01397046248038232 5.50667255415634e-06 9.88208071570092e-07 3.89517403103313e-10 0.007761368044656844 3.0592625300868555e-06 0.13189460817828844 2.158566773940601e-05
59650.60425076065 0.13966961612223827 2.1367564326680215e-05 0.013961164829743588 5.506917776042874e-06 9.875503973219606e-07 3.8953474900348907e-10 0.007756202683190883 3.059398764468263e-06 0.1319134134390474 2.158547488601645e-05
59650.60457153345 0.13967875553466202 2.1369593662868713e-05 0.013967370432603855 5.506253327804971e-06 9.879893539308836e-07 3.8948774890504864e-10 0.007759650240335475 3.059029626558317e-06 0.13191910529432654 2.1587431426000643e-05
59650.60489230625 0.13966700642454027 2.1367975345378563e-05 0.01397506768514992 5.506981085918273e-06 9.885338231712981e-07 3.8953922726109634e-10 0.007763926491749955 3.059433936621263e-06 0.13190307993279032 2.158588674048986e-05
59650.60521307905 0.13968357066984022 2.1369391157685572e-05 0.013969374387986046 5.5057078325085045e-06 9.881311047774664e-07 3.894491630059971e-10 0.007760763548881137 3.058726573615836e-06 0.13192280712095908 2.1587188022118906e-05
59650.60553385185 0.13967427089937912 2.1369003244444598e-05 0.01396219919592466 5.506293910130106e-06 9.87623563762265e-07 3.894906195173364e-10 0.007756777331069256 3.0590521722945034e-06 0.13191749356830987 2.1586850160546894e-05
59650.60585462465 0.13967109276167988 2.1368417746670988e-05 0.013986564870563722 5.507024345416732e-06 9.893470826780762e-07 3.8954228724465874e-10 0.007770313816979845 3.0594579696759624e-06 0.13190077894470004 2.1586328082016578e-05
59650.60617539746 0.1396410547633264 2.136581809189773e-05 0.013954990826188878 5.5067918548325e-06 9.871136759066721e-07 3.895258418999019e-10 0.0077527726812160426 3.059328808240278e-06 0.13188828208211034 2.158373636544408e-05
59650.60649617026 0.13969035783846334 2.1370032382716223e-05 0.01397294021682247 5.50687172819975e-06 9.883833355710382e-07 3.895314917848883e-10 0.0077627445649013724 3.0593731823331946e-06 0.13192761327356198 2.1587914403830664e-05
59650.60681694306 0.139711950066864 2.137154992346431e-05 0.013953601243753635 5.506262631977472e-06 9.87015383056271e-07 3.894884070406242e-10 0.007752000690974242 3.0590347955430404e-06 0.13195994937588976 2.1589368680243303e-05
59650.60713771586 0.13968521587763674 2.1370285309042363e-05 0.01396955005381324 5.506953774936792e-06 9.88143530592902e-07 3.895372954043393e-10 0.007760861141007354 3.0594187638537735e-06 0.1319243547366294 2.1588171237103257e-05
59650.60745848866 0.13968169468766495 2.136856975981721e-05 0.013957870003045108 5.5064972740826355e-06 9.873173360083188e-07 3.8950500457435494e-10 0.007754372223913949 3.059165152268131e-06 0.131927322463751 2.1586437061475112e-05
59650.60777926146 0.1396986762894601 2.137020477918763e-05 0.0139796207248567 5.507270850381818e-06 9.888558848492662e-07 3.8955972390407654e-10 0.007766455958253723 3.0595949168787875e-06 0.13193222033120636 2.158811648476551e-05
59650.60810003426 0.13967579809808783 2.136876043023849e-05 0.013970417549104887 5.506533276943719e-06 9.882048933323575e-07 3.8950755125582465e-10 0.007761343082836049 3.0591851538576214e-06 0.13191445501525179 2.158662864206704e-05
59650.60842080706 0.13966010438703336 2.1368074104207917e-05 0.013968381850241799 5.506698605053645e-06 9.88060897093821e-07 3.895192458273477e-10 0.007760212139023222 3.0592770028075806e-06 0.13189989224801013 2.15859622602938e-05
59650.60874157986 0.13966033732755687 2.1367179494768076e-05 0.013956566133514885 5.5064172997826835e-06 9.872251061057045e-07 3.894993475498404e-10 0.007753647851952713 3.0591207221014907e-06 0.13190668947560416 2.1585054532106885e-05
59650.60906235266 0.13966481827777072 2.1368541386312502e-05 0.013977089538716217 5.506611487607656e-06 9.886768400554246e-07 3.895130835286105e-10 0.0077650497437312315 3.0592286042264753e-06 0.13189976853403948 2.158641796666292e-05
59650.60938312546 0.13967463138948455 2.1369980409628673e-05 0.013975970763253479 5.506623884693103e-06 9.885977028798223e-07 3.895139604430233e-10 0.007764428201807487 3.059235491496168e-06 0.13191020318767707 2.158784344255681e-05
59650.60970389826 0.13967837856451615 2.1368456932376535e-05 0.01398687127609365 5.507441956799368e-06 9.893687564357112e-07 3.895718272072534e-10 0.0077704840422742495 3.059689975999649e-06 0.1319078945222419 2.1586399755866274e-05
59650.61002467106 0.1396650415966506 2.136832169303333e-05 0.013978734587180824 5.507781531526539e-06 9.88793203430877e-07 3.8959584720564373e-10 0.007765963659544902 3.059878628625855e-06 0.1318990779371057 2.158629262284008e-05
59650.61034544386 0.13966780673427825 2.136838724300426e-05 0.01398270948416935 5.5075702247731895e-06 9.890743698771014e-07 3.895809003103974e-10 0.007768171935649639 3.0597612359851053e-06 0.13189963479862862 2.1586340870750286e-05
59650.610666216664 0.1396578842148024 2.136838137211732e-05 0.013983662927771161 5.50742409177385e-06 9.891418122158513e-07 3.895705635152002e-10 0.007768701626539533 3.0596800509854724e-06 0.13188918258826288 2.1586323551699325e-05
59650.610986989464 0.1396473398389874 2.1367928375386736e-05 0.013950927328221552 5.507285395886591e-06 9.868262422232306e-07 3.8956075278806967e-10 0.007750515182345308 3.059602997714773e-06 0.13189682465664207 2.1585864206912884e-05
59650.611307762265 0.13966179844780757 2.136773507573442e-05 0.013973314709732391 5.50670312862477e-06 9.884098255256012e-07 3.895195658045499e-10 0.007762952616517995 3.05927951590265e-06 0.13189884583128958 2.1585627010193438e-05
59650.61162853507 0.13967522203529753 2.1369055015039208e-05 0.013972513991681876 5.506272407898592e-06 9.883531863097067e-07 3.8948909854558843e-10 0.007762507773156597 3.059040226610329e-06 0.13191271426214093 2.15868997158877e-05
59650.61194930787 0.13967351811794065 2.1370166029280836e-05 0.013972948149403261 5.506626545574535e-06 9.883838966863467e-07 3.8951414866188234e-10 0.0077627489718907 3.0592369697636303e-06 0.13191076914604996 2.158802739844929e-05
59650.61227008067 0.13965301211561754 2.1367393255036696e-05 0.01394598493507869 5.50635289590993e-06 9.864766394235015e-07 3.8949479190775017e-10 0.007747769408377049 3.059084942172183e-06 0.1319052427072405 2.1585261063948526e-05
59650.612590853474 0.13965751466497717 2.1366528002376554e-05 0.013986979712892991 5.508285625074908e-06 9.893764267702126e-07 3.896315045300898e-10 0.00777054428494055 3.060158680597171e-06 0.1318869703800366 2.1584556748443448e-05
59650.612911626275 0.13966917449526745 2.136790220313025e-05 0.013967838930402914 5.507011980993474e-06 9.880224933711271e-07 3.8954141264062315e-10 0.007759910516890508 3.05945110055193e-06 0.13190926397837693 2.158581676933275e-05
59650.613232399075 0.13967323052913813 2.1369949540687094e-05 0.01396462497292559 5.506295124913187e-06 9.877951523847256e-07 3.8949070544566176e-10 0.0077581249849586606 3.0590528471739927e-06 0.13191510554417948 2.1587787003148697e-05
59650.613553171876 0.13966018035444722 2.1369559827707678e-05 0.013977008770778988 5.506830869987701e-06 9.886711268925563e-07 3.8952860165759335e-10 0.007765004872654993 3.0593504833265006e-06 0.13189517548179222 2.1587443401426858e-05
59650.613873944676 0.13970569769977567 2.1369952063412314e-05 0.013972777868769397 5.50870554074968e-06 9.883718517954169e-07 3.8966120748801056e-10 0.007762654371538553 3.060391967083155e-06 0.13194304332823711 2.15879792983208e-05
59650.61419471748 0.13966527859582634 2.1367706061000096e-05 0.013961025055577031 5.5065896622823634e-06 9.875405103221722e-07 3.8951153970265273e-10 0.007756125030876129 3.059216479045757e-06 0.1319091535649502 2.158558935435781e-05
59650.61451549028 0.1396617569282474 2.1367374263295835e-05 0.013981730289892509 5.507026197959703e-06 9.890051060506984e-07 3.895424182852681e-10 0.007767627938829171 3.0594589988665014e-06 0.1318941289894182 2.1585295278811975e-05
59650.61483626308 0.13968569294325572 2.137057394169288e-05 0.013965729475876177 5.5061966185917534e-06 9.878732799866126e-07 3.894837375487809e-10 0.007758738597708988 3.0589981214398626e-06 0.13192695434554674 2.1588397349139547e-05
59650.61515703588 0.13965801000734862 2.1367599381265158e-05 0.013972324671137239 5.507151561819571e-06 9.883397946205923e-07 3.8955128596437167e-10 0.007762402595076244 3.0595286454553168e-06 0.13189560741227238 2.158552799564108e-05
59650.61547780868 0.13967319851532256 2.1368669482698923e-05 0.013976275559281033 5.506686155971588e-06 9.886192627884536e-07 3.895183652349271e-10 0.007764597532933908 3.0592700866508823e-06 0.13190860098238866 2.158655064904778e-05
59650.61579858148 0.13964713901339532 2.1368127790041118e-05 0.01395247845352431 5.505988817868649e-06 9.869359618940254e-07 3.894690386544431e-10 0.0077513769186246155 3.058882676593694e-06 0.1318957620947707 2.158595952189044e-05
59650.61611935428 0.13963838823822766 2.1366396695820468e-05 0.013967291427443001 5.506350795662472e-06 9.87983765458937e-07 3.894946433456326e-10 0.0077596063485794444 3.05908377536804e-06 0.13187878188964822 2.1584274398457033e-05
59650.61644012708 0.1396693665505888 2.1368637670548986e-05 0.013971939313375321 5.5065742505484855e-06 9.88312536134962e-07 3.8951044954548464e-10 0.007762188507430734 3.059207916971381e-06 0.13190717804315807 2.15865103473087e-05
59650.61676089989 0.13966405586722863 2.1367224259922695e-05 0.01397744049704978 5.506179856794034e-06 9.887016652792494e-07 3.89482551894131e-10 0.007765244720583211 3.0589888093300187e-06 0.13189881114664542 2.1585080150637274e-05
