HATP14b/Results/ROEBA_Results/506090_radii/HATP14b_WLP8_nrca3_level3_asn_phot.ecsv
# %ECSV 0.9
# ---
# datatype:
# - {name: MJD, datatype: float64}
# - {name: aperture_sum, unit: Jy, datatype: float64}
# - {name: aperture_sum_err, unit: Jy, datatype: float64}
# - {name: annulus_sum, unit: Jy, datatype: float64}
# - {name: annulus_sum_err, unit: Jy, datatype: float64}
# - {name: annulus_mean, unit: Jy, datatype: float64}
# - {name: annulus_mean_err, unit: Jy, datatype: float64}
# - {name: aperture_bkg, unit: Jy, datatype: float64}
# - {name: aperture_bkg_err, unit: Jy, datatype: float64}
# - {name: net_aperture_sum, unit: Jy, datatype: float64}
# - {name: net_aperture_sum_err, unit: Jy, datatype: float64}
# meta: !!omap
# - {instrument: NIRCAM}
# - {detector: NRCA3}
# - {channel: SHORT}
# - {subarray: SUBGRISM128}
# - {filter: F210M}
# - {pupil: WLP8}
# - {target_name: UNKNOWN}
# - {xcenter: 1051.8}
# - {ycenter: 56.2973}
# - ra_icrs: !numpy.ndarray
#     buffer: !!binary |
#       ZllmeEdOeEJjRUE9
#     dtype: float64
#     order: C
#     shape: !!python/tuple []
# - dec_icrs: !numpy.ndarray
#     buffer: !!binary |
#       ZXo0UCtmd2VRMEE9
#     dtype: float64
#     order: C
#     shape: !!python/tuple []
# - {apertures: Photometry measured in a circular aperture of r=50.0 pixels.  Background calculated as the mean in a circular annulus
#     with r_inner=60.0 pixels and r_outer=90.0 pixels.}
# - {number_of_integrations: 669}
# - __serialized_columns__:
#     annulus_mean:
#       __class__: astropy.units.quantity.Quantity
#       unit: &id001 !astropy.units.Unit {unit: Jy}
#       value: !astropy.table.SerializedColumn {name: annulus_mean}
#     annulus_mean_err:
#       __class__: astropy.units.quantity.Quantity
#       unit: *id001
#       value: !astropy.table.SerializedColumn {name: annulus_mean_err}
#     annulus_sum:
#       __class__: astropy.units.quantity.Quantity
#       unit: *id001
#       value: !astropy.table.SerializedColumn {name: annulus_sum}
#     annulus_sum_err:
#       __class__: astropy.units.quantity.Quantity
#       unit: *id001
#       value: !astropy.table.SerializedColumn {name: annulus_sum_err}
#     aperture_bkg:
#       __class__: astropy.units.quantity.Quantity
#       unit: *id001
#       value: !astropy.table.SerializedColumn {name: aperture_bkg}
#     aperture_bkg_err:
#       __class__: astropy.units.quantity.Quantity
#       unit: *id001
#       value: !astropy.table.SerializedColumn {name: aperture_bkg_err}
#     aperture_sum:
#       __class__: astropy.units.quantity.Quantity
#       unit: *id001
#       value: !astropy.table.SerializedColumn {name: aperture_sum}
#     aperture_sum_err:
#       __class__: astropy.units.quantity.Quantity
#       unit: *id001
#       value: !astropy.table.SerializedColumn {name: aperture_sum_err}
#     net_aperture_sum:
#       __class__: astropy.units.quantity.Quantity
#       unit: *id001
#       value: !astropy.table.SerializedColumn {name: net_aperture_sum}
#     net_aperture_sum_err:
#       __class__: astropy.units.quantity.Quantity
#       unit: *id001
#       value: !astropy.table.SerializedColumn {name: net_aperture_sum_err}
# schema: astropy-2.0
MJD aperture_sum aperture_sum_err annulus_sum annulus_sum_err annulus_mean annulus_mean_err aperture_bkg aperture_bkg_err net_aperture_sum net_aperture_sum_err
[from data line 206]
59650.4852440515 0.13965436982426555 2.1366166248589536e-05 0.013967841433019353 5.506314646602786e-06 9.88022670395028e-07 3.894920863227272e-10 0.007759911907232974 3.0590636925571034e-06 0.13189445791703258 2.1584043431143473e-05
59650.4855648243 0.1397090051413058 2.1369828849980886e-05 0.013976867071925962 5.505824797510894e-06 9.886611037490499e-07 3.894574365874633e-10 0.007764926151069979 3.058791554172719e-06 0.13194407899023583 2.158763050567046e-05
59650.4858855971 0.1396879059285226 2.136827431083919e-05 0.013976956052240915 5.506049772793959e-06 9.88667397818811e-07 3.89473350333407e-10 0.007764975584578285 3.0589165404410885e-06 0.1319229303439443 2.1586109362843833e-05
59650.486206369904 0.13964891147579936 2.1365599090776807e-05 0.013962527064392976 5.505042357868451e-06 9.876467557122278e-07 3.894020903044563e-10 0.00775695948021832 3.058356865482473e-06 0.13189195199558104 2.158338183011287e-05
59650.48652714271 0.13969164578972035 2.1368701965357924e-05 0.013982646902114138 5.507799221384684e-06 9.89069943102241e-07 3.8959709850713993e-10 0.007768137167841188 3.0598884563248246e-06 0.13192350862187915 2.1586670448437422e-05
59650.48684791551 0.13969638256141476 2.136955793662506e-05 0.013978865125693074 5.50664187948121e-06 9.888024371417607e-07 3.8951523331390206e-10 0.007766036180940597 3.0592454886006727e-06 0.13193034638047416 2.158742664993442e-05
59650.48716868831 0.13966342191417172 2.1366476122669436e-05 0.013961595262678279 5.5062982498842025e-06 9.875808442238387e-07 3.894909264921436e-10 0.007756441812599044 3.0590545832690013e-06 0.13190698010157267 2.1584348886265305e-05
59650.48748946111 0.13967280143590619 2.136731442468917e-05 0.013965825372826889 5.505622332291957e-06 9.878800633082718e-07 3.8944311510284204e-10 0.007758791873792716 3.058679073495532e-06 0.13191400956211347 2.1585125512680474e-05
59650.48781023391 0.13968225574336562 2.1368404813588188e-05 0.013961862023978186 5.505164250654184e-06 9.875997137258412e-07 3.8941071245529034e-10 0.007756590013321214 3.0584245836967686e-06 0.1319256657300444 2.1586168840522387e-05
59650.488131006714 0.13965891358422367 2.1366330154742617e-05 0.013994402041961961 5.507136647504163e-06 9.899014491526933e-07 3.895502309923628e-10 0.007774667801089978 3.059520359724535e-06 0.13188424578313368 2.1584270409560583e-05
59650.488451779514 0.1396486371994311 2.136621158516102e-05 0.01397791146618697 5.5062334221164656e-06 9.88734979530906e-07 3.8948634086561695e-10 0.007765506370103871 3.0590185678424805e-06 0.13188313082932723 2.158408191469524e-05
59650.488772552315 0.13965728750676182 2.1367435429881463e-05 0.013949155595221578 5.505318462074574e-06 9.867009177499927e-07 3.894216206818843e-10 0.007749530886234209 3.058510256708097e-06 0.13190775662052762 2.158522137575944e-05
59650.489093325115 0.13968459265550276 2.136739856331556e-05 0.013975671508274393 5.506071163632016e-06 9.88576534920193e-07 3.894748634256798e-10 0.0077642619490413305 3.058928424240009e-06 0.13192033070646142 2.158524413733149e-05
59650.489414097916 0.13968252019398109 2.1367151625897453e-05 0.013983674906278415 5.506751184652349e-06 9.891426595219138e-07 3.89522965073143e-10 0.007768708281265786 3.059306213695749e-06 0.1319138119127153 2.15850532339684e-05
59650.489734870716 0.1396887288296984 2.1369293030518522e-05 0.013982845786480493 5.507375328262026e-06 9.890840112933562e-07 3.895671142023338e-10 0.00776824765915583 3.0596529601455695e-06 0.1319204811705426 2.158722216638109e-05
59650.49005564352 0.139671202024771 2.1368363330108427e-05 0.013954798900342302 5.506002313504307e-06 9.871000999301435e-07 3.894699932753876e-10 0.007752666055745724 3.0588901741690595e-06 0.13191853596902528 2.1586193747512564e-05
59650.49037641632 0.13968652924616987 2.136826130625039e-05 0.013976695829634237 5.506217846541779e-06 9.886489908347412e-07 3.8948523911908233e-10 0.007764831016463464 3.0590099147454326e-06 0.1319216982297064 2.1586109721547985e-05
59650.49069718912 0.1396838478642753 2.1368085827783275e-05 0.01397861105131953 5.50630899906234e-06 9.887844650562219e-07 3.894916868409591e-10 0.00776589502851085 3.0590605550346333e-06 0.13191795283576443 2.158594319048582e-05
59650.49101796192 0.13965271909555854 2.1365541519157504e-05 0.01396669020692829 5.505831846524536e-06 9.87941237807024e-07 3.894579352031811e-10 0.007759272337182384 3.0587954702914087e-06 0.13189344675837616 2.1583386994072974e-05
59650.49133873472 0.13966301852499377 2.136779430539979e-05 0.013963689276621158 5.505672600425213e-06 9.877289654104665e-07 3.894466708459032e-10 0.007757605153678421 3.0587070002362295e-06 0.13190541337131534 2.1585604508356252e-05
59650.49165950753 0.13969154198505768 2.136852302102729e-05 0.013983984703423994 5.506549911090618e-06 9.891645731872804e-07 3.8950872788102607e-10 0.007768880390791108 3.0591943950503434e-06 0.13192266159426658 2.158639493863857e-05
59650.49198028033 0.13966477358607576 2.1367740448135478e-05 0.013961136037120176 5.506092849586155e-06 9.875483606604758e-07 3.8947639739314503e-10 0.007756186687288986 3.0589404719923084e-06 0.1319085868987868 2.1585584279098805e-05
59650.49230105313 0.13968946539009808 2.136799080278259e-05 0.01395739526816391 5.506304261039695e-06 9.87283755384763e-07 3.8949135169441484e-10 0.007754108482313284 3.0590579227998305e-06 0.1319353569077848 2.1585848751504904e-05
59650.49262182593 0.1396648488012771 2.136698868541056e-05 0.013952642574288153 5.505322637317783e-06 9.869475710632832e-07 3.8942191601992666e-10 0.007751468096826752 3.0585125762876574e-06 0.13191338070445036 2.1584779467526943e-05
59650.49294259873 0.13963849698309144 2.136561725934107e-05 0.0139719470679979 5.507727309357946e-06 9.88313084662302e-07 3.8959201177179627e-10 0.007762192815554388 3.0598485051988583e-06 0.13187630416753707 2.1583611230454942e-05
59650.49326337153 0.1396302577271586 2.136597607681343e-05 0.0139753404572472 5.5063483583336755e-06 9.885531178502403e-07 3.894944709398877e-10 0.007764078031803999 3.0590824212964862e-06 0.13186617969535458 2.1583857833465473e-05
59650.49358414433 0.1396257190098591 2.1364338178847526e-05 0.01397015320801271 5.505790878247684e-06 9.88186195025032e-07 3.8945503729039407e-10 0.007761196226673728 3.0587727101376024e-06 0.13186452278318536 2.1582192574260023e-05
59650.49390491713 0.13961796404199367 2.136407440325106e-05 0.013973542896510604 5.506175308944395e-06 9.88425966438357e-07 3.8948223019957525e-10 0.007763079386950335 3.0589862827468856e-06 0.13185488465504333 2.158196173163322e-05
59650.49422568993 0.13958629026450675 2.1361682686773375e-05 0.013964666819671801 5.505599986845198e-06 9.877981124365087e-07 3.8944153448581653e-10 0.0077581482331510005 3.0586666593584435e-06 0.13182814203135576 2.1579548858663943e-05
59650.49454646273 0.13960526656063227 2.13625039583472e-05 0.01396140537825461 5.505443896035018e-06 9.875674126484417e-07 3.8943049331958926e-10 0.00775633632125256 3.0585799422416764e-06 0.1318489302393797 2.158034954845456e-05
59650.49486723553 0.1395867348781238 2.136135162242812e-05 0.013966250039985646 5.505914706544039e-06 9.879101023649318e-07 3.894637963505983e-10 0.007759027799992026 3.0588415036355772e-06 0.1318277070781318 2.1579245920128348e-05
59650.49518800833 0.13957408285943934 2.136028692700838e-05 0.01397006531784731 5.505506020339531e-06 9.881799780675775e-07 3.894348877152112e-10 0.007761147398804061 3.058614455744184e-06 0.13181293546063527 2.157815979162756e-05
59650.49550878113 0.13957292994893 2.1361666686194414e-05 0.013954544104255773 5.504929851409067e-06 9.87082076793854e-07 3.8939413210039374e-10 0.007752524502364319 3.058294361893926e-06 0.13182040544656567 2.1579480253612697e-05
59650.49582955393 0.1395722981390034 2.1361530544375987e-05 0.013950776064865614 5.5059142041219045e-06 9.868155425295388e-07 3.894637608115022e-10 0.0077504311471475636 3.0588412245121694e-06 0.13182186699185583 2.1579422995879278e-05
59650.49615032673 0.13956912661102963 2.135955708790613e-05 0.01396608002194465 5.506002433788044e-06 9.878980760486475e-07 3.8947000178372147e-10 0.007758933345524805 3.0588902409933577e-06 0.13181019326550483 2.1577476416345946e-05
59650.496471099534 0.13955750422721602 2.1359522398518872e-05 0.013951896129811191 5.506076355256774e-06 9.868947709173933e-07 3.8947523065800996e-10 0.007751053405450662 3.0589313084759856e-06 0.13180645082176537 2.157744789920263e-05
59650.49679187234 0.13954408987593345 2.1358962829948194e-05 0.013953886267900784 5.505842856351544e-06 9.870355443904574e-07 3.894587139891327e-10 0.007752159037722658 3.0588015868619694e-06 0.13179193083821078 2.157687559214489e-05
59650.49711264514 0.1395188453500878 2.1356150311809474e-05 0.013953191025036208 5.504908375809663e-06 9.8698636601777e-07 3.8939261301248217e-10 0.007751772791686783 3.0582824310053684e-06 0.131767072558401 2.157401788189664e-05
59650.49743341794 0.13949517623576607 2.1354828432601784e-05 0.013953440631652044 5.533789859259677e-06 9.870040220740982e-07 3.914355600591028e-10 0.007751911462028913 3.0743276995887092e-06 0.13174326477373716 2.157498987694585e-05
59650.49775419074 0.1395392219893005 2.1357976978858852e-05 0.013964059054308661 5.505912193078658e-06 9.877551218312714e-07 3.8946361855929173e-10 0.007757810585727033 3.058840107265921e-06 0.13178141140357347 2.1575905159025965e-05
59650.49807496354 0.13949592266937677 2.1356661925653805e-05 0.013956517358758667 5.504820793815923e-06 9.8722165599746e-07 3.8938641785371344e-10 0.007753620754865926 3.058233774342179e-06 0.13174230191451083 2.157451743203537e-05
59650.498395736344 0.1394958076694714 2.135460644001575e-05 0.013939348210884108 5.504267325210511e-06 9.86007187218388e-07 3.893472679584257e-10 0.007744082339380059 3.057926291783617e-06 0.13175172533009133 2.157243911600966e-05
59650.498716509144 0.1394748232671848 2.1353980938583905e-05 0.013960986674608109 5.505444895361235e-06 9.875377954239835e-07 3.894305640074591e-10 0.007756103708115616 3.058580497422908e-06 0.1317187195590692 2.1571912677938888e-05
59650.499037281945 0.1394756904133234 2.1355104635236874e-05 0.013932155542647276 5.504085358758284e-06 9.854984100166496e-07 3.8933439646493735e-10 0.0077400864125818205 3.057825199310158e-06 0.13173560400074158 2.157291795125202e-05
59650.499358054745 0.13945799527352198 2.1352063200897147e-05 0.013949644122922891 5.505159330625555e-06 9.867354740159934e-07 3.8941036443445633e-10 0.007749802290512718 3.05842185034753e-06 0.13170819298300926 2.1569991820809516e-05
59650.499678827546 0.1394518167921976 2.1352177872211387e-05 0.013944369722806264 5.505647839915712e-06 9.86362386526924e-07 3.8944491939813403e-10 0.007746872068225702 3.0586932443976177e-06 0.1317049447239719 2.1570143816161198e-05
59650.499999600346 0.139399990855278 2.134857376903455e-05 0.013914755388536147 5.5038538767062865e-06 9.842676008889397e-07 3.893180224592429e-10 0.0077304196602978595 3.057696598170159e-06 0.13166957119498013 2.1566434811029182e-05
59650.50032037315 0.13938602934836164 2.1346858966050847e-05 0.013956541639336347 5.504641642296936e-06 9.872233734969972e-07 3.893737454760205e-10 0.007753634244075748 3.0581342457205197e-06 0.1316323951042859 2.1564799391167866e-05
59650.50064114595 0.13938135332669627 2.1347883814238162e-05 0.013951765671230115 5.504724033430237e-06 9.868855428604835e-07 3.8937957345652355e-10 0.007750980928461175 3.058180018572354e-06 0.13163037239823508 2.1565820373271378e-05
59650.50096191875 0.1393806393970356 2.1346693416373927e-05 0.013947283515862321 5.505352891068472e-06 9.865684952238212e-07 3.89424056035024e-10 0.0077484908421457345 3.0585293839269285e-06 0.13163214855488986 2.1564691553671857e-05
59650.50128269155 0.1393687494473551 2.1317732968236713e-05 0.01393207929088901 5.493245378497551e-06 9.854930163080951e-07 3.885676247131532e-10 0.007740044050493894 3.051802988054195e-06 0.13162870539686122 2.1535070011099175e-05
59650.50160346435 0.13932691107461695 2.131516307536972e-05 0.013917055914347456 5.4931007562457604e-06 9.844303298020867e-07 3.8855739478148497e-10 0.007731697730193032 3.0517226423587554e-06 0.13159521334442392 2.153251467004005e-05
59650.501924237156 0.13936365400562972 2.1316562396952458e-05 0.013926595693253396 5.493787491474079e-06 9.851051311215905e-07 3.886059713620104e-10 0.0077369976073629965 3.0521041619300436e-06 0.13162665639826673 2.1533953938801817e-05
59650.50224500996 0.13930895960079692 2.131359935939593e-05 0.013947830224327978 5.494243057742608e-06 9.866071669370386e-07 3.8863819608358477e-10 0.007748794569071098 3.052357254301449e-06 0.13156016503172582 2.153105669633354e-05
59650.50256578276 0.13931883639001763 2.1314441716089158e-05 0.013936277624705645 5.493269905649268e-06 9.85789987676836e-07 3.8856935965423574e-10 0.007742376458169802 3.051816614249593e-06 0.13157645993184783 2.153181391140959e-05
59650.50288655556 0.13932784586253813 2.1314363140710688e-05 0.013939729446786729 5.492564475048637e-06 9.860341541421154e-07 3.885194606466364e-10 0.007744294137103739 3.051424708360354e-06 0.1315835517254344 2.153168058570623e-05
59650.50320732836 0.13932307371881011 2.131488722184193e-05 0.013920408220462343 5.492471366548361e-06 9.846674569527272e-07 3.885128745674973e-10 0.007733560122479079 3.051372981415756e-06 0.13158951359633103 2.153219204706187e-05
59650.50352810116 0.13930567700378974 2.1313947021604766e-05 0.013943472807898687 5.493554525345331e-06 9.862989427753358e-07 3.8858949237936006e-10 0.007746373782165937 3.0519747363029612e-06 0.1315593032216238 2.153134662372064e-05
59650.50384887396 0.1392247012703796 2.1307226636852542e-05 0.013929911455391703 5.493022672543947e-06 9.8533967331467e-07 3.885518714894323e-10 0.007738839697439834 3.051679262524415e-06 0.1314858615729398 2.1524652221941243e-05
59650.50416964676 0.13925502426867253 2.1311885272687364e-05 0.01393943017980304 5.493156334324346e-06 9.860129853333339e-07 3.8856132612634476e-10 0.0077441278776683555 3.0517535190690813e-06 0.1315108963910042 2.1529274335595687e-05
59650.50449041956 0.1392502500899142 2.1309874757811253e-05 0.013931853723902564 5.493214785994016e-06 9.85477060707699e-07 3.885654607361936e-10 0.007739918735501424 3.0517859922188976e-06 0.13151033135441278 2.1527288727006583e-05
59650.50481119236 0.1392174084198633 2.130764253593839e-05 0.013900380966064677 5.49120186752788e-06 9.83250818493195e-07 3.884230758811152e-10 0.007722433870035931 3.0506677041821557e-06 0.13149497454982736 2.152492053134392e-05
59650.50513196516 0.1391944293696578 2.130932488313591e-05 0.013942826636623282 5.492853506913784e-06 9.862532355075293e-07 3.885399054688805e-10 0.007746014798124046 3.051585281618769e-06 0.13144841457153378 2.1526715952648875e-05
59650.50545273796 0.13919013022105647 2.130481742056133e-05 0.013918278157541304 5.492740086829533e-06 9.845167858225137e-07 3.885318826390785e-10 0.007732376754189613 3.0515222704608516e-06 0.13145775346686686 2.1522245084808698e-05
59650.50577351076 0.13919714317302195 2.130551898571485e-05 0.013933138766285061 5.492754964579205e-06 9.855679588620353e-07 3.885329350245907e-10 0.007740632647936145 3.0515305358773362e-06 0.1314565105250858 2.1522940734529e-05
59650.50609428356 0.13919006889092594 2.1305106875651805e-05 0.013933723660951101 5.493393006135697e-06 9.856093316963858e-07 3.88578067232419e-10 0.007740957589417279 3.051885003408721e-06 0.13144911130150866 2.1522583047974906e-05
59650.50641505636 0.13913173635728265 2.1300618276711257e-05 0.013917702794360534 5.49287528515368e-06 9.844760872028282e-07 3.885414459642277e-10 0.007732057107978074 3.0515973806409333e-06 0.13139967924930457 2.1518099022536823e-05
59650.50673582916 0.1391453067773603 2.1302518950953774e-05 0.013894667011967975 5.491831960995724e-06 9.828466389202659e-07 3.884676458766784e-10 0.007719259451093318 3.0510177561087354e-06 0.131426047326267 2.151989830375217e-05
