HATP14b/Results/ROEBA_Results/506090_radii/HATP14b_WLP8_nrca3_level3_asn_phot.ecsv
# %ECSV 0.9
# ---
# datatype:
# - {name: MJD, datatype: float64}
# - {name: aperture_sum, unit: Jy, datatype: float64}
# - {name: aperture_sum_err, unit: Jy, datatype: float64}
# - {name: annulus_sum, unit: Jy, datatype: float64}
# - {name: annulus_sum_err, unit: Jy, datatype: float64}
# - {name: annulus_mean, unit: Jy, datatype: float64}
# - {name: annulus_mean_err, unit: Jy, datatype: float64}
# - {name: aperture_bkg, unit: Jy, datatype: float64}
# - {name: aperture_bkg_err, unit: Jy, datatype: float64}
# - {name: net_aperture_sum, unit: Jy, datatype: float64}
# - {name: net_aperture_sum_err, unit: Jy, datatype: float64}
# meta: !!omap
# - {instrument: NIRCAM}
# - {detector: NRCA3}
# - {channel: SHORT}
# - {subarray: SUBGRISM128}
# - {filter: F210M}
# - {pupil: WLP8}
# - {target_name: UNKNOWN}
# - {xcenter: 1051.8}
# - {ycenter: 56.2973}
# - ra_icrs: !numpy.ndarray
#     buffer: !!binary |
#       ZllmeEdOeEJjRUE9
#     dtype: float64
#     order: C
#     shape: !!python/tuple []
# - dec_icrs: !numpy.ndarray
#     buffer: !!binary |
#       ZXo0UCtmd2VRMEE9
#     dtype: float64
#     order: C
#     shape: !!python/tuple []
# - {apertures: Photometry measured in a circular aperture of r=50.0 pixels.  Background calculated as the mean in a circular annulus
#     with r_inner=60.0 pixels and r_outer=90.0 pixels.}
# - {number_of_integrations: 669}
# - __serialized_columns__:
#     annulus_mean:
#       __class__: astropy.units.quantity.Quantity
#       unit: &id001 !astropy.units.Unit {unit: Jy}
#       value: !astropy.table.SerializedColumn {name: annulus_mean}
#     annulus_mean_err:
#       __class__: astropy.units.quantity.Quantity
#       unit: *id001
#       value: !astropy.table.SerializedColumn {name: annulus_mean_err}
#     annulus_sum:
#       __class__: astropy.units.quantity.Quantity
#       unit: *id001
#       value: !astropy.table.SerializedColumn {name: annulus_sum}
#     annulus_sum_err:
#       __class__: astropy.units.quantity.Quantity
#       unit: *id001
#       value: !astropy.table.SerializedColumn {name: annulus_sum_err}
#     aperture_bkg:
#       __class__: astropy.units.quantity.Quantity
#       unit: *id001
#       value: !astropy.table.SerializedColumn {name: aperture_bkg}
#     aperture_bkg_err:
#       __class__: astropy.units.quantity.Quantity
#       unit: *id001
#       value: !astropy.table.SerializedColumn {name: aperture_bkg_err}
#     aperture_sum:
#       __class__: astropy.units.quantity.Quantity
#       unit: *id001
#       value: !astropy.table.SerializedColumn {name: aperture_sum}
#     aperture_sum_err:
#       __class__: astropy.units.quantity.Quantity
#       unit: *id001
#       value: !astropy.table.SerializedColumn {name: aperture_sum_err}
#     net_aperture_sum:
#       __class__: astropy.units.quantity.Quantity
#       unit: *id001
#       value: !astropy.table.SerializedColumn {name: net_aperture_sum}
#     net_aperture_sum_err:
#       __class__: astropy.units.quantity.Quantity
#       unit: *id001
#       value: !astropy.table.SerializedColumn {name: net_aperture_sum_err}
# schema: astropy-2.0
MJD aperture_sum aperture_sum_err annulus_sum annulus_sum_err annulus_mean annulus_mean_err aperture_bkg aperture_bkg_err net_aperture_sum net_aperture_sum_err
[from data line 138]
59650.46343150104 0.1396600028015567 2.1366863180144046e-05 0.013970113830665045 5.507139797945336e-06 9.881834096474646e-07 3.8955045384048973e-10 0.00776117435036947 3.059522109969631e-06 0.13189882845118722 2.1584798301128234e-05
59650.46375227384 0.13967937081172696 2.1367787538231372e-05 0.013966104620354738 5.5063195641284055e-06 9.878998160302288e-07 3.8949243416650945e-10 0.0077589470113081874 3.0590664245157806e-06 0.13192042380041877 2.158564874328765e-05
59650.46407304664 0.1396596009029952 2.1378932937191612e-05 0.013979489195876629 5.5061297877114715e-06 9.888465810771158e-07 3.8947901023102624e-10 0.007766382886598127 3.0589609931730396e-06 0.13189321801639708 2.1596666777322156e-05
59650.46439381944 0.13966922261391262 2.136701214730723e-05 0.0139709892813241 5.506084773186064e-06 9.88245335114052e-07 3.89475826104702e-10 0.007761660711846723 3.058935985103369e-06 0.1319075619020659 2.1584862692732957e-05
59650.46471459224 0.13968095366674882 2.136881737550409e-05 0.013976212744182289 5.506162140789595e-06 9.886148195291354e-07 3.8948129874316294e-10 0.0077645626356568275 3.0589789671053306e-06 0.13191639103109198 2.1586655793541487e-05
59650.46503536504 0.1396854804702979 2.1369435874182835e-05 0.013965331928680401 5.506274105510445e-06 9.878451592749148e-07 3.89489218627063e-10 0.007758517738155779 3.059041169728025e-06 0.13192696273214213 2.158727686529506e-05
59650.46535613784 0.1396608277516181 2.1366682207182427e-05 0.013987346076310206 5.508372803429722e-06 9.894023416807984e-07 3.8963767113724505e-10 0.007770747820172337 3.0602071130165123e-06 0.13189007993144575 2.1584716262144446e-05
59650.46567691065 0.13971835147620248 2.1369984564783836e-05 0.013973067565149938 5.5062842815759826e-06 9.883923436225097e-07 3.894899384364548e-10 0.007762815313972188 3.059046823097768e-06 0.1319555361622303 2.1587820820198688e-05
59650.46599768345 0.13966853633274287 2.1367074969939884e-05 0.013971118886000236 5.506266147728923e-06 9.88254502769543e-07 3.8948865572916733e-10 0.007761732714444576 3.0590367487382906e-06 0.1319068036182983 2.158493916139591e-05
59650.46631845625 0.13970242747117315 2.137006628426507e-05 0.01397270882573874 5.505996686817938e-06 9.883669680000324e-07 3.894695952687436e-10 0.0077626160142992996 3.0588870482321875e-06 0.13193981145687383 2.1587879075252514e-05
59650.46663922905 0.13969758724140863 2.136830852806742e-05 0.01397481278541252 5.505735817125996e-06 9.885157927032093e-07 3.894511425127545e-10 0.0077637848807847335 3.058742120625553e-06 0.13193380236062388 2.1586118518880778e-05
59650.46696000185 0.13967521889246176 2.136792437190506e-05 0.01396581354150204 5.505898496323934e-06 9.87879226413235e-07 3.894626497120835e-10 0.0077587853008344665 3.0588324979577413e-06 0.1319164335916273 2.158575104586395e-05
59650.467280774654 0.13968427268793035 2.136723219873303e-05 0.013988247797744656 5.507235424477195e-06 9.894661254246137e-07 3.89557218033928e-10 0.007771248776524808 3.0595752358206635e-06 0.13191302391140555 2.1585171124135676e-05
59650.467601547454 0.13967041108710063 2.136856003472348e-05 0.013962605742357467 5.507518771855213e-06 9.876523210397661e-07 3.895772607609608e-10 0.007757003190198593 3.059732651030674e-06 0.13191340789690204 2.1586507866103884e-05
59650.467922320255 0.13971746784447284 2.1370328912805985e-05 0.013982411181816715 5.506593205225469e-06 9.89053269302009e-07 3.89511790314612e-10 0.007768006212120397 3.0592184473474825e-06 0.13194946163235244 2.1588186013421843e-05
59650.468243093055 0.1397011024340675 2.1368555064164932e-05 0.013978572210770084 5.506208481351425e-06 9.887817176493609e-07 3.8948457666737665e-10 0.007765873450427823 3.0590047118619027e-06 0.13193522898363969 2.1586399777578524e-05
59650.468563865856 0.13969102288627205 2.136848225221783e-05 0.013966332330522694 5.505730863612175e-06 9.879159232297055e-07 3.8945079212332775e-10 0.007759073516957053 3.0587393686734303e-06 0.131931949369315 2.1586290100172867e-05
59650.468884638656 0.1396700966412714 2.1367536818144397e-05 0.013974512951699528 5.506155026728311e-06 9.8849458380653e-07 3.894807955262657e-10 0.007763618306499737 3.0589750148490616e-06 0.13190647833477165 2.158538759939759e-05
59650.46920541146 0.13967492417694194 2.1367406828088643e-05 0.013967665563226754 5.510668684669089e-06 9.880102301519911e-07 3.898000715141327e-10 0.00775981420179264 3.0614826025939383e-06 0.1319151099751493 2.1585614429129287e-05
59650.46952618426 0.13968748689331056 2.136885775021008e-05 0.013960224379245111 5.507184927060157e-06 9.874838740572647e-07 3.895536460723569e-10 0.007755680210691729 3.059547181700087e-06 0.13193180668261884 2.1586776287944486e-05
59650.46984695706 0.13967659070523353 2.1368008163487108e-05 0.013988390139343311 5.5064460906897665e-06 9.89476194033073e-07 3.8950138408991967e-10 0.007771327855190728 3.05913671704987e-06 0.1319052628500428 2.1585877103524292e-05
59650.47016772986 0.13969124603792565 2.1368857044969305e-05 0.013953204117665336 5.50674928462332e-06 9.869872921318338e-07 3.895228306735822e-10 0.0077517800653696305 3.059305158124067e-06 0.131939465972556 2.158674128855161e-05
59650.47048850266 0.13965342381765738 2.1366243774879126e-05 0.013965124518799134 5.5065881842076335e-06 9.878304880269815e-07 3.89511435150253e-10 0.007758402510443963 3.0592156578931296e-06 0.13189502130721342 2.15841417130508e-05
59650.470809275466 0.1396581657899674 2.1367369012523457e-05 0.013969450825556607 5.506316542640751e-06 9.88136511629552e-07 3.89492220439978e-10 0.007760806014198115 3.059064745911528e-06 0.13189735977576927 2.1585234203895644e-05
59650.47113004827 0.1396282976019563 2.1365639208385827e-05 0.013971813234944508 5.506133321715949e-06 9.883036179103036e-07 3.894792602107069e-10 0.007762118463858059 3.0589629565088607e-06 0.13186617913809826 2.158350743396928e-05
59650.47145082107 0.1396938168833378 2.136906219123363e-05 0.01397440853662029 5.506157706892262e-06 9.884871979505327e-07 3.8948098510908395e-10 0.007763560298122384 3.0589765038290346e-06 0.1319302565852154 2.1586897789719317e-05
59650.47177159387 0.1397122943353509 2.1371551546672472e-05 0.013974071832324702 5.513515001891012e-06 9.884633809936424e-07 3.900014072721223e-10 0.007763373240180389 3.0630638899394507e-06 0.1319489210951705 2.1589941544754807e-05
59650.47209236667 0.1397025870477629 2.136963281238006e-05 0.01396338229630459 5.505821142739317e-06 9.877072509949936e-07 3.8945717806525786e-10 0.007757434609058105 3.058789523744065e-06 0.13194515243870478 2.158743615824994e-05
59650.47241313947 0.13963627305390827 2.1365022961004185e-05 0.01397821648212791 5.5064871166486205e-06 9.887565549952272e-07 3.895042860828738e-10 0.0077656758234043955 3.0591595092492334e-06 0.13187059723050387 2.1582925265757327e-05
59650.47273391227 0.1396678056193389 2.13665871731489e-05 0.013982732276810055 5.507004862679393e-06 9.890759821266277e-07 3.895409091229021e-10 0.0077681845982278085 3.0594471459329963e-06 0.13189962102111108 2.1584514455195158e-05
59650.47305468507 0.1396734945961291 2.1367628900458925e-05 0.013975889103916457 5.50648041791198e-06 9.885919266633173e-07 3.895038122441854e-10 0.007764382835509143 3.059155787728878e-06 0.13190911176061995 2.1585504371251616e-05
59650.47337545787 0.1396498470809041 2.1366455430010384e-05 0.013970887236313057 5.506152303537845e-06 9.88238116906085e-07 3.8948060289994403e-10 0.00776160402017392 3.058973501965469e-06 0.1318882430607302 2.1584316911321216e-05
59650.47369623067 0.13965363332154498 2.136794216077261e-05 0.013980679826999064 5.506257202730964e-06 9.889308010009089e-07 3.8948802299999345e-10 0.007767044348332812 3.0590317792949797e-06 0.13188658897321218 2.1585796895478754e-05
59650.47401700347 0.13967936891694954 2.136794544169862e-05 0.013982775895108279 5.506369401239896e-06 9.890790674900818e-07 3.894959594210175e-10 0.00776820883061571 3.059094111799942e-06 0.13191116008633383 2.1585808976831467e-05
59650.47433777627 0.13967161931664165 2.136923037786474e-05 0.013982609372171247 5.506148474331808e-06 9.890672884018298e-07 3.8948033203902457e-10 0.007768116317872914 3.058971374628782e-06 0.13190350299876874 2.1587063552346703e-05
59650.47465854907 0.13967345794980351 2.1367588744517877e-05 0.01397616104576607 5.5062287376880155e-06 9.886111626142503e-07 3.894860095100866e-10 0.007764533914314482 3.059015965382231e-06 0.13190892403548904 2.158544480503727e-05
59650.47497932187 0.1396591672199598 2.1367218389368676e-05 0.013972180527756672 5.506555593702541e-06 9.88329598562134e-07 3.8950912984359373e-10 0.007762322515420374 3.0591975520569675e-06 0.13189684470453944 2.1585103922878997e-05
59650.47530009467 0.13966073849657046 2.1366530066941862e-05 0.013963477138328417 5.506291633970724e-06 9.877139596958403e-07 3.8949045851199555e-10 0.007757487299071343 3.0590509077615135e-06 0.13190325119749913 2.158440176511286e-05
59650.47562086747 0.13968832647825974 2.13678102871798e-05 0.013972121892378422 5.506118411523937e-06 9.883254509575611e-07 3.8947820553036856e-10 0.007762289940210234 3.0589546730688537e-06 0.13192603653804952 2.158565542578674e-05
59650.47594164028 0.13969089747976687 2.1368689526973113e-05 0.013967254560935637 5.506053902700284e-06 9.879811576869897e-07 3.8947364246452087e-10 0.007759585867186465 3.0589188348334914e-06 0.1319313116125804 2.15865207140537e-05
59650.47626241308 0.13965330168218804 2.1365704701656566e-05 0.01396865502616704 5.505837023603393e-06 9.88080220337748e-07 3.894583014065993e-10 0.007760363903426133 3.0587983464463296e-06 0.1318929377787619 2.15835489371561e-05
59650.47658318588 0.1396886206321212 2.13681431295331e-05 0.013982772850597474 5.506122278241378e-06 9.890788521349956e-07 3.894784790446772e-10 0.007768207139220819 3.0589568212452103e-06 0.13192041349290037 2.15859852135235e-05
59650.47690395868 0.13969651297896374 2.1368521919815403e-05 0.013958017291328893 5.50559818102837e-06 9.873277545231739e-07 3.8944140675040564e-10 0.007754454050738274 3.058665656126872e-06 0.13194205892822547 2.158631892272514e-05
59650.47722473148 0.13967040483265022 2.136674894418487e-05 0.013960504147033592 5.506010888126693e-06 9.875036635801334e-07 3.8947059980584886e-10 0.007755835637240884 3.0588949378481627e-06 0.13191456919540934 2.1584596328970767e-05
59650.47754550428 0.13963652831344459 2.1365168513776026e-05 0.01397644178157215 5.5061901465609725e-06 9.886310206103571e-07 3.894832797462517e-10 0.0077646898786511934 3.0589945258672065e-06 0.1318718384347934 2.1583045965093344e-05
59650.477866277084 0.13968656993191914 2.1368708851059118e-05 0.013969053725224737 5.5065174215706445e-06 9.881084225270095e-07 3.895064297176027e-10 0.007760585402902631 3.0591763453170245e-06 0.1319259845290165 2.1586576335145867e-05
59650.478187049885 0.13967189698290808 2.136823850763943e-05 0.013963751019319584 5.505847970831299e-06 9.877333328129796e-07 3.8945907576457016e-10 0.007757639455177547 3.0588044282396106e-06 0.13191425752773053 2.1586058034054822e-05
59650.478507822685 0.1397052292040949 2.1370400034386415e-05 0.013983655516974992 5.5067032970808024e-06 9.891412880092547e-07 3.895195777203767e-10 0.007768697509430551 3.0592796094893344e-06 0.13193653169466435 2.1588265084502276e-05
59650.478828595486 0.13969025951468467 2.1368253777265406e-05 0.013985089138829093 5.506714611872392e-06 9.892426960113012e-07 3.895203780781596e-10 0.007769493966016162 3.0592858954846624e-06 0.1319207655486685 2.158614138005977e-05
59650.479149368286 0.13966509789206333 2.1366481006049215e-05 0.01396762743681834 5.5059634336435546e-06 9.88007533260275e-07 3.8946724308782067e-10 0.007759793020454633 3.058868574246419e-06 0.1319053048716087 2.1584327358904983e-05
59650.47947014109 0.1396511034949901 2.1366818331540276e-05 0.01396350045111754 5.505591919331082e-06 9.877156087383408e-07 3.894409638259276e-10 0.007757500250620855 3.0586621774061565e-06 0.13189360324436925 2.158463203134444e-05
59650.47979091389 0.1396602313516565 2.1365444157857144e-05 0.013979085093047794 5.506409005431124e-06 9.888179966492374e-07 3.894987608444847e-10 0.007766158385026553 3.0591161141284024e-06 0.13189407296662994 2.1583336059613954e-05
59650.48011168669 0.13969287747834006 2.1369165043528172e-05 0.013973875724023931 5.506631602035928e-06 9.884495091689984e-07 3.8951450633336023e-10 0.007763264291124406 3.0592397789088485e-06 0.13192961318721566 2.158703691298101e-05
59650.48043245949 0.13966425352769263 2.136717365982298e-05 0.013955395922703225 5.506818714996132e-06 9.871423306234222e-07 3.895277418678194e-10 0.007752997734835125 3.0593437305534065e-06 0.1319112557928575 2.1585080362850388e-05
59650.48075323229 0.1396914985460761 2.136846211745662e-05 0.01396846696826828 5.5066981887875026e-06 9.88066917962559e-07 3.895192163825414e-10 0.007760259426815711 3.0592767715486124e-06 0.13193123911926039 2.1586346324241986e-05
59650.481074005096 0.1396571881313116 2.1366154282643225e-05 0.013969600472112232 5.506506640750563e-06 9.881470969580161e-07 3.895056671305776e-10 0.007760889151173462 3.059170355972535e-06 0.13189629898013813 2.1584046703446844e-05
59650.4813947779 0.13967221804682287 2.136818274804001e-05 0.013976293479659396 5.506680415598861e-06 9.886205303959196e-07 3.8951795918661834e-10 0.007764607488699665 3.059266897554923e-06 0.1319076105581232 2.1586068375322775e-05
59650.4817155507 0.13964272966569402 2.136628418282904e-05 0.0139839280214893 5.507055263351063e-06 9.891605637605733e-07 3.8954447424113826e-10 0.0077688489008273885 3.059475146306146e-06 0.13187388076486664 2.1584218492970172e-05
59650.4820363235 0.13964718142106883 2.136764142376559e-05 0.013985755086465431 5.5067660383199915e-06 9.892898021704851e-07 3.895240157552001e-10 0.00776986393692524 3.059314465733329e-06 0.13187731748414358 2.1585539256985648e-05
59650.4823570963 0.13966361670031335 2.1366749412753145e-05 0.013965305754402357 5.505931373558067e-06 9.87843307823478e-07 3.8946497530067343e-10 0.007758503196890198 3.0588507630878147e-06 0.13190511350342315 2.1584590532558866e-05
59650.4826778691 0.13968030191390454 2.136772204218516e-05 0.01396187222511756 5.506342869736461e-06 9.876004353088442e-07 3.894940827010534e-10 0.007756595680620867 3.0590793720758118e-06 0.13192370623328367 2.1585585743193194e-05
59650.4829986419 0.13967207220297764 2.1366934697351394e-05 0.013983311510931799 5.5061410424313356e-06 9.891169545593758e-07 3.8947980633960374e-10 0.0077685063949621104 3.058967245795186e-06 0.13190356580801554 2.1584790454663362e-05
59650.4833194147 0.1396790492318473 2.1369312222309128e-05 0.01396692428278683 5.507626376080074e-06 9.879577952869995e-07 3.8958487220286484e-10 0.007759402379326016 3.0597924311555967e-06 0.13191964685252128 2.158726093269564e-05
59650.4836401875 0.13968399826985198 2.136814491537345e-05 0.013974525402788245 5.5075494260799164e-06 9.884954645408928e-07 3.8957942910379996e-10 0.007763625223771247 3.059749681155509e-06 0.13192037304608073 2.15860993520305e-05
59650.4839609603 0.13965527272601375 2.1366321272263145e-05 0.013971585210239891 5.505273625778363e-06 9.882874884619096e-07 3.894184491626967e-10 0.007761991783466607 3.058485347654646e-06 0.13189328094254715 2.1584114930461773e-05
59650.4842817331 0.13969074713487367 2.1368028872056756e-05 0.013978487003324273 5.506921050008755e-06 9.887756904554992e-07 3.895349805892017e-10 0.0077658261129579294 3.059400583338197e-06 0.13192492102191575 2.158593499958668e-05
59650.4846025059 0.13964654770636598 2.136532515799386e-05 0.013958816150194741 5.505431913384948e-06 9.873842622286548e-07 3.894296457204826e-10 0.007754897861219299 3.0585732852138604e-06 0.13189164984514667 2.1583141329468914e-05
